374820 1152 8 10 372783 1 372782
173222 1152 8 10 173120 0 173109
254210 1152 8 10 254190 1 254190
227425 1152 8 10 227404 1 227403
174628 1152 8 10 174608 1 174607
212052 1152 8 10 211991 0 211981
147925 1152 8 10 147906 1 147905
150096 1152 8 10 150068 0 150062
138286 1152 8 10 138273 1 138273
253696 1152 8 10 253643 0 253637
157453 1152 8 10 157436 0 157429
199925 1152 8 10 199899 0 199893
182965 1152 8 10 182948 0 182942
151332 1152 8 10 151316 1 151316
138309 1152 8 10 138290 1 138290
190557 1152 8 10 190532 1 190532
262284 1152 8 10 262259 1 262259
273265 1152 8 10 273243 1 273240
184574 1152 8 10 184550 1 184548
178863 1152 8 10 178837 1 178834
187533 1152 8 10 187513 1 187510
168727 1152 8 10 168601 0 168590
179811 1152 8 10 179787 1 179785
159620 1152 8 10 159599 1 159596
167701 1152 8 10 167671 0 167660
216582 1152 8 10 216560 1 216546
216385 1152 8 10 216359 0 216346
243365 1152 8 10 243347 1 243344
170883 1152 8 10 170860 1 170845
131897 1152 8 10 131874 1 131872
257183 1152 8 10 257166 1 257162
184162 1152 8 10 184151 0 184130
160753 1152 8 10 160733 1 160730
174402 1152 8 10 174385 0 174373
146621 1152 8 10 146598 1 146595
176266 1152 8 10 176243 1 176241
264269 1152 8 10 264249 1 264246
232984 1152 8 10 232967 0 232955
193002 1152 8 10 192983 1 192980
238716 1152 8 10 238641 0 238625
386310 1152 8 10 386298 0 386272
346362 1152 8 10 346342 0 346324
216893 1152 8 10 216872 1 216869
158492 1152 8 10 158478 0 158462
225982 1152 8 10 225955 0 225939
264314 1152 8 10 264303 1 264301
165793 1152 8 10 165773 1 165769
188117 1152 8 10 188106 0 188088
197843 1152 8 10 197814 1 197811
173860 1152 8 10 173839 1 173835
234231 1152 8 10 234217 1 234201
201870 1152 8 10 201852 1 201848
239157 1152 8 10 239108 0 239092
209339 1152 8 10 209318 0 209301
199671 1152 8 10 199650 1 199647
253423 1152 8 10 253406 0 253356
144044 1152 8 10 144022 1 144018
185419 1152 8 10 185398 1 185394
151290 1152 8 10 151276 0 151263
171371 1152 8 10 171358 1 171356
271650 1152 8 10 271628 1 271626
188617 1152 8 10 188600 1 188597
167992 1152 8 10 167969 1 167965
235028 1152 8 10 235013 1 235010
153641 1152 8 10 153603 1 153590
200637 1152 8 10 200405 0 200390
261788 1152 8 10 261774 0 261745
216858 1152 8 10 216844 1 216833
342585 1152 8 10 342577 1 342562
268533 1152 8 10 268528 1 268517
168923 1152 8 10 168916 0 168892
270249 1152 8 10 270248 1 270217
226405 1152 8 10 226389 0 226360
217305 1152 8 10 217302 0 217278
196310 1152 8 10 196304 1 196302
194765 1152 8 10 194763 0 194736
264741 1152 8 10 264732 1 264718
171864 1152 8 10 171853 0 171827
328602 1152 8 10 328594 1 328584
222484 1152 8 10 222476 1 222466
259730 1152 8 10 259719 1 259706
193490 1152 8 10 193473 0 193448
223676 1152 8 10 223646 0 223620
222301 1152 8 10 222295 1 222285
202080 1152 8 10 202070 1 202059
213225 1152 8 10 213222 0 213197
185015 1152 8 10 185006 0 184984
195683 1152 8 10 195677 1 195665
206823 1152 8 10 206811 1 206798
184268 1152 8 10 184249 0 184231
167765 1152 8 10 167741 0 167717
201587 1152 8 10 201571 0 201549
215655 1152 8 10 215641 0 215612
215091 1152 8 10 215081 1 215071
178332 1152 8 10 178338 1 178323
210496 1152 8 10 210479 1 210478
199479 1152 8 10 199418 0 199410
154116 1152 8 10 154098 0 154089
205292 1152 8 10 205257 1 205256
170607 1152 8 10 170587 1 170585
193921 1152 8 10 193901 1 193900
307100 1152 8 10 307075 1 307073
189129 1152 8 10 189102 0 189093
180414 1152 8 10 180394 1 180392
241627 1152 8 10 241608 1 241606
185700 1152 8 10 185680 0 185673
182794 1152 8 10 182768 1 182760
155166 1152 8 10 155140 1 155138
262452 1152 8 10 262435 1 262432
202090 1152 8 10 202065 0 202056
172241 1152 8 10 172225 1 172223
188271 1152 8 10 188255 1 188252
186108 1152 8 10 186093 1 186091
233190 1152 8 10 233165 1 233158
246321 1152 8 10 246303 1 246301
186266 1152 8 10 186248 1 186239
289814 1152 8 10 289782 0 289774
188099 1152 8 10 188071 1 188064
223906 1152 8 10 223884 1 223883
185727 1152 8 10 185709 1 185707
194870 1152 8 10 194853 1 194851
232710 1152 8 10 232693 1 232692
134304 1152 8 10 134285 0 134279
207097 1152 8 10 207075 1 207073
262882 1152 8 10 262864 1 262861
268164 1152 8 10 268139 1 268137
352439 1152 8 10 352347 0 352332
320614 1152 8 10 320598 1 320596
237087 1152 8 10 237067 1 237065
184867 1152 8 10 184850 1 184848
205281 1152 8 10 205259 1 205258
187864 1152 8 10 187845 1 187843
227314 1152 8 10 227304 0 227296
172211 1152 8 10 172196 1 172194
289866 1152 8 10 289853 1 289852
195356 1152 8 10 195348 1 195347
221997 1152 8 10 221981 0 221973
256173 1152 8 10 256158 1 256156
290081 1152 8 10 290068 1 290067
353312 1152 8 10 353297 0 353289
178780 1152 8 10 178769 1 178767
134765 1152 8 10 134758 1 134757
255608 1152 8 10 255596 1 255595
170237 1152 8 10 170224 1 170216
149815 1152 8 10 149810 1 149810
191990 1152 8 10 191978 1 191977
210771 1152 8 10 210760 1 210759
359627 1152 8 10 359613 1 359611
189431 1152 8 10 189412 0 189404
252907 1152 8 10 252892 1 252890
282900 1152 8 10 282889 1 282887
159833 1152 8 10 159821 1 159820
200051 1152 8 10 200039 1 200038
181239 1152 8 10 181227 1 181226
166926 1152 8 10 166915 0 166907
275336 1152 8 10 275328 0 275320
165394 1152 8 10 165382 1 165381
166888 1152 8 10 166876 1 166875
201824 1152 8 10 201813 1 201805
174577 1152 8 10 174573 1 174572
195076 1152 8 10 195062 1 195061
176642 1152 8 10 176633 0 176625
302181 1152 8 10 302171 1 302169
229745 1152 8 10 229736 1 229734
168049 1152 8 10 168038 1 168030
167430 1152 8 10 167417 1 167416
151526 1152 8 10 151514 1 151513
180720 1152 8 10 180705 1 180703
194436 1152 8 10 194423 1 194422
332663 1152 8 10 332652 1 332651
167788 1152 8 10 167782 1 167782
265158 1152 8 10 265143 0 265137
183956 1152 8 10 183944 1 183942
329732 1152 8 10 329725 1 329724
191404 1152 8 10 191399 1 191397
199012 1152 8 10 199008 1 199007
308818 1152 8 10 308811 1 308809
180189 1152 8 10 180183 1 180181
187303 1152 8 10 187297 1 187295
172069 1152 8 10 172062 1 172061
315432 1152 8 10 315425 1 315423
212700 1152 8 10 212695 1 212693
209682 1152 8 10 209679 0 209668
181770 1152 8 10 181766 1 181765
227120 1152 8 10 227114 1 227112
162689 1152 8 10 162683 1 162681
250331 1152 8 10 250325 1 250324
173610 1152 8 10 173600 1 173598
289497 1152 8 10 289491 1 289490
172551 1152 8 10 172546 0 172538
251086 1152 8 10 251079 1 251076
179452 1152 8 10 179446 1 179445
143770 1152 8 10 143759 1 143757
153525 1152 8 10 153522 0 153513
227826 1152 8 10 227818 1 227817
264151 1152 8 10 264144 1 264143
155790 1152 8 10 155783 1 155781
219252 1152 8 10 219247 1 219246
430330 1152 8 10 430325 1 430323
274818 1152 8 10 274809 1 274807
168658 1152 8 10 168651 1 168648
240797 1152 8 10 240791 1 240790
191567 1152 8 10 191560 1 191558
274781 1152 8 10 274773 1 274772
221973 1152 8 10 221966 1 221964
174634 1152 8 10 174632 1 174623
273780 1152 8 10 273773 0 273761
260554 1152 8 10 260545 0 260529
183640 1152 8 10 183636 0 183627
172958 1152 8 10 172953 0 172945
201297 1152 8 10 201291 1 201289
