178899 1152 8 10 178807 0 178801
167882 1152 8 10 167831 0 167826
151784 1152 8 10 151764 1 151764
196966 1152 8 10 196903 0 196897
140351 1152 8 10 140298 0 140293
180683 1152 8 10 180666 0 180660
244835 1152 8 10 244819 1 244818
147482 1152 8 10 147464 0 147458
162044 1152 8 10 162023 0 162017
242521 1152 8 10 242477 0 242471
157133 1152 8 10 157110 1 157109
171443 1152 8 10 171419 1 171418
292814 1152 8 10 292697 1 292696
160523 1152 8 10 160500 1 160498
181461 1152 8 10 181440 1 181437
148369 1152 8 10 148346 1 148344
196107 1152 8 10 196079 0 196067
164277 1152 8 10 164256 1 164253
175425 1152 8 10 175404 1 175401
133923 1152 8 10 133903 1 133900
201873 1152 8 10 201853 1 201850
182596 1152 8 10 182572 0 182561
164451 1152 8 10 164431 1 164428
215372 1152 8 10 215350 1 215347
158549 1152 8 10 158529 1 158526
188772 1152 8 10 188753 1 188750
157742 1152 8 10 157719 1 157716
228465 1152 8 10 228434 0 228420
286100 1152 8 10 286074 0 286061
218705 1152 8 10 218681 1 218676
202156 1152 8 10 202139 0 202127
208747 1152 8 10 208723 0 208709
205934 1152 8 10 205908 1 205904
200673 1152 8 10 200630 0 200599
206119 1152 8 10 206097 1 206093
220663 1152 8 10 220643 1 220639
166703 1152 8 10 166684 1 166681
186065 1152 8 10 186045 1 186041
184144 1152 8 10 184125 1 184121
160879 1152 8 10 160858 1 160854
197468 1152 8 10 197431 0 197415
236157 1152 8 10 236133 0 236118
194512 1152 8 10 194487 0 194471
171266 1152 8 10 171249 1 171245
243499 1152 8 10 243470 1 243466
166544 1152 8 10 166524 1 166519
145811 1152 8 10 145789 0 145773
248099 1152 8 10 248071 1 248067
241843 1152 8 10 241821 1 241817
263242 1152 8 10 263274 0 263206
197302 1152 8 10 197276 1 197272
191497 1152 8 10 191475 1 191471
150878 1152 8 10 150859 1 150855
428006 1152 8 10 427982 1 427978
203643 1152 8 10 203608 0 203589
205121 1152 8 10 205103 1 205100
194783 1152 8 10 194770 0 194752
197233 1152 8 10 197224 1 197212
204754 1152 8 10 204749 0 204724
184363 1152 8 10 184352 1 184342
164302 1152 8 10 164293 0 164268
185691 1152 8 10 185677 1 185668
285288 1152 8 10 285280 1 285267
241459 1152 8 10 241450 1 241441
246928 1152 8 10 246922 1 246920
169852 1152 8 10 169843 1 169834
279873 1152 8 10 279865 1 279858
165889 1152 8 10 165884 0 165861
196690 1152 8 10 196682 1 196672
184925 1152 8 10 184917 1 184907
238222 1152 8 10 238209 1 238198
236299 1152 8 10 236291 0 236286
204576 1152 8 10 204564 0 204557
177597 1152 8 10 177588 1 177577
187749 1152 8 10 187737 1 187724
277370 1152 8 10 277361 1 277353
267502 1152 8 10 267490 1 267479
148116 1152 8 10 148109 0 148081
183678 1152 8 10 183670 1 183657
226755 1152 8 10 226741 1 226730
167762 1152 8 10 167750 1 167739
154940 1152 8 10 154935 0 154913
150814 1152 8 10 150805 1 150796
180616 1152 8 10 180605 1 180596
291246 1152 8 10 291234 0 291209
239933 1152 8 10 239929 0 239904
253584 1152 8 10 253577 1 253566
274336 1152 8 10 274327 1 274317
164949 1152 8 10 164941 1 164931
251338 1152 8 10 251318 1 251316
207896 1152 8 10 207877 1 207875
240366 1152 8 10 240335 0 240327
187068 1152 8 10 187036 0 187027
189247 1152 8 10 189222 1 189214
368887 1152 8 10 368872 1 368870
222151 1152 8 10 222135 0 222128
183597 1152 8 10 183576 1 183574
282367 1152 8 10 282358 1 282358
181862 1152 8 10 181843 1 181834
177220 1152 8 10 177202 1 177200
181692 1152 8 10 181675 1 181674
182038 1152 8 10 182003 0 181996
201295 1152 8 10 201277 0 201266
177783 1152 8 10 177761 0 177754
261503 1152 8 10 261472 0 261466
165128 1152 8 10 165110 1 165108
185073 1152 8 10 185045 0 185037
228545 1152 8 10 228524 1 228522
230198 1152 8 10 230176 1 230174
192087 1152 8 10 192071 1 192069
187062 1152 8 10 187043 1 187041
262392 1152 8 10 262323 0 262315
310346 1152 8 10 310324 1 310323
295623 1152 8 10 295593 1 295592
182888 1152 8 10 182871 0 182859
228385 1152 8 10 228364 1 228362
355128 1152 8 10 355105 1 355102
199254 1152 8 10 199004 1 199002
201005 1152 8 10 200990 0 200983
198638 1152 8 10 198626 1 198625
159937 1152 8 10 159924 1 159923
182571 1152 8 10 182561 1 182558
162619 1152 8 10 162608 1 162606
265178 1152 8 10 265167 1 265165
154269 1152 8 10 154249 1 154247
339830 1152 8 10 339820 1 339818
289461 1152 8 10 289421 0 289412
200562 1152 8 10 200553 1 200552
183621 1152 8 10 183608 1 183606
184756 1152 8 10 184729 0 184718
170688 1152 8 10 170671 0 170663
273294 1152 8 10 273282 1 273277
341900 1152 8 10 341872 1 341864
174934 1152 8 10 174930 0 174924
228457 1152 8 10 228439 0 228432
229209 1152 8 10 229193 0 229183
211864 1152 8 10 211847 1 211845
174255 1152 8 10 174243 1 174242
172353 1152 8 10 172343 1 172339
276527 1152 8 10 276516 0 276509
267300 1152 8 10 267287 1 267285
259093 1152 8 10 259088 0 259082
188630 1152 8 10 188619 0 188611
196662 1152 8 10 196643 0 196634
160525 1152 8 10 160515 1 160505
180108 1152 8 10 180094 1 180092
190638 1152 8 10 190623 1 190615
263874 1152 8 10 263860 1 263858
173156 1152 8 10 173144 1 173143
187268 1152 8 10 187257 1 187256
169867 1152 8 10 169854 1 169852
181986 1152 8 10 181978 0 181972
201110 1152 8 10 201097 1 201096
258478 1152 8 10 258466 0 258459
154468 1152 8 10 154456 1 154454
148567 1152 8 10 148556 1 148555
174374 1152 8 10 174362 1 174360
155223 1152 8 10 155211 1 155209
221754 1152 8 10 221741 1 221739
320610 1152 8 10 320605 1 320605
184887 1152 8 10 184878 1 184877
204350 1152 8 10 204339 1 204337
182408 1152 8 10 182390 1 182387
178904 1152 8 10 178892 1 178890
158738 1152 8 10 158726 1 158725
201490 1152 8 10 201475 0 201467
233122 1152 8 10 233111 1 233109
205784 1152 8 10 205768 0 205761
187440 1152 8 10 187430 1 187428
180105 1152 8 10 180097 1 180096
193427 1152 8 10 193420 1 193418
203168 1152 8 10 203167 0 203157
273326 1152 8 10 273325 1 273317
192819 1152 8 10 192817 0 192809
222379 1152 8 10 222373 1 222371
178234 1152 8 10 178230 0 178221
198668 1152 8 10 198662 1 198661
197654 1152 8 10 197648 1 197646
325755 1152 8 10 325752 1 325745
194089 1152 8 10 194081 1 194079
172589 1152 8 10 172581 1 172580
198270 1152 8 10 198265 1 198264
234726 1152 8 10 234720 1 234719
189455 1152 8 10 189450 1 189448
208126 1152 8 10 208121 1 208120
187658 1152 8 10 187652 0 187644
158337 1152 8 10 158337 1 158327
229739 1152 8 10 229735 1 229727
236191 1152 8 10 236185 0 236177
284904 1152 8 10 284898 1 284896
476054 1152 8 10 476049 0 476041
195442 1152 8 10 195433 1 195431
195511 1152 8 10 195511 0 195502
206920 1152 8 10 206914 1 206913
170220 1152 8 10 170218 1 170208
327478 1152 8 10 327472 1 327470
261618 1152 8 10 261616 0 261607
182864 1152 8 10 182859 1 182857
174406 1152 8 10 174401 0 174392
190664 1152 8 10 190657 1 190656
242109 1152 8 10 242101 1 242100
275951 1152 8 10 275945 1 275944
229290 1152 8 10 229287 1 229286
238466 1152 8 10 238461 1 238460
191663 1152 8 10 191657 1 191656
