182068 1152 8 10 182032 1 182032
156226 1152 8 10 156208 1 156208
189523 1152 8 10 189503 1 189503
162358 1152 8 10 162343 1 162342
161889 1152 8 10 161870 1 161870
179211 1152 8 10 179162 0 179155
176772 1152 8 10 176745 1 176745
279374 1152 8 10 279355 1 279353
223381 1152 8 10 223360 1 223358
244907 1152 8 10 244883 1 244881
207461 1152 8 10 207439 1 207437
150101 1152 8 10 150015 0 150004
171791 1152 8 10 171769 1 171766
157920 1152 8 10 157899 0 157893
200814 1152 8 10 200795 1 200792
247644 1152 8 10 247627 0 247618
208960 1152 8 10 208938 1 208935
166232 1152 8 10 166202 1 166199
223018 1152 8 10 223001 1 222997
278949 1152 8 10 278931 1 278930
192272 1152 8 10 192252 1 192248
170401 1152 8 10 170379 1 170376
184758 1152 8 10 184739 1 184736
208627 1152 8 10 208614 0 208602
218940 1152 8 10 218924 1 218921
175468 1152 8 10 175437 0 175417
300837 1152 8 10 300812 1 300808
207096 1152 8 10 207070 1 207053
163717 1152 8 10 163697 1 163694
236842 1152 8 10 236824 1 236818
209847 1152 8 10 209826 1 209823
184342 1152 8 10 184323 1 184318
281065 1152 8 10 281042 1 281037
183023 1152 8 10 182984 0 182963
247874 1152 8 10 247853 0 247838
281320 1152 8 10 281297 1 281291
270597 1152 8 10 270571 1 270566
173755 1152 8 10 173744 0 173727
213978 1152 8 10 213961 1 213956
362429 1152 8 10 362409 1 362405
179893 1152 8 10 179873 1 179870
215861 1152 8 10 215842 1 215828
297777 1152 8 10 297753 1 297749
180651 1152 8 10 180630 1 180625
236117 1152 8 10 236100 1 236094
199810 1152 8 10 199786 1 199782
188060 1152 8 10 188039 0 188026
182593 1152 8 10 182574 1 182570
218545 1152 8 10 218525 0 218510
173294 1152 8 10 173276 0 173268
331417 1152 8 10 331393 0 331366
207837 1152 8 10 207769 0 207752
353139 1152 8 10 353116 0 353086
211890 1152 8 10 211878 0 211852
167548 1152 8 10 167477 0 167451
165425 1152 8 10 165407 0 165384
300677 1152 8 10 300663 1 300653
203813 1152 8 10 203803 1 203791
189246 1152 8 10 189236 0 189222
221701 1152 8 10 221692 1 221681
190880 1152 8 10 190863 1 190839
219276 1152 8 10 219262 1 219250
190867 1152 8 10 190857 1 190844
229234 1152 8 10 229224 1 229221
164303 1152 8 10 164293 1 164278
336284 1152 8 10 336273 1 336261
164945 1152 8 10 164945 0 164921
371287 1152 8 10 371280 1 371269
374199 1152 8 10 374189 1 374180
201995 1152 8 10 201980 1 201974
141667 1152 8 10 141645 1 141634
187322 1152 8 10 187313 1 187303
202807 1152 8 10 202788 0 202761
175803 1152 8 10 175797 0 175774
157369 1152 8 10 157368 0 157353
338470 1152 8 10 338462 1 338450
195869 1152 8 10 195862 1 195848
257524 1152 8 10 257517 1 257506
183471 1152 8 10 183496 0 183434
186016 1152 8 10 185999 1 185996
215212 1152 8 10 215182 0 215174
217108 1152 8 10 217091 1 217089
195032 1152 8 10 195006 0 194997
284085 1152 8 10 284063 1 284061
223343 1152 8 10 223322 1 223321
228408 1152 8 10 228399 1 228399
193735 1152 8 10 193718 1 193715
225405 1152 8 10 225387 1 225385
211812 1152 8 10 211789 1 211788
322296 1152 8 10 322281 1 322281
245123 1152 8 10 245088 0 245081
292991 1152 8 10 292968 0 292961
176032 1152 8 10 176013 1 176011
212739 1152 8 10 212692 0 212684
243132 1152 8 10 243112 0 243106
181216 1152 8 10 181199 1 181196
176171 1152 8 10 176150 1 176148
183789 1152 8 10 183771 1 183769
230266 1152 8 10 230246 1 230244
160460 1152 8 10 160442 1 160441
228355 1152 8 10 228335 1 228333
204080 1152 8 10 204060 0 204052
221008 1152 8 10 220971 0 220956
258410 1152 8 10 258377 1 258375
206831 1152 8 10 206798 0 206789
183676 1152 8 10 183657 1 183648
178875 1152 8 10 178856 1 178854
273654 1152 8 10 273631 1 273628
307332 1152 8 10 307314 1 307312
180085 1152 8 10 180069 1 180067
196185 1152 8 10 196139 0 196131
235734 1152 8 10 235701 0 235693
191693 1152 8 10 191656 0 191648
179181 1152 8 10 179201 0 179161
179736 1152 8 10 179724 1 179722
211718 1152 8 10 211712 1 211712
173762 1152 8 10 173750 0 173743
168533 1152 8 10 168524 0 168517
180742 1152 8 10 180733 0 180725
273671 1152 8 10 273660 1 273659
233317 1152 8 10 233306 1 233304
275134 1152 8 10 275101 0 275091
236652 1152 8 10 236633 0 236625
211003 1152 8 10 210989 1 210987
189297 1152 8 10 189281 0 189273
249299 1152 8 10 249285 0 249277
262306 1152 8 10 262295 0 262289
186500 1152 8 10 186490 1 186489
211181 1152 8 10 211170 1 211168
271996 1152 8 10 271984 0 271976
269702 1152 8 10 269689 1 269687
178244 1152 8 10 178231 0 178224
361844 1152 8 10 361827 0 361820
164326 1152 8 10 164313 1 164311
240622 1152 8 10 240602 1 240596
228434 1152 8 10 228419 1 228417
183564 1152 8 10 183554 1 183553
171757 1152 8 10 171740 0 171732
197315 1152 8 10 197306 1 197304
312889 1152 8 10 312878 1 312876
185191 1152 8 10 185181 1 185179
171141 1152 8 10 171126 1 171120
227045 1152 8 10 227014 0 227007
179700 1152 8 10 179691 1 179690
290386 1152 8 10 290372 0 290366
203840 1152 8 10 203825 1 203824
215089 1152 8 10 215074 0 215066
185569 1152 8 10 185550 0 185541
231989 1152 8 10 231974 0 231967
176189 1152 8 10 176168 0 176158
292064 1152 8 10 292052 1 292044
232178 1152 8 10 232166 1 232165
147502 1152 8 10 147490 1 147488
185912 1152 8 10 185906 1 185905
276245 1152 8 10 276232 1 276230
166811 1152 8 10 166799 0 166790
191522 1152 8 10 191510 0 191503
293254 1152 8 10 293243 0 293234
284974 1152 8 10 284962 0 284955
214387 1152 8 10 214348 1 214346
255888 1152 8 10 255880 1 255877
326750 1152 8 10 326744 1 326743
220025 1152 8 10 220018 1 220017
323536 1152 8 10 323529 1 323527
203317 1152 8 10 203313 0 203305
266273 1152 8 10 266265 1 266264
161554 1152 8 10 161547 1 161545
366763 1152 8 10 366757 1 366754
204020 1152 8 10 204013 1 204012
156398 1152 8 10 156392 1 156390
179889 1152 8 10 179884 0 179877
190565 1152 8 10 190560 0 190552
170083 1152 8 10 170077 1 170075
192270 1152 8 10 192265 1 192264
176129 1152 8 10 176120 1 176118
272991 1152 8 10 272990 0 272980
192746 1152 8 10 192736 0 192728
247378 1152 8 10 247376 0 247368
178141 1152 8 10 178136 1 178134
195281 1152 8 10 195277 0 195268
210293 1152 8 10 210286 1 210283
258712 1152 8 10 258702 1 258701
231003 1152 8 10 230997 1 230996
271098 1152 8 10 271086 1 271084
174285 1152 8 10 174283 0 174275
204716 1152 8 10 204711 1 204709
239882 1152 8 10 239874 1 239872
209252 1152 8 10 209243 1 209240
326734 1152 8 10 326730 0 326722
271192 1152 8 10 271187 1 271185
149398 1152 8 10 149394 1 149392
229664 1152 8 10 229662 0 229654
168778 1152 8 10 168774 0 168768
154616 1152 8 10 154611 1 154610
177389 1152 8 10 177385 1 177384
267642 1152 8 10 267639 0 267633
125982 1152 8 10 125981 1 125973
136157 1152 8 10 136153 0 136146
145545 1152 8 10 145540 1 145538
159701 1152 8 10 159696 1 159695
175686 1152 8 10 175681 1 175680
229049 1152 8 10 229046 1 229045
161714 1152 8 10 161709 0 161704
220099 1152 8 10 220095 1 220095
