168015 1152 8 10 167970 1 167969
177148 1152 8 10 177123 1 177120
209157 1152 8 10 209134 0 209124
133426 1152 8 10 133407 1 133405
191936 1152 8 10 191913 1 191910
165194 1152 8 10 165175 0 165162
203425 1152 8 10 203407 0 203393
180916 1152 8 10 180894 1 180891
168488 1152 8 10 168462 0 168449
173796 1152 8 10 173763 0 173751
257700 1152 8 10 257691 1 257690
166747 1152 8 10 166738 1 166736
187678 1152 8 10 187650 1 187647
280874 1152 8 10 280855 1 280853
205395 1152 8 10 205365 1 205362
218203 1152 8 10 218184 1 218181
188128 1152 8 10 188108 1 188104
204836 1152 8 10 204807 0 204791
188573 1152 8 10 188548 1 188540
186337 1152 8 10 186312 1 186308
223277 1152 8 10 223259 0 223244
228459 1152 8 10 228439 1 228436
224956 1152 8 10 224929 1 224924
264728 1152 8 10 264702 0 264682
273768 1152 8 10 273745 1 273742
229418 1152 8 10 229396 1 229393
234908 1152 8 10 234890 1 234886
187035 1152 8 10 187015 1 187011
149001 1152 8 10 148971 1 148967
223332 1152 8 10 223310 1 223305
166582 1152 8 10 166563 1 166558
156297 1152 8 10 156276 1 156272
184624 1152 8 10 184611 0 184601
226951 1152 8 10 226928 1 226923
284836 1152 8 10 284817 1 284813
208657 1152 8 10 208637 1 208632
208121 1152 8 10 208099 1 208095
244677 1152 8 10 244646 0 244632
349434 1152 8 10 349420 1 349418
327952 1152 8 10 327907 0 327888
215941 1152 8 10 215923 1 215920
194768 1152 8 10 194746 1 194743
163040 1152 8 10 163019 0 162996
224162 1152 8 10 224151 1 224141
174297 1152 8 10 174280 0 174257
209883 1152 8 10 209872 1 209860
207229 1152 8 10 207155 0 207131
191606 1152 8 10 191597 1 191586
165190 1152 8 10 165177 1 165165
182860 1152 8 10 182849 1 182838
175243 1152 8 10 175235 1 175224
151816 1152 8 10 151805 1 151794
162902 1152 8 10 162890 1 162880
199053 1152 8 10 199042 1 199032
225785 1152 8 10 225776 1 225766
287100 1152 8 10 287081 0 287050
180684 1152 8 10 180680 0 180655
175533 1152 8 10 175520 1 175511
186634 1152 8 10 186628 0 186604
317930 1152 8 10 317921 1 317912
195883 1152 8 10 195873 1 195863
177913 1152 8 10 177899 1 177889
215293 1152 8 10 215286 1 215281
204633 1152 8 10 204620 0 204594
191054 1152 8 10 191045 1 191035
226772 1152 8 10 226750 0 226727
250060 1152 8 10 250053 1 250037
179407 1152 8 10 179399 1 179389
143354 1152 8 10 143344 1 143334
169985 1152 8 10 169971 1 169961
187189 1152 8 10 187193 0 187165
204295 1152 8 10 204283 1 204273
187793 1152 8 10 187784 1 187773
186133 1152 8 10 186126 1 186116
228306 1152 8 10 228298 1 228290
203048 1152 8 10 203034 1 203028
172137 1152 8 10 172125 1 172122
267240 1152 8 10 267264 0 267206
150847 1152 8 10 150832 1 150830
275521 1152 8 10 275507 1 275506
206767 1152 8 10 206748 1 206746
161264 1152 8 10 161245 1 161243
208087 1152 8 10 208071 1 208069
228554 1152 8 10 228527 1 228525
319785 1152 8 10 319764 1 319762
142116 1152 8 10 142083 1 142079
262051 1152 8 10 262032 1 262030
250188 1152 8 10 250169 1 250168
257404 1152 8 10 257386 0 257381
145418 1152 8 10 145399 1 145392
158705 1152 8 10 158695 0 158687
145712 1152 8 10 145694 1 145692
218716 1152 8 10 218700 1 218698
167255 1152 8 10 167237 1 167235
193109 1152 8 10 193093 1 193091
267693 1152 8 10 267667 0 267660
177014 1152 8 10 176991 0 176984
176153 1152 8 10 176132 1 176130
166160 1152 8 10 166137 1 166128
196711 1152 8 10 196677 0 196670
257111 1152 8 10 257082 1 257079
391628 1152 8 10 391617 0 391608
267385 1152 8 10 267359 0 267352
190968 1152 8 10 190946 1 190945
215806 1152 8 10 215778 1 215776
185511 1152 8 10 185487 0 185478
195363 1152 8 10 195346 1 195344
188546 1152 8 10 188533 0 188527
228417 1152 8 10 228401 1 228399
276852 1152 8 10 276833 1 276831
187789 1152 8 10 187724 0 187711
185608 1152 8 10 185587 0 185579
229730 1152 8 10 229725 1 229724
264359 1152 8 10 264349 1 264348
206284 1152 8 10 206273 1 206271
305946 1152 8 10 305915 0 305906
181819 1152 8 10 181804 0 181797
184918 1152 8 10 184907 1 184905
228285 1152 8 10 228275 0 228267
168656 1152 8 10 168641 0 168634
171804 1152 8 10 171789 0 171782
203770 1152 8 10 203759 1 203757
178041 1152 8 10 178024 0 178017
152074 1152 8 10 152061 1 152059
347716 1152 8 10 347704 1 347703
226309 1152 8 10 226298 1 226297
220282 1152 8 10 220267 1 220266
190257 1152 8 10 190244 0 190237
145041 1152 8 10 145036 1 145035
143032 1152 8 10 143012 0 143005
272658 1152 8 10 272642 0 272629
167322 1152 8 10 167311 1 167309
209966 1152 8 10 209958 1 209957
336909 1152 8 10 336895 0 336888
159309 1152 8 10 159297 0 159290
250969 1152 8 10 250958 1 250956
152353 1152 8 10 152342 1 152340
228120 1152 8 10 228110 1 228108
251193 1152 8 10 251184 1 251182
200224 1152 8 10 200213 1 200212
169822 1152 8 10 169808 0 169800
304302 1152 8 10 304286 0 304278
203965 1152 8 10 203955 0 203948
323909 1152 8 10 323896 0 323887
160132 1152 8 10 160120 1 160119
204419 1152 8 10 204409 1 204408
262483 1152 8 10 262468 1 262466
169893 1152 8 10 169882 1 169881
257152 1152 8 10 257140 1 257138
187819 1152 8 10 187807 1 187805
305669 1152 8 10 305658 1 305656
177024 1152 8 10 177013 1 177010
182565 1152 8 10 182545 0 182537
203580 1152 8 10 203563 0 203556
330465 1152 8 10 330455 1 330453
183869 1152 8 10 183776 0 183768
153027 1152 8 10 153020 1 153020
170259 1152 8 10 170246 1 170245
216588 1152 8 10 216555 1 216554
223480 1152 8 10 223474 1 223471
200698 1152 8 10 200649 0 200641
180608 1152 8 10 180605 0 180595
198852 1152 8 10 198846 1 198844
189546 1152 8 10 189503 0 189494
182558 1152 8 10 182552 1 182550
163787 1152 8 10 163782 1 163780
211036 1152 8 10 211034 0 211025
184943 1152 8 10 184936 1 184935
194160 1152 8 10 194152 1 194150
295684 1152 8 10 295678 1 295677
148087 1152 8 10 148081 1 148079
202601 1152 8 10 202594 1 202593
183397 1152 8 10 183390 1 183389
265082 1152 8 10 265080 0 265072
247662 1152 8 10 247656 1 247654
191915 1152 8 10 191909 1 191907
179126 1152 8 10 179120 1 179118
205842 1152 8 10 205838 0 205828
183949 1152 8 10 183942 1 183940
162669 1152 8 10 162663 1 162661
212822 1152 8 10 212819 1 212818
171317 1152 8 10 171315 0 171306
266644 1152 8 10 266642 0 266634
174413 1152 8 10 174404 1 174402
218522 1152 8 10 218516 1 218514
160961 1152 8 10 160955 1 160953
379949 1152 8 10 379942 1 379941
187052 1152 8 10 187047 1 187045
224866 1152 8 10 224861 1 224860
282810 1152 8 10 282803 1 282801
332593 1152 8 10 332587 1 332586
251077 1152 8 10 251076 0 251070
269158 1152 8 10 269152 1 269150
173890 1152 8 10 173883 1 173881
251344 1152 8 10 251338 1 251337
180043 1152 8 10 180038 0 180033
223528 1152 8 10 223524 0 223514
189920 1152 8 10 189914 1 189912
211265 1152 8 10 211263 0 211253
267625 1152 8 10 267621 1 267619
169433 1152 8 10 169429 1 169427
159619 1152 8 10 159614 1 159613
207695 1152 8 10 207690 1 207689
168379 1152 8 10 168375 0 168371
160423 1152 8 10 160416 1 160414
173461 1152 8 10 173456 1 173455
152685 1152 8 10 152681 1 152680
211843 1152 8 10 211839 1 211837
155882 1152 8 10 155880 0 155875
