292709 2304 8 100 290701 1 290700
269551 2304 8 100 269526 1 269525
256715 2304 8 100 256628 1 256617
154443 2304 8 100 154411 1 154411
154129 2304 8 100 154080 0 154074
184485 2304 8 100 184345 0 184339
172624 2304 8 100 172607 1 172606
162793 2304 8 100 162772 1 162771
194890 2304 8 100 194797 1 194796
160847 2304 8 100 160786 1 160786
201951 2304 8 100 201923 0 201918
325741 2304 8 100 325681 0 325674
305981 2304 8 100 305961 1 305961
165802 2304 8 100 165778 1 165778
216164 2304 8 100 216133 1 216132
180902 2304 8 100 180874 1 180874
164979 2304 8 100 164948 1 164947
149424 2304 8 100 149396 1 149396
200987 2304 8 100 200965 1 200962
293070 2304 8 100 293044 0 293032
174946 2304 8 100 174924 0 174912
205782 2304 8 100 205761 1 205757
188799 2304 8 100 188779 1 188775
173137 2304 8 100 173116 1 173112
265914 2304 8 100 265890 1 265886
215340 2304 8 100 215320 1 215317
190439 2304 8 100 190419 1 190415
198392 2304 8 100 198355 0 198341
235505 2304 8 100 235475 1 235460
177207 2304 8 100 177186 1 177183
262063 2304 8 100 262043 1 262040
177384 2304 8 100 177361 1 177357
198494 2304 8 100 198472 1 198469
181803 2304 8 100 181783 1 181780
171771 2304 8 100 171751 1 171748
181952 2304 8 100 181923 0 181908
295839 2304 8 100 295819 1 295814
390117 2304 8 100 390092 1 390088
220533 2304 8 100 220497 1 220491
176651 2304 8 100 176631 0 176616
203010 2304 8 100 202962 0 202944
206413 2304 8 100 206382 0 206365
209027 2304 8 100 209008 0 208993
200299 2304 8 100 200287 1 200284
294652 2304 8 100 294627 1 294623
262308 2304 8 100 262290 1 262286
224432 2304 8 100 224412 1 224409
188699 2304 8 100 188679 0 188664
200619 2304 8 100 200599 1 200594
196911 2304 8 100 196892 1 196887
202248 2304 8 100 202228 1 202223
294542 2304 8 100 294521 1 294517
192239 2304 8 100 192212 1 192208
216767 2304 8 100 216727 0 216708
269109 2304 8 100 269087 0 269070
295537 2304 8 100 295509 0 295497
264148 2304 8 100 264115 0 264098
196297 2304 8 100 196261 1 196235
251872 2304 8 100 251854 1 251850
218276 2304 8 100 218256 1 218253
201784 2304 8 100 201773 1 201762
238014 2304 8 100 238003 1 237993
188137 2304 8 100 188097 0 188062
305922 2304 8 100 305912 1 305902
357735 2304 8 100 357722 1 357710
203029 2304 8 100 203025 0 203002
190175 2304 8 100 190156 0 190134
183017 2304 8 100 183010 1 183009
560597 2304 8 100 560588 1 560584
204779 2304 8 100 204767 1 204763
186409 2304 8 100 186403 1 186401
264458 2304 8 100 264448 1 264436
212963 2304 8 100 212954 1 212942
335969 2304 8 100 335960 1 335948
213087 2304 8 100 213079 1 213065
254404 2304 8 100 254399 0 254375
196460 2304 8 100 196448 0 196422
202940 2304 8 100 202923 0 202896
203133 2304 8 100 203140 1 203102
221528 2304 8 100 221502 1 221492
186708 2304 8 100 186698 1 186688
218758 2304 8 100 218748 1 218732
202125 2304 8 100 202114 1 202101
243837 2304 8 100 243831 0 243808
207545 2304 8 100 207537 1 207526
245839 2304 8 100 245824 0 245791
198923 2304 8 100 198921 0 198894
312174 2304 8 100 312167 1 312140
200894 2304 8 100 200876 0 200849
165432 2304 8 100 165422 1 165412
218820 2304 8 100 218790 0 218761
243084 2304 8 100 243075 1 243063
169269 2304 8 100 169281 0 169244
261594 2304 8 100 261575 1 261574
252042 2304 8 100 252022 0 252013
171740 2304 8 100 171718 1 171706
224790 2304 8 100 224704 0 224698
192954 2304 8 100 192924 1 192915
253198 2304 8 100 253167 0 253158
172756 2304 8 100 172741 1 172740
275155 2304 8 100 275135 0 275126
353757 2304 8 100 353735 1 353734
174040 2304 8 100 174012 0 174005
307428 2304 8 100 307410 1 307409
271129 2304 8 100 271109 1 271109
243652 2304 8 100 243635 1 243633
212763 2304 8 100 212737 0 212728
202623 2304 8 100 202604 1 202603
216298 2304 8 100 216264 1 216264
170056 2304 8 100 170037 1 170036
195339 2304 8 100 195317 1 195316
203920 2304 8 100 203901 1 203900
165872 2304 8 100 165846 0 165839
279467 2304 8 100 279449 1 279447
273139 2304 8 100 273124 1 273123
183738 2304 8 100 183720 1 183719
331460 2304 8 100 331444 0 331437
172988 2304 8 100 172967 1 172966
198264 2304 8 100 198234 0 198226
170891 2304 8 100 170871 1 170869
311446 2304 8 100 311415 0 311406
180303 2304 8 100 180282 1 180282
293590 2304 8 100 293563 0 293554
272838 2304 8 100 272809 0 272801
350266 2304 8 100 350248 1 350246
168446 2304 8 100 168400 0 168389
199480 2304 8 100 199461 0 199454
174925 2304 8 100 174904 1 174903
160983 2304 8 100 160952 0 160943
209203 2304 8 100 209188 1 209187
173510 2304 8 100 173489 0 173483
214894 2304 8 100 214875 0 214867
238967 2304 8 100 238948 1 238946
239789 2304 8 100 239771 1 239769
178441 2304 8 100 178407 0 178397
206983 2304 8 100 206965 1 206964
253423 2304 8 100 253402 1 253393
221834 2304 8 100 221813 1 221812
185765 2304 8 100 185746 1 185745
253265 2304 8 100 253218 1 253216
181933 2304 8 100 181966 0 181918
231464 2304 8 100 231451 1 231449
314611 2304 8 100 314596 0 314589
187911 2304 8 100 187901 1 187892
354379 2304 8 100 354363 1 354359
171218 2304 8 100 171207 1 171205
193230 2304 8 100 193213 1 193212
225895 2304 8 100 225881 1 225880
267201 2304 8 100 267190 1 267189
184751 2304 8 100 184735 1 184734
174005 2304 8 100 173994 1 173991
308747 2304 8 100 308736 1 308735
234328 2304 8 100 234314 1 234313
193039 2304 8 100 193027 0 193019
338041 2304 8 100 338029 1 338027
178360 2304 8 100 178342 0 178334
183505 2304 8 100 183491 1 183490
164651 2304 8 100 164639 0 164632
199655 2304 8 100 199640 1 199639
229428 2304 8 100 229407 0 229399
208489 2304 8 100 208473 0 208465
227868 2304 8 100 227853 1 227851
171974 2304 8 100 171963 1 171962
193437 2304 8 100 193423 1 193422
205329 2304 8 100 205311 1 205310
174639 2304 8 100 174627 1 174624
163602 2304 8 100 163590 1 163588
193433 2304 8 100 193418 1 193417
281763 2304 8 100 281747 0 281738
309979 2304 8 100 309967 1 309966
215016 2304 8 100 215007 1 215006
181799 2304 8 100 181786 1 181785
223059 2304 8 100 223053 1 223052
241766 2304 8 100 241754 1 241752
271236 2304 8 100 271218 1 271217
179330 2304 8 100 179320 1 179318
169774 2304 8 100 169761 1 169759
209544 2304 8 100 209530 0 209523
274009 2304 8 100 273993 1 273991
174837 2304 8 100 174829 1 174828
183645 2304 8 100 183633 1 183631
227281 2304 8 100 227269 1 227267
319976 2304 8 100 319963 0 319955
239842 2304 8 100 239824 1 239823
176911 2304 8 100 176902 1 176900
276063 2304 8 100 276050 0 276042
165948 2304 8 100 165938 0 165928
222360 2304 8 100 222347 1 222345
178266 2304 8 100 178260 1 178259
229439 2304 8 100 229424 1 229422
206807 2304 8 100 206791 1 206790
260189 2304 8 100 260176 1 260175
199523 2304 8 100 199514 0 199506
218132 2304 8 100 218119 1 218117
179067 2304 8 100 179053 0 179046
172825 2304 8 100 172814 0 172804
194344 2304 8 100 194331 1 194330
165949 2304 8 100 165939 1 165937
171158 2304 8 100 171151 0 171142
158612 2304 8 100 158595 0 158587
174902 2304 8 100 174889 1 174888
321225 2304 8 100 321211 1 321210
252558 2304 8 100 252533 1 252522
250623 2304 8 100 250611 1 250610
235273 2304 8 100 235258 0 235251
179637 2304 8 100 179623 1 179622
191735 2304 8 100 191731 1 191730
287695 2304 8 100 287680 1 287679
220262 2304 8 100 220247 0 220237
274158 2304 8 100 274148 0 274140
191218 2304 8 100 191207 1 191205
180521 2304 8 100 180509 1 180507
335133 2304 8 100 335121 1 335120
