255054 2304 8 100 255030 1 255029
244470 2304 8 100 244435 1 244434
153790 2304 8 100 153742 0 153736
257610 2304 8 100 257568 0 257561
164199 2304 8 100 164171 1 164171
247277 2304 8 100 247256 1 247255
192416 2304 8 100 192372 1 192372
150614 2304 8 100 150596 1 150596
176213 2304 8 100 176186 1 176186
146349 2304 8 100 146320 1 146320
283542 2304 8 100 283496 0 283489
254156 2304 8 100 254039 1 254037
254922 2304 8 100 254897 1 254895
191279 2304 8 100 191259 1 191256
164563 2304 8 100 164535 0 164522
178303 2304 8 100 178247 0 178233
214625 2304 8 100 214575 1 214571
317563 2304 8 100 317547 1 317545
215020 2304 8 100 214998 1 214995
202851 2304 8 100 202824 0 202811
319511 2304 8 100 319483 0 319470
203044 2304 8 100 202955 0 202940
189644 2304 8 100 189620 0 189607
223975 2304 8 100 223949 1 223946
174104 2304 8 100 174085 1 174082
180516 2304 8 100 180496 1 180492
206914 2304 8 100 206896 1 206893
165457 2304 8 100 165438 1 165434
160278 2304 8 100 160256 1 160252
220251 2304 8 100 220234 1 220229
238110 2304 8 100 238055 1 238049
184601 2304 8 100 184579 1 184575
175703 2304 8 100 175674 1 175669
349461 2304 8 100 349440 1 349435
214959 2304 8 100 214939 1 214935
223308 2304 8 100 223289 1 223286
219156 2304 8 100 219142 0 219122
300496 2304 8 100 300473 1 300468
366441 2304 8 100 366423 1 366419
193702 2304 8 100 193672 0 193650
209366 2304 8 100 209343 1 209339
160746 2304 8 100 160716 1 160697
189004 2304 8 100 188975 0 188960
204788 2304 8 100 204765 1 204762
201714 2304 8 100 201688 0 201671
189383 2304 8 100 189362 1 189359
163518 2304 8 100 163468 0 163456
179913 2304 8 100 179898 1 179896
263042 2304 8 100 263016 0 262998
249246 2304 8 100 249228 0 249214
271379 2304 8 100 271353 1 271349
300836 2304 8 100 300808 0 300790
218657 2304 8 100 218633 1 218630
212464 2304 8 100 212457 0 212423
187706 2304 8 100 187624 1 187612
298752 2304 8 100 298740 1 298724
272061 2304 8 100 272037 0 272014
213667 2304 8 100 213655 0 213639
211117 2304 8 100 211110 1 211096
429973 2304 8 100 429958 1 429944
296741 2304 8 100 296732 0 296710
193923 2304 8 100 193912 1 193901
274878 2304 8 100 274870 0 274844
155796 2304 8 100 155790 1 155777
235756 2304 8 100 235747 1 235738
169182 2304 8 100 169164 1 169152
276183 2304 8 100 276175 1 276162
184701 2304 8 100 184703 0 184676
194723 2304 8 100 194713 1 194702
173808 2304 8 100 173796 1 173779
144425 2304 8 100 144415 1 144404
266271 2304 8 100 266263 1 266252
194326 2304 8 100 194318 1 194305
277696 2304 8 100 277682 1 277671
215028 2304 8 100 215020 1 215008
209477 2304 8 100 209468 1 209458
260439 2304 8 100 260430 1 260418
331200 2304 8 100 331177 0 331147
178462 2304 8 100 178451 1 178442
155474 2304 8 100 155464 1 155451
263384 2304 8 100 263377 1 263365
199912 2304 8 100 199902 1 199892
210773 2304 8 100 210764 1 210753
310905 2304 8 100 310894 1 310882
244288 2304 8 100 244282 1 244273
277686 2304 8 100 277704 0 277648
178237 2304 8 100 178216 1 178215
147456 2304 8 100 147435 1 147434
204284 2304 8 100 204255 0 204244
246466 2304 8 100 246446 1 246444
239643 2304 8 100 239625 1 239625
278291 2304 8 100 278265 0 278258
216515 2304 8 100 216496 1 216495
259967 2304 8 100 259940 1 259939
306954 2304 8 100 306934 1 306933
324623 2304 8 100 324609 1 324607
170118 2304 8 100 170098 1 170097
250383 2304 8 100 250365 1 250364
306640 2304 8 100 306610 0 306604
172729 2304 8 100 172713 1 172710
225980 2304 8 100 225958 1 225957
167651 2304 8 100 167630 1 167629
173947 2304 8 100 173927 0 173918
160542 2304 8 100 160528 1 160527
211459 2304 8 100 211440 1 211439
194025 2304 8 100 193967 0 193959
262870 2304 8 100 262851 1 262849
237625 2304 8 100 237602 0 237593
182191 2304 8 100 182166 1 182164
167272 2304 8 100 167251 1 167249
199409 2304 8 100 199388 1 199387
302325 2304 8 100 302305 1 302303
263682 2304 8 100 263658 1 263655
315412 2304 8 100 315394 1 315393
204957 2304 8 100 204938 0 204930
176608 2304 8 100 176590 1 176588
185656 2304 8 100 185639 1 185637
207444 2304 8 100 207427 1 207426
280982 2304 8 100 280957 0 280948
208008 2304 8 100 207987 0 207979
251540 2304 8 100 251516 1 251515
259232 2304 8 100 259212 1 259210
165602 2304 8 100 165581 1 165580
269605 2304 8 100 269533 0 269524
167678 2304 8 100 167712 0 167661
313309 2304 8 100 313298 1 313296
178796 2304 8 100 178775 0 178768
186401 2304 8 100 186387 1 186386
201348 2304 8 100 201337 1 201336
197218 2304 8 100 197205 1 197203
161747 2304 8 100 161731 1 161729
199789 2304 8 100 199777 1 199776
211476 2304 8 100 211459 0 211451
171893 2304 8 100 171880 1 171878
176955 2304 8 100 176944 0 176934
190640 2304 8 100 190622 0 190615
185495 2304 8 100 185481 1 185479
221962 2304 8 100 221950 1 221949
191591 2304 8 100 191576 1 191574
180021 2304 8 100 180009 1 180008
259645 2304 8 100 259634 1 259633
214372 2304 8 100 214358 0 214350
180634 2304 8 100 180619 1 180617
277921 2304 8 100 277910 1 277909
290418 2304 8 100 290403 1 290402
293399 2304 8 100 293383 0 293375
212262 2304 8 100 212241 0 212232
325859 2304 8 100 325845 0 325836
191722 2304 8 100 191712 0 191704
207280 2304 8 100 207267 1 207266
343644 2304 8 100 343627 0 343618
182260 2304 8 100 182238 0 182230
190930 2304 8 100 190913 0 190906
209121 2304 8 100 209111 1 209103
241744 2304 8 100 241729 0 241721
274085 2304 8 100 274068 0 274060
211259 2304 8 100 211249 1 211248
219516 2304 8 100 219504 1 219503
174874 2304 8 100 174861 0 174853
335467 2304 8 100 335453 1 335452
200333 2304 8 100 200321 1 200319
172203 2304 8 100 172192 1 172190
343110 2304 8 100 343093 1 343091
207833 2304 8 100 207819 1 207818
161829 2304 8 100 161820 1 161819
206370 2304 8 100 206355 1 206354
321181 2304 8 100 321169 1 321167
153116 2304 8 100 153108 0 153099
240863 2304 8 100 240851 1 240850
175806 2304 8 100 175777 0 175770
173535 2304 8 100 173515 0 173506
210261 2304 8 100 210252 1 210250
239431 2304 8 100 239419 1 239418
223803 2304 8 100 223789 1 223782
167920 2304 8 100 167910 0 167902
188395 2304 8 100 188383 1 188382
206391 2304 8 100 206377 1 206370
195765 2304 8 100 195750 0 195742
341360 2304 8 100 341348 1 341346
183455 2304 8 100 183442 1 183440
172701 2304 8 100 172687 1 172686
284740 2304 8 100 284728 0 284720
201201 2304 8 100 201187 0 201180
296292 2304 8 100 296280 1 296279
219281 2304 8 100 219268 0 219258
191263 2304 8 100 191242 1 191234
295273 2304 8 100 295257 0 295247
351586 2304 8 100 351571 0 351564
295112 2304 8 100 295094 0 295087
179221 2304 8 100 179211 0 179204
194138 2304 8 100 194125 1 194123
209360 2304 8 100 209348 1 209347
175958 2304 8 100 175946 1 175944
205156 2304 8 100 205143 0 205135
190760 2304 8 100 190748 1 190747
159278 2304 8 100 159265 0 159258
158948 2304 8 100 158934 0 158928
155344 2304 8 100 155334 1 155333
237952 2304 8 100 237942 1 237940
179400 2304 8 100 179389 1 179388
182235 2304 8 100 182223 1 182221
