146427 2304 8 100 146407 1 146407
172821 2304 8 100 172771 1 172770
154908 2304 8 100 154844 1 154836
163126 2304 8 100 163096 0 163090
185765 2304 8 100 185738 1 185737
186435 2304 8 100 186407 1 186406
159701 2304 8 100 159671 1 159670
205257 2304 8 100 205230 1 205229
151739 2304 8 100 151705 0 151698
264382 2304 8 100 264361 1 264358
249081 2304 8 100 248979 0 248968
176929 2304 8 100 176841 0 176827
280865 2304 8 100 280834 1 280831
170340 2304 8 100 170316 1 170313
247225 2304 8 100 247218 1 247217
182120 2304 8 100 182101 0 182086
211590 2304 8 100 211549 1 211545
284239 2304 8 100 284215 1 284212
216438 2304 8 100 216420 1 216418
202964 2304 8 100 202944 0 202930
278099 2304 8 100 278077 1 278073
207414 2304 8 100 207381 0 207368
194469 2304 8 100 194443 1 194440
292596 2304 8 100 292579 1 292576
256771 2304 8 100 256749 1 256746
203105 2304 8 100 203073 0 202988
219754 2304 8 100 219741 0 219729
186363 2304 8 100 186339 1 186334
244326 2304 8 100 244305 1 244302
223033 2304 8 100 222999 1 222994
209620 2304 8 100 209595 1 209590
213246 2304 8 100 213233 1 213221
206459 2304 8 100 206440 1 206436
242423 2304 8 100 242404 1 242400
197883 2304 8 100 197860 1 197856
211363 2304 8 100 211340 1 211337
259923 2304 8 100 259900 1 259896
414715 2304 8 100 414698 1 414695
370326 2304 8 100 370306 1 370302
205365 2304 8 100 205352 1 205349
189130 2304 8 100 189121 1 189119
202127 2304 8 100 202114 1 202112
188244 2304 8 100 188214 0 188196
339966 2304 8 100 339938 0 339922
276393 2304 8 100 276372 1 276368
204710 2304 8 100 204684 1 204680
175532 2304 8 100 175512 0 175494
152919 2304 8 100 152902 0 152882
169859 2304 8 100 169836 1 169832
295589 2304 8 100 295575 1 295564
266448 2304 8 100 266428 0 266365
212197 2304 8 100 212186 1 212176
340547 2304 8 100 340552 1 340515
234054 2304 8 100 234042 1 234031
277456 2304 8 100 277445 0 277423
429875 2304 8 100 429867 1 429857
264094 2304 8 100 264078 1 264072
217305 2304 8 100 217295 1 217285
345673 2304 8 100 345661 0 345636
218063 2304 8 100 218050 1 218037
267976 2304 8 100 267970 1 267958
286283 2304 8 100 286272 1 286261
233808 2304 8 100 233802 1 233799
185099 2304 8 100 185089 1 185081
350627 2304 8 100 350629 0 350606
159987 2304 8 100 159976 1 159966
182377 2304 8 100 182371 0 182344
303542 2304 8 100 303517 1 303507
332730 2304 8 100 332720 1 332707
218981 2304 8 100 218980 1 218945
258333 2304 8 100 258324 1 258311
225200 2304 8 100 225190 1 225179
147503 2304 8 100 147505 0 147478
189808 2304 8 100 189797 1 189785
346599 2304 8 100 346589 0 346560
271539 2304 8 100 271527 0 271499
269084 2304 8 100 269072 1 269058
288618 2304 8 100 288608 0 288581
200146 2304 8 100 200128 1 200127
260496 2304 8 100 260478 1 260476
235387 2304 8 100 235365 1 235364
196868 2304 8 100 196840 0 196832
224858 2304 8 100 224832 0 224820
177814 2304 8 100 177797 1 177796
190337 2304 8 100 190315 0 190306
185531 2304 8 100 185521 1 185520
201147 2304 8 100 201121 0 201112
312634 2304 8 100 312615 1 312613
222261 2304 8 100 222243 1 222242
254567 2304 8 100 254547 1 254545
186559 2304 8 100 186524 0 186518
168362 2304 8 100 168344 1 168337
166475 2304 8 100 166454 0 166446
260055 2304 8 100 260039 1 260036
172309 2304 8 100 172288 1 172287
238605 2304 8 100 238564 0 238555
236588 2304 8 100 236550 0 236541
217139 2304 8 100 217111 0 217103
179745 2304 8 100 179716 1 179715
221280 2304 8 100 221264 1 221262
176028 2304 8 100 176002 1 176001
198497 2304 8 100 198464 0 198457
226281 2304 8 100 226255 0 226247
361946 2304 8 100 361928 1 361926
344899 2304 8 100 344873 0 344866
160314 2304 8 100 160295 1 160294
179694 2304 8 100 179673 1 179673
367276 2304 8 100 367248 0 367240
161613 2304 8 100 161597 1 161595
205001 2304 8 100 204985 1 204983
174174 2304 8 100 174155 1 174153
173214 2304 8 100 173195 1 173193
191096 2304 8 100 191087 0 191085
180369 2304 8 100 180350 1 180348
260695 2304 8 100 260679 1 260678
165147 2304 8 100 165128 1 165127
197597 2304 8 100 197579 1 197578
181908 2304 8 100 181887 1 181885
173615 2304 8 100 173596 1 173595
203668 2304 8 100 203645 1 203643
238576 2304 8 100 238564 1 238562
243552 2304 8 100 243539 1 243538
183718 2304 8 100 183706 1 183705
260565 2304 8 100 260556 1 260546
177537 2304 8 100 177522 1 177521
207017 2304 8 100 206992 1 206990
200274 2304 8 100 200258 0 200250
254381 2304 8 100 254365 0 254355
223483 2304 8 100 223470 0 223463
191315 2304 8 100 191302 1 191301
177625 2304 8 100 177613 1 177611
169920 2304 8 100 169909 1 169907
244114 2304 8 100 244103 1 244101
165646 2304 8 100 165633 0 165625
169078 2304 8 100 169066 1 169065
313889 2304 8 100 313875 0 313867
328489 2304 8 100 328478 1 328477
229118 2304 8 100 229107 1 229106
184130 2304 8 100 184117 1 184116
165500 2304 8 100 165487 1 165486
284049 2304 8 100 284038 0 284031
194324 2304 8 100 194313 1 194312
186937 2304 8 100 186927 0 186920
267602 2304 8 100 267591 1 267590
190975 2304 8 100 190963 1 190962
178623 2304 8 100 178613 1 178611
193512 2304 8 100 193499 1 193498
249311 2304 8 100 249299 1 249298
270617 2304 8 100 270603 1 270602
281963 2304 8 100 281950 1 281949
188360 2304 8 100 188348 1 188347
185600 2304 8 100 185582 0 185574
242896 2304 8 100 242883 1 242882
227300 2304 8 100 227288 1 227287
170786 2304 8 100 170772 1 170770
190157 2304 8 100 190146 0 190138
221256 2304 8 100 221242 1 221240
199342 2304 8 100 199326 0 199318
188363 2304 8 100 188351 1 188350
164355 2304 8 100 164341 0 164333
325209 2304 8 100 325195 0 325187
210057 2304 8 100 210041 0 210031
227095 2304 8 100 227086 1 227077
226377 2304 8 100 226362 0 226354
208827 2304 8 100 208815 1 208814
374371 2304 8 100 374359 1 374358
257464 2304 8 100 257443 0 257433
225327 2304 8 100 225315 0 225307
198560 2304 8 100 198548 0 198539
212252 2304 8 100 212239 0 212232
211531 2304 8 100 211520 0 211513
191718 2304 8 100 191706 1 191704
237185 2304 8 100 237172 1 237170
180948 2304 8 100 180936 0 180929
191596 2304 8 100 191582 1 191581
263117 2304 8 100 263105 1 263103
194596 2304 8 100 194582 1 194581
162498 2304 8 100 162487 1 162486
273197 2304 8 100 273182 0 273173
291010 2304 8 100 290994 0 290985
276659 2304 8 100 276646 1 276645
323685 2304 8 100 323674 1 323673
272556 2304 8 100 272549 1 272548
209733 2304 8 100 209719 1 209718
228329 2304 8 100 228314 1 228312
223716 2304 8 100 223699 0 223692
190850 2304 8 100 190818 1 190815
181176 2304 8 100 181165 0 181158
208406 2304 8 100 208391 1 208390
198444 2304 8 100 198428 1 198427
189831 2304 8 100 189820 1 189818
200671 2304 8 100 200658 1 200657
187904 2304 8 100 187893 1 187891
190658 2304 8 100 190642 0 190633
297603 2304 8 100 297586 0 297578
197738 2304 8 100 197726 1 197718
299378 2304 8 100 299366 1 299365
185211 2304 8 100 185207 0 185200
189453 2304 8 100 189436 0 189428
192136 2304 8 100 192125 0 192118
256958 2304 8 100 256938 0 256932
188264 2304 8 100 188209 0 188203
155679 2304 8 100 155672 0 155666
179343 2304 8 100 179331 1 179330
176647 2304 8 100 176635 1 176634
180704 2304 8 100 180695 1 180694
168250 2304 8 100 168237 0 168230
233797 2304 8 100 233788 1 233787
157130 2304 8 100 157120 1 157118
178208 2304 8 100 178194 1 178188
160288 2304 8 100 160280 1 160278
126204 2304 8 100 126196 1 126195
220490 2304 8 100 220482 1 220482
