241426 2304 8 100 241363 1 241362
286289 2304 8 100 286257 1 286257
195310 2304 8 100 195290 1 195289
174980 2304 8 100 174952 1 174952
191108 2304 8 100 191079 1 191079
208447 2304 8 100 208372 0 208365
239543 2304 8 100 239528 1 239526
235124 2304 8 100 235102 1 235099
165463 2304 8 100 165442 1 165439
256354 2304 8 100 256331 1 256328
177689 2304 8 100 177671 1 177668
218421 2304 8 100 218401 1 218398
206104 2304 8 100 206082 0 206070
194815 2304 8 100 194791 1 194788
174751 2304 8 100 174679 1 174675
295983 2304 8 100 295952 0 295939
218388 2304 8 100 218364 1 218362
212679 2304 8 100 212648 0 212635
227732 2304 8 100 227707 1 227703
167260 2304 8 100 167241 0 167228
219185 2304 8 100 219166 1 219162
286854 2304 8 100 286833 1 286828
184806 2304 8 100 184786 1 184783
252213 2304 8 100 252192 1 252188
213174 2304 8 100 213145 1 213141
194864 2304 8 100 194839 1 194833
301865 2304 8 100 301842 1 301838
282377 2304 8 100 282348 1 282344
242722 2304 8 100 242701 1 242696
332224 2304 8 100 332194 0 332178
198870 2304 8 100 198854 1 198851
210003 2304 8 100 209977 1 209973
294915 2304 8 100 294832 0 294817
268089 2304 8 100 268065 1 268060
198495 2304 8 100 198470 1 198466
227527 2304 8 100 227508 1 227504
200400 2304 8 100 200382 1 200377
193560 2304 8 100 193537 1 193533
191774 2304 8 100 191753 1 191749
179406 2304 8 100 179383 1 179379
213951 2304 8 100 213932 1 213928
194025 2304 8 100 193974 1 193970
163090 2304 8 100 163071 1 163068
336176 2304 8 100 336163 1 336146
194040 2304 8 100 194016 0 193993
197521 2304 8 100 197482 1 197474
205804 2304 8 100 205791 1 205776
279341 2304 8 100 279343 0 279312
222187 2304 8 100 222179 1 222167
225260 2304 8 100 225249 1 225237
159698 2304 8 100 159689 1 159679
302005 2304 8 100 302025 0 301973
236024 2304 8 100 236008 1 235994
427012 2304 8 100 426984 0 426969
203245 2304 8 100 203233 1 203226
186097 2304 8 100 186085 1 186075
275747 2304 8 100 275725 0 275696
280744 2304 8 100 280735 1 280724
214959 2304 8 100 214953 0 214919
170580 2304 8 100 170569 1 170557
173550 2304 8 100 173541 1 173530
196362 2304 8 100 196358 0 196339
221526 2304 8 100 221516 1 221507
192346 2304 8 100 192335 1 192325
199924 2304 8 100 199916 1 199904
179784 2304 8 100 179772 1 179759
206946 2304 8 100 206934 1 206923
279558 2304 8 100 279550 0 279535
173986 2304 8 100 173977 1 173965
249939 2304 8 100 249930 1 249920
191637 2304 8 100 191623 0 191600
210730 2304 8 100 210720 1 210709
202454 2304 8 100 202445 1 202433
228489 2304 8 100 228479 1 228467
273092 2304 8 100 273080 1 273069
179802 2304 8 100 179784 1 179771
321750 2304 8 100 321739 1 321724
215071 2304 8 100 215090 1 215047
162661 2304 8 100 162642 1 162634
344650 2304 8 100 344621 0 344614
207189 2304 8 100 207170 1 207168
177692 2304 8 100 177671 1 177669
237361 2304 8 100 237342 1 237341
224914 2304 8 100 224893 1 224891
177305 2304 8 100 177275 0 177267
144873 2304 8 100 144853 1 144852
224044 2304 8 100 224025 1 224024
159456 2304 8 100 159435 1 159434
225275 2304 8 100 225245 0 225237
283589 2304 8 100 283573 1 283572
274565 2304 8 100 274543 1 274542
180137 2304 8 100 180117 1 180115
200767 2304 8 100 200751 1 200749
255230 2304 8 100 255209 1 255208
296995 2304 8 100 296974 1 296972
254762 2304 8 100 254718 0 254712
136882 2304 8 100 136857 1 136856
177927 2304 8 100 177908 1 177907
188305 2304 8 100 188285 1 188284
292285 2304 8 100 292263 1 292261
195338 2304 8 100 195327 1 195327
194170 2304 8 100 194157 1 194156
201275 2304 8 100 201257 1 201255
160346 2304 8 100 160326 1 160324
239540 2304 8 100 239515 1 239514
266169 2304 8 100 266143 1 266134
195236 2304 8 100 195210 0 195203
184857 2304 8 100 184843 1 184843
199150 2304 8 100 199122 0 199111
171316 2304 8 100 171295 0 171287
165708 2304 8 100 165686 1 165685
174031 2304 8 100 174007 1 174006
161673 2304 8 100 161649 1 161642
206092 2304 8 100 206066 0 206059
326797 2304 8 100 326783 0 326775
300651 2304 8 100 300631 1 300630
273561 2304 8 100 273540 1 273539
186278 2304 8 100 186259 1 186257
201181 2304 8 100 201150 0 201142
164309 2304 8 100 164286 1 164285
181493 2304 8 100 181484 1 181484
197971 2304 8 100 197949 1 197948
185580 2304 8 100 185495 1 185493
234279 2304 8 100 234266 1 234265
183285 2304 8 100 183273 1 183272
196073 2304 8 100 196060 1 196058
224645 2304 8 100 224635 1 224634
208365 2304 8 100 208349 1 208348
188658 2304 8 100 188653 1 188645
194466 2304 8 100 194450 1 194447
206672 2304 8 100 206631 0 206624
178990 2304 8 100 178977 1 178976
311669 2304 8 100 311656 1 311655
243328 2304 8 100 243310 1 243309
191477 2304 8 100 191465 1 191464
209248 2304 8 100 209236 0 209229
193407 2304 8 100 193394 1 193393
237292 2304 8 100 237278 1 237277
299139 2304 8 100 299130 1 299130
161917 2304 8 100 161905 0 161897
192455 2304 8 100 192441 0 192433
205804 2304 8 100 205790 0 205784
320402 2304 8 100 320388 1 320386
191301 2304 8 100 191277 0 191268
284553 2304 8 100 284542 1 284541
224720 2304 8 100 224709 1 224707
269752 2304 8 100 269737 1 269736
169554 2304 8 100 169540 0 169533
175668 2304 8 100 175655 1 175654
287668 2304 8 100 287655 1 287654
308939 2304 8 100 308920 0 308911
247726 2304 8 100 247714 1 247713
291501 2304 8 100 291488 1 291486
198801 2304 8 100 198787 0 198780
202585 2304 8 100 202574 1 202572
166694 2304 8 100 166678 0 166671
248095 2304 8 100 248082 1 248080
337126 2304 8 100 337120 1 337120
192653 2304 8 100 192642 1 192641
222784 2304 8 100 222770 1 222768
278038 2304 8 100 278025 1 278024
268160 2304 8 100 268147 1 268146
143986 2304 8 100 143976 1 143974
179475 2304 8 100 179460 1 179453
205842 2304 8 100 205820 0 205813
216700 2304 8 100 216686 0 216679
180787 2304 8 100 180772 1 180771
177419 2304 8 100 177406 1 177405
195808 2304 8 100 195793 1 195792
273547 2304 8 100 273535 1 273533
208581 2304 8 100 208570 1 208568
352367 2304 8 100 352350 0 352343
195125 2304 8 100 195111 1 195110
182862 2304 8 100 182848 1 182847
179299 2304 8 100 179287 0 179279
188215 2304 8 100 188204 1 188203
210235 2304 8 100 210214 0 210202
172852 2304 8 100 172842 1 172841
193943 2304 8 100 193930 1 193929
183793 2304 8 100 183780 1 183779
207707 2304 8 100 207696 0 207689
268143 2304 8 100 268130 1 268129
201073 2304 8 100 201059 1 201058
188822 2304 8 100 188810 1 188809
170493 2304 8 100 170476 0 170470
324771 2304 8 100 324760 1 324758
183543 2304 8 100 183532 1 183531
161651 2304 8 100 161639 1 161638
235362 2304 8 100 235350 1 235348
265442 2304 8 100 265431 1 265429
241657 2304 8 100 241644 1 241642
221028 2304 8 100 221017 1 221010
215249 2304 8 100 215232 1 215230
177427 2304 8 100 177417 0 177409
197044 2304 8 100 197033 0 197026
214719 2304 8 100 214717 1 214716
179865 2304 8 100 179852 1 179851
190251 2304 8 100 190242 1 190241
151966 2304 8 100 151952 1 151951
219573 2304 8 100 219563 1 219562
291253 2304 8 100 291240 0 291236
250342 2304 8 100 250330 1 250329
140165 2304 8 100 140157 1 140156
172933 2304 8 100 172924 1 172923
