198662 3456 8 1000 196917 0 196911
267128 3456 8 1000 267108 1 267107
282008 3456 8 1000 281932 0 281926
290053 3456 8 1000 290002 1 290002
230228 3456 8 1000 230176 0 230170
190389 3456 8 1000 190369 1 190369
147965 3456 8 1000 147941 1 147941
174125 3456 8 1000 174101 0 174095
234544 3456 8 1000 234494 1 234493
190119 3456 8 1000 190101 1 190100
283066 3456 8 1000 283044 1 283043
428730 3456 8 1000 428706 1 428705
321379 3456 8 1000 321327 0 321320
191175 3456 8 1000 191146 1 191146
262872 3456 8 1000 262850 1 262847
235545 3456 8 1000 235520 1 235517
206340 3456 8 1000 206315 1 206312
206387 3456 8 1000 206371 1 206368
339789 3456 8 1000 339769 1 339766
241729 3456 8 1000 241696 0 241683
164286 3456 8 1000 164267 1 164264
199288 3456 8 1000 199270 0 199258
245310 3456 8 1000 245291 1 245288
297553 3456 8 1000 297530 1 297526
237626 3456 8 1000 237606 1 237604
361538 3456 8 1000 361520 0 361506
207117 3456 8 1000 207098 1 207094
206514 3456 8 1000 206491 1 206487
209485 3456 8 1000 209464 1 209459
283181 3456 8 1000 283167 1 283161
199234 3456 8 1000 199218 0 199203
191839 3456 8 1000 191817 1 191800
194789 3456 8 1000 194772 1 194756
294737 3456 8 1000 294727 1 294711
273257 3456 8 1000 273235 1 273231
200475 3456 8 1000 200465 1 200463
267761 3456 8 1000 267718 0 267702
171403 3456 8 1000 171375 1 171370
160643 3456 8 1000 160622 1 160617
219330 3456 8 1000 219303 1 219298
212064 3456 8 1000 212045 1 212041
215868 3456 8 1000 215851 1 215847
210805 3456 8 1000 210788 0 210772
193791 3456 8 1000 193776 1 193771
203219 3456 8 1000 203199 1 203194
157480 3456 8 1000 157464 0 157444
199997 3456 8 1000 200009 0 199961
208412 3456 8 1000 208379 1 208360
194335 3456 8 1000 194317 1 194313
253763 3456 8 1000 253747 0 253729
327320 3456 8 1000 327299 1 327296
281811 3456 8 1000 281789 1 281786
213919 3456 8 1000 213896 1 213892
220081 3456 8 1000 220051 0 220027
234736 3456 8 1000 234716 1 234710
175857 3456 8 1000 175845 1 175843
195409 3456 8 1000 195404 1 195391
170216 3456 8 1000 170205 0 170186
221173 3456 8 1000 221160 1 221149
197352 3456 8 1000 197352 0 197325
196009 3456 8 1000 195995 1 195982
211535 3456 8 1000 211526 1 211514
234604 3456 8 1000 234594 1 234583
197029 3456 8 1000 197018 1 197006
183156 3456 8 1000 183085 1 183075
294188 3456 8 1000 294181 1 294171
201393 3456 8 1000 201386 1 201373
178718 3456 8 1000 178711 0 178687
219331 3456 8 1000 219304 0 219277
213871 3456 8 1000 213855 0 213838
180709 3456 8 1000 180700 1 180689
207964 3456 8 1000 207956 1 207947
324783 3456 8 1000 324778 1 324766
175261 3456 8 1000 175201 1 175188
198617 3456 8 1000 198608 1 198596
200063 3456 8 1000 200066 1 200032
192949 3456 8 1000 192937 1 192926
204403 3456 8 1000 204398 0 204366
293992 3456 8 1000 293981 1 293969
189668 3456 8 1000 189658 1 189645
175512 3456 8 1000 175499 1 175490
237208 3456 8 1000 237198 1 237186
297169 3456 8 1000 297163 0 297149
242751 3456 8 1000 242744 1 242729
192255 3456 8 1000 192247 1 192236
199495 3456 8 1000 199490 1 199479
177609 3456 8 1000 177603 0 177570
234582 3456 8 1000 234576 1 234552
332118 3456 8 1000 332097 0 332090
221366 3456 8 1000 221349 1 221348
172658 3456 8 1000 172641 1 172639
206526 3456 8 1000 206504 1 206503
166201 3456 8 1000 166182 1 166180
193365 3456 8 1000 193345 1 193343
192042 3456 8 1000 192026 1 192024
203715 3456 8 1000 203682 0 203672
192572 3456 8 1000 192555 1 192553
298915 3456 8 1000 298887 0 298878
193773 3456 8 1000 193755 1 193754
205810 3456 8 1000 205793 1 205792
187537 3456 8 1000 187519 1 187517
239509 3456 8 1000 239492 1 239490
175102 3456 8 1000 175081 1 175079
182924 3456 8 1000 182912 1 182912
201274 3456 8 1000 201251 1 201250
210071 3456 8 1000 210040 0 210033
180392 3456 8 1000 180373 1 180372
183799 3456 8 1000 183780 1 183779
270092 3456 8 1000 270074 1 270072
187675 3456 8 1000 187653 1 187652
199388 3456 8 1000 199364 1 199356
269232 3456 8 1000 269215 1 269213
278769 3456 8 1000 278748 1 278746
265918 3456 8 1000 265899 1 265897
214191 3456 8 1000 214173 1 214171
193166 3456 8 1000 193146 1 193145
211930 3456 8 1000 211914 1 211913
187537 3456 8 1000 187526 1 187525
183832 3456 8 1000 183813 1 183812
197710 3456 8 1000 197685 0 197677
305790 3456 8 1000 305770 0 305762
203939 3456 8 1000 203921 1 203920
150885 3456 8 1000 150867 0 150859
212458 3456 8 1000 212430 1 212428
277794 3456 8 1000 277708 0 277691
339404 3456 8 1000 339399 1 339398
192319 3456 8 1000 192306 1 192305
245096 3456 8 1000 245083 1 245074
287574 3456 8 1000 287563 0 287556
182758 3456 8 1000 182744 1 182743
191671 3456 8 1000 191661 0 191656
359322 3456 8 1000 359311 1 359310
289076 3456 8 1000 289060 1 289058
378650 3456 8 1000 378638 1 378637
181036 3456 8 1000 181025 1 181022
183863 3456 8 1000 183843 1 183836
297626 3456 8 1000 297614 1 297613
340489 3456 8 1000 340477 1 340475
273183 3456 8 1000 273169 0 273162
164406 3456 8 1000 164387 0 164378
209043 3456 8 1000 209033 1 209031
188929 3456 8 1000 188921 1 188921
277720 3456 8 1000 277705 1 277703
197571 3456 8 1000 197562 1 197554
200937 3456 8 1000 200923 0 200915
347168 3456 8 1000 347157 1 347156
257223 3456 8 1000 257197 0 257188
215166 3456 8 1000 215154 1 215152
172578 3456 8 1000 172561 0 172554
177250 3456 8 1000 177234 1 177232
323267 3456 8 1000 323253 1 323252
259827 3456 8 1000 259814 0 259806
207989 3456 8 1000 207977 1 207975
306101 3456 8 1000 306086 1 306084
174177 3456 8 1000 174167 1 174165
207298 3456 8 1000 207283 0 207276
196072 3456 8 1000 196059 0 196051
203278 3456 8 1000 203267 1 203266
165382 3456 8 1000 165369 1 165367
202863 3456 8 1000 202843 0 202834
180332 3456 8 1000 180323 1 180321
216943 3456 8 1000 216925 0 216918
201993 3456 8 1000 201972 0 201964
311056 3456 8 1000 311045 0 311043
351059 3456 8 1000 351054 1 351054
182017 3456 8 1000 182006 1 182004
197514 3456 8 1000 197501 1 197500
191265 3456 8 1000 191256 1 191255
193777 3456 8 1000 193774 1 193773
320633 3456 8 1000 320620 0 320613
296045 3456 8 1000 296035 1 296033
217972 3456 8 1000 217949 0 217940
198503 3456 8 1000 198491 1 198490
202532 3456 8 1000 202525 1 202524
192047 3456 8 1000 192039 1 192038
203530 3456 8 1000 203524 1 203522
180551 3456 8 1000 180545 1 180544
185849 3456 8 1000 185844 1 185842
210310 3456 8 1000 210305 1 210296
191798 3456 8 1000 191796 0 191788
272396 3456 8 1000 272390 0 272381
257339 3456 8 1000 257333 1 257331
174513 3456 8 1000 174505 1 174503
198658 3456 8 1000 198652 1 198651
188056 3456 8 1000 188049 1 188044
192683 3456 8 1000 192677 0 192667
291355 3456 8 1000 291348 1 291346
168656 3456 8 1000 168654 0 168645
271915 3456 8 1000 271911 0 271904
182674 3456 8 1000 182671 1 182670
211389 3456 8 1000 211382 1 211380
170132 3456 8 1000 170129 0 170122
244358 3456 8 1000 244352 1 244350
202149 3456 8 1000 202143 1 202141
331509 3456 8 1000 331503 0 331495
183382 3456 8 1000 183379 0 183370
247087 3456 8 1000 247084 0 247072
176548 3456 8 1000 176543 0 176537
180936 3456 8 1000 180932 0 180923
186713 3456 8 1000 186707 1 186705
197099 3456 8 1000 197092 1 197090
288484 3456 8 1000 288478 1 288476
306554 3456 8 1000 306550 0 306541
207652 3456 8 1000 207647 1 207645
182651 3456 8 1000 182650 0 182641
259623 3456 8 1000 259616 1 259615
166253 3456 8 1000 166249 0 166241
182218 3456 8 1000 182210 1 182209
182844 3456 8 1000 182839 1 182837
358505 3456 8 1000 358495 1 358488
