200678 3456 8 1000 200655 1 200654
301295 3456 8 1000 301229 0 301222
148111 3456 8 1000 148091 1 148090
204861 3456 8 1000 204837 1 204837
176472 3456 8 1000 176457 1 176456
155263 3456 8 1000 155229 0 155223
219153 3456 8 1000 219134 1 219133
453506 3456 8 1000 453481 1 453479
252708 3456 8 1000 252686 1 252685
298434 3456 8 1000 298425 1 298425
209490 3456 8 1000 209463 1 209462
209733 3456 8 1000 209657 0 209647
270923 3456 8 1000 270893 0 270875
199940 3456 8 1000 199922 1 199919
198930 3456 8 1000 198910 1 198907
352686 3456 8 1000 352657 0 352643
194453 3456 8 1000 194429 0 194416
191027 3456 8 1000 191005 1 191001
183899 3456 8 1000 183873 1 183871
193939 3456 8 1000 193919 1 193915
204384 3456 8 1000 204363 0 204345
202357 3456 8 1000 202335 1 202333
254925 3456 8 1000 254900 0 254866
318744 3456 8 1000 318716 1 318712
256668 3456 8 1000 256649 1 256644
217211 3456 8 1000 217187 1 217183
295554 3456 8 1000 295536 1 295532
198823 3456 8 1000 198800 1 198796
325024 3456 8 1000 325000 1 324995
194339 3456 8 1000 194322 0 194301
185874 3456 8 1000 185853 0 185831
258262 3456 8 1000 258235 1 258231
180550 3456 8 1000 180532 0 180517
188027 3456 8 1000 188019 1 188018
191232 3456 8 1000 191205 1 191200
259671 3456 8 1000 259652 1 259649
270868 3456 8 1000 270843 1 270839
205159 3456 8 1000 205133 1 205113
292402 3456 8 1000 293155 0 292364
174646 3456 8 1000 174626 1 174621
181235 3456 8 1000 181215 1 181200
187125 3456 8 1000 187106 0 187088
407326 3456 8 1000 407306 1 407301
249463 3456 8 1000 249444 1 249440
204731 3456 8 1000 204715 1 204712
266342 3456 8 1000 266317 0 266297
200015 3456 8 1000 199970 0 199949
350684 3456 8 1000 350673 1 350661
212860 3456 8 1000 212852 1 212840
184949 3456 8 1000 184936 0 184910
175217 3456 8 1000 175207 1 175195
205758 3456 8 1000 205750 1 205738
185132 3456 8 1000 185121 1 185109
245513 3456 8 1000 245504 1 245492
197802 3456 8 1000 197804 0 197773
201273 3456 8 1000 201270 0 201245
239412 3456 8 1000 239405 1 239393
250603 3456 8 1000 250595 1 250584
223713 3456 8 1000 223709 0 223689
205439 3456 8 1000 205435 0 205397
185987 3456 8 1000 185972 0 185947
227464 3456 8 1000 227460 1 227447
297501 3456 8 1000 297494 1 297484
243248 3456 8 1000 243244 0 243221
340857 3456 8 1000 340852 1 340848
286062 3456 8 1000 286047 0 286040
272008 3456 8 1000 272000 1 271989
179767 3456 8 1000 179761 1 179749
271819 3456 8 1000 271810 1 271795
173410 3456 8 1000 173402 1 173390
204356 3456 8 1000 204350 1 204337
244583 3456 8 1000 244577 0 244545
212630 3456 8 1000 212626 0 212590
250888 3456 8 1000 250877 0 250852
201449 3456 8 1000 201452 0 201423
295173 3456 8 1000 295179 0 295146
298603 3456 8 1000 298592 1 298582
179745 3456 8 1000 179726 0 179698
200429 3456 8 1000 200426 0 200401
193278 3456 8 1000 193274 0 193249
197552 3456 8 1000 197560 0 197526
206927 3456 8 1000 206903 1 206902
195406 3456 8 1000 195391 1 195389
259472 3456 8 1000 259444 1 259442
243320 3456 8 1000 243305 1 243303
193112 3456 8 1000 193087 0 193079
221863 3456 8 1000 221818 0 221810
187165 3456 8 1000 187148 0 187140
200342 3456 8 1000 200329 1 200328
210970 3456 8 1000 210956 1 210955
253608 3456 8 1000 253583 0 253574
235702 3456 8 1000 235688 1 235685
223080 3456 8 1000 223062 0 223055
195326 3456 8 1000 195303 0 195295
197415 3456 8 1000 197394 1 197393
201410 3456 8 1000 201381 0 201372
195814 3456 8 1000 195796 0 195788
304421 3456 8 1000 304383 0 304374
275246 3456 8 1000 275226 1 275225
305417 3456 8 1000 305402 0 305393
346994 3456 8 1000 346973 1 346971
211680 3456 8 1000 211669 1 211669
321846 3456 8 1000 321835 1 321835
316364 3456 8 1000 316347 1 316345
229900 3456 8 1000 229878 1 229876
227869 3456 8 1000 227851 1 227850
339618 3456 8 1000 339605 0 339596
185211 3456 8 1000 185181 0 185173
270166 3456 8 1000 270150 1 270148
349938 3456 8 1000 349911 1 349909
225512 3456 8 1000 225490 1 225489
342837 3456 8 1000 342805 0 342796
351781 3456 8 1000 351762 1 351761
204452 3456 8 1000 204435 1 204434
193474 3456 8 1000 193391 0 193383
219696 3456 8 1000 219717 0 219675
216008 3456 8 1000 215997 1 215996
175624 3456 8 1000 175612 1 175611
287428 3456 8 1000 287415 1 287413
175591 3456 8 1000 175580 1 175579
263394 3456 8 1000 263381 1 263379
201910 3456 8 1000 201893 0 201884
278301 3456 8 1000 278285 0 278276
236048 3456 8 1000 236037 1 236036
230503 3456 8 1000 230491 1 230489
238908 3456 8 1000 238898 0 238888
211950 3456 8 1000 211936 1 211927
280981 3456 8 1000 280969 1 280968
185591 3456 8 1000 185579 1 185577
185659 3456 8 1000 185642 0 185634
325001 3456 8 1000 324984 0 324977
163068 3456 8 1000 163058 1 163056
305395 3456 8 1000 305384 1 305382
296290 3456 8 1000 296275 0 296268
201963 3456 8 1000 201951 1 201950
192276 3456 8 1000 192262 0 192254
209425 3456 8 1000 209416 0 209408
175689 3456 8 1000 175678 1 175676
296055 3456 8 1000 296042 1 296040
314053 3456 8 1000 314043 1 314041
269965 3456 8 1000 269952 0 269944
243709 3456 8 1000 243695 1 243693
289429 3456 8 1000 289418 1 289416
267014 3456 8 1000 267004 1 267002
290195 3456 8 1000 290184 1 290182
292885 3456 8 1000 292873 0 292864
231801 3456 8 1000 231789 1 231787
247506 3456 8 1000 247498 1 247496
212651 3456 8 1000 212640 1 212638
214139 3456 8 1000 214123 0 214115
264294 3456 8 1000 264280 0 264274
318148 3456 8 1000 318135 1 318134
244282 3456 8 1000 244268 1 244267
271425 3456 8 1000 271410 0 271401
257508 3456 8 1000 257496 1 257494
232336 3456 8 1000 232325 1 232323
195262 3456 8 1000 195241 0 195233
247387 3456 8 1000 247374 1 247372
179686 3456 8 1000 179670 0 179660
218640 3456 8 1000 218623 1 218617
167148 3456 8 1000 167137 1 167135
294593 3456 8 1000 294581 1 294579
280786 3456 8 1000 280779 1 280777
176124 3456 8 1000 176117 1 176114
206966 3456 8 1000 206966 0 206961
236031 3456 8 1000 236027 1 236026
270251 3456 8 1000 270250 0 270241
282523 3456 8 1000 282523 1 282515
160712 3456 8 1000 160705 1 160704
193052 3456 8 1000 193048 0 193038
197686 3456 8 1000 197682 0 197672
170426 3456 8 1000 170420 1 170412
280336 3456 8 1000 280330 1 280328
206872 3456 8 1000 206863 1 206862
352825 3456 8 1000 352816 1 352814
183320 3456 8 1000 183316 0 183310
202536 3456 8 1000 202531 1 202529
232453 3456 8 1000 232445 1 232444
216576 3456 8 1000 216570 1 216568
184126 3456 8 1000 184120 1 184118
217953 3456 8 1000 217949 1 217948
250703 3456 8 1000 250696 1 250694
193940 3456 8 1000 193934 1 193932
172642 3456 8 1000 172639 0 172631
179846 3456 8 1000 179842 0 179833
231255 3456 8 1000 231251 1 231242
196224 3456 8 1000 196218 0 196210
171635 3456 8 1000 171628 1 171626
206728 3456 8 1000 206722 1 206721
191747 3456 8 1000 191738 1 191737
271020 3456 8 1000 271016 0 271007
333918 3456 8 1000 333912 1 333910
192797 3456 8 1000 192790 0 192781
244763 3456 8 1000 244757 1 244755
317027 3456 8 1000 317027 0 317019
256110 3456 8 1000 256103 1 256101
241533 3456 8 1000 241527 1 241525
167773 3456 8 1000 167771 1 167763
165205 3456 8 1000 165198 1 165197
174981 3456 8 1000 174976 1 174974
185402 3456 8 1000 185397 1 185395
185737 3456 8 1000 185730 1 185729
235398 3456 8 1000 235394 0 235386
174005 3456 8 1000 174000 1 173999
