184099 3456 8 1000 184075 1 184075
188402 3456 8 1000 188384 1 188384
165182 3456 8 1000 165073 0 165067
307134 3456 8 1000 307061 1 307060
341717 3456 8 1000 341697 0 341691
302071 3456 8 1000 302032 1 302031
229113 3456 8 1000 229088 0 229080
319796 3456 8 1000 319761 0 319753
254332 3456 8 1000 254300 1 254299
237725 3456 8 1000 237652 1 237651
302924 3456 8 1000 302905 1 302901
190759 3456 8 1000 190739 1 190736
180790 3456 8 1000 180771 1 180768
318049 3456 8 1000 318029 1 318025
209780 3456 8 1000 209763 0 209747
355088 3456 8 1000 355067 1 355064
210218 3456 8 1000 210196 1 210193
210768 3456 8 1000 210749 1 210746
179119 3456 8 1000 179101 1 179097
204972 3456 8 1000 204944 1 204940
230815 3456 8 1000 230787 0 230774
188414 3456 8 1000 188395 1 188389
201345 3456 8 1000 201306 0 201293
336030 3456 8 1000 336009 1 336007
190057 3456 8 1000 190039 1 190035
192633 3456 8 1000 192613 1 192610
190241 3456 8 1000 190210 0 190194
270984 3456 8 1000 270965 0 270949
248602 3456 8 1000 248499 0 248478
221960 3456 8 1000 221923 1 221914
234067 3456 8 1000 234045 1 234041
199087 3456 8 1000 199068 1 199064
180634 3456 8 1000 180615 1 180610
364670 3456 8 1000 364629 0 364610
285108 3456 8 1000 285077 0 285056
189326 3456 8 1000 189308 1 189301
230927 3456 8 1000 230905 1 230900
210575 3456 8 1000 210538 0 210523
165632 3456 8 1000 165604 0 165585
169871 3456 8 1000 169852 1 169849
179090 3456 8 1000 179072 1 179067
228494 3456 8 1000 228478 1 228474
189144 3456 8 1000 189119 1 189111
206579 3456 8 1000 206556 1 206551
218502 3456 8 1000 218486 0 218472
185969 3456 8 1000 185949 0 185924
251814 3456 8 1000 251792 1 251788
293577 3456 8 1000 293567 0 293562
202120 3456 8 1000 202106 1 202103
253919 3456 8 1000 253903 1 253900
248536 3456 8 1000 248505 0 248487
232985 3456 8 1000 232969 1 232964
240287 3456 8 1000 240251 0 240231
200234 3456 8 1000 200208 1 200204
215139 3456 8 1000 215052 1 215046
198602 3456 8 1000 198583 0 198557
193993 3456 8 1000 193988 0 193961
189570 3456 8 1000 189565 1 189551
199037 3456 8 1000 199031 1 199025
237145 3456 8 1000 237134 1 237123
246843 3456 8 1000 246845 0 246817
214779 3456 8 1000 214759 0 214729
207255 3456 8 1000 207241 1 207229
356738 3456 8 1000 356727 1 356716
181981 3456 8 1000 181976 0 181948
283834 3456 8 1000 283824 1 283813
188558 3456 8 1000 188549 1 188540
214298 3456 8 1000 214290 1 214279
191885 3456 8 1000 191871 0 191846
183336 3456 8 1000 183326 1 183316
169050 3456 8 1000 169038 1 169026
208127 3456 8 1000 208119 1 208109
249308 3456 8 1000 249300 1 249289
257928 3456 8 1000 257921 1 257909
176257 3456 8 1000 176258 0 176232
199398 3456 8 1000 199389 1 199377
326452 3456 8 1000 326445 1 326434
179153 3456 8 1000 179145 1 179135
218298 3456 8 1000 218295 0 218267
310119 3456 8 1000 310107 1 310092
305241 3456 8 1000 305229 1 305217
286884 3456 8 1000 286872 0 286846
160906 3456 8 1000 160899 1 160887
290180 3456 8 1000 290171 1 290161
221719 3456 8 1000 221709 0 221681
201605 3456 8 1000 201588 1 201587
259746 3456 8 1000 259712 0 259701
184025 3456 8 1000 184009 1 184001
220901 3456 8 1000 220885 1 220883
206537 3456 8 1000 206510 0 206501
219868 3456 8 1000 219848 1 219846
353037 3456 8 1000 353022 1 353021
178604 3456 8 1000 178585 1 178584
235039 3456 8 1000 235011 0 235003
258536 3456 8 1000 258517 1 258516
214856 3456 8 1000 214839 1 214838
258523 3456 8 1000 258503 1 258501
164806 3456 8 1000 164789 1 164788
200354 3456 8 1000 200334 1 200333
272537 3456 8 1000 272518 1 272516
191577 3456 8 1000 191564 1 191563
196352 3456 8 1000 196340 0 196331
208552 3456 8 1000 208531 1 208530
190814 3456 8 1000 190792 0 190784
194978 3456 8 1000 194958 1 194957
184559 3456 8 1000 184539 1 184538
339470 3456 8 1000 339454 1 339453
193782 3456 8 1000 193754 1 193752
180839 3456 8 1000 180818 1 180816
259717 3456 8 1000 259697 1 259696
204560 3456 8 1000 204540 1 204539
212256 3456 8 1000 212235 1 212233
173599 3456 8 1000 173564 1 173555
179892 3456 8 1000 179874 1 179873
235449 3456 8 1000 235432 1 235430
177199 3456 8 1000 177180 1 177179
179268 3456 8 1000 179248 0 179239
161568 3456 8 1000 161555 1 161554
224019 3456 8 1000 223998 1 223996
176621 3456 8 1000 176604 1 176603
170778 3456 8 1000 170758 1 170756
295692 3456 8 1000 295612 0 295604
172200 3456 8 1000 172182 1 172181
248811 3456 8 1000 248792 0 248783
161316 3456 8 1000 161305 1 161304
202937 3456 8 1000 202925 1 202923
191673 3456 8 1000 191661 1 191660
251419 3456 8 1000 251409 1 251408
148901 3456 8 1000 148888 0 148880
385536 3456 8 1000 385518 0 385512
314695 3456 8 1000 314685 1 314683
205232 3456 8 1000 205210 1 205209
212914 3456 8 1000 212906 1 212905
317431 3456 8 1000 317420 1 317419
187898 3456 8 1000 187888 1 187887
301676 3456 8 1000 301662 1 301660
203071 3456 8 1000 203060 1 203059
199048 3456 8 1000 199036 0 199028
303938 3456 8 1000 303929 1 303928
181419 3456 8 1000 181404 1 181403
174406 3456 8 1000 174395 1 174393
200045 3456 8 1000 200031 1 200029
174859 3456 8 1000 174855 0 174849
197932 3456 8 1000 197918 0 197911
201304 3456 8 1000 201299 0 201297
414144 3456 8 1000 414133 1 414131
332682 3456 8 1000 332673 1 332672
247837 3456 8 1000 247827 0 247818
265490 3456 8 1000 265469 0 265461
191039 3456 8 1000 191027 1 191026
204298 3456 8 1000 204284 0 204277
249646 3456 8 1000 249633 1 249631
249768 3456 8 1000 249757 1 249755
217872 3456 8 1000 217857 1 217856
218706 3456 8 1000 218698 0 218690
202961 3456 8 1000 202947 0 202939
174922 3456 8 1000 174911 0 174900
206052 3456 8 1000 206039 1 206037
223739 3456 8 1000 223723 1 223715
282592 3456 8 1000 282582 1 282580
216851 3456 8 1000 216840 0 216832
205539 3456 8 1000 205525 0 205519
181732 3456 8 1000 181720 1 181718
203365 3456 8 1000 203350 0 203347
199755 3456 8 1000 199736 0 199728
199933 3456 8 1000 199922 1 199921
195917 3456 8 1000 195910 1 195909
232260 3456 8 1000 232248 1 232247
285325 3456 8 1000 285307 0 285297
207729 3456 8 1000 207711 1 207709
307752 3456 8 1000 307689 0 307682
229151 3456 8 1000 229130 0 229120
332431 3456 8 1000 332390 1 332387
174248 3456 8 1000 174198 0 174189
271056 3456 8 1000 271049 1 271048
309463 3456 8 1000 309459 0 309451
178622 3456 8 1000 178615 1 178613
202411 3456 8 1000 202401 1 202400
168275 3456 8 1000 168264 1 168262
197043 3456 8 1000 197037 1 197035
207159 3456 8 1000 207153 1 207152
293069 3456 8 1000 293066 0 293057
209438 3456 8 1000 209436 1 209427
205309 3456 8 1000 205307 0 205298
342306 3456 8 1000 342303 0 342295
332252 3456 8 1000 332248 1 332248
251246 3456 8 1000 251242 0 251233
289739 3456 8 1000 289736 1 289735
203494 3456 8 1000 203490 0 203481
244333 3456 8 1000 244324 1 244322
242294 3456 8 1000 242281 1 242279
216197 3456 8 1000 216190 1 216188
200231 3456 8 1000 200230 1 200221
185536 3456 8 1000 185529 1 185528
221239 3456 8 1000 221231 1 221229
192504 3456 8 1000 192498 1 192496
205564 3456 8 1000 205560 0 205552
211440 3456 8 1000 211432 1 211430
188855 3456 8 1000 188853 0 188844
206266 3456 8 1000 206262 0 206248
193168 3456 8 1000 193165 0 193158
158622 3456 8 1000 158615 1 158614
285917 3456 8 1000 285910 1 285908
170126 3456 8 1000 170120 1 170119
180380 3456 8 1000 180372 1 180371
187514 3456 8 1000 187508 1 187506
236831 3456 8 1000 236827 0 236820
305073 3456 8 1000 305066 1 305065
171362 3456 8 1000 171357 1 171355
197984 3456 8 1000 197978 0 197970
301199 3456 8 1000 301193 1 301191
139440 3456 8 1000 139434 1 139433
183997 3456 8 1000 183991 1 183989
