319760 3456 8 1000 319741 1 319741
457810 3456 8 1000 457789 1 457788
210645 3456 8 1000 210625 1 210624
300221 3456 8 1000 300181 0 300173
191350 3456 8 1000 191324 1 191323
218436 3456 8 1000 218415 1 218414
200012 3456 8 1000 199877 1 199875
200963 3456 8 1000 200945 0 200935
325460 3456 8 1000 325441 1 325439
181774 3456 8 1000 181753 1 181750
196155 3456 8 1000 196059 0 196043
324088 3456 8 1000 324073 1 324071
186310 3456 8 1000 186290 1 186285
194056 3456 8 1000 194020 0 194004
212434 3456 8 1000 212416 1 212412
168251 3456 8 1000 168227 0 168213
234598 3456 8 1000 234575 0 234560
239253 3456 8 1000 239232 0 239217
196473 3456 8 1000 196438 1 196433
278187 3456 8 1000 278154 0 278139
174581 3456 8 1000 174553 0 174540
212914 3456 8 1000 212897 1 212895
272694 3456 8 1000 272666 0 272653
187639 3456 8 1000 187623 0 187608
248227 3456 8 1000 248204 0 248186
208342 3456 8 1000 208234 0 208215
245195 3456 8 1000 245181 0 245167
324915 3456 8 1000 324892 0 324875
201258 3456 8 1000 201234 1 201231
288904 3456 8 1000 288883 0 288857
393950 3456 8 1000 393909 0 393892
300377 3456 8 1000 300362 1 300358
201608 3456 8 1000 201588 1 201584
190237 3456 8 1000 190210 1 190206
366195 3456 8 1000 366174 1 366169
216283 3456 8 1000 216261 0 216244
161540 3456 8 1000 161523 1 161519
197750 3456 8 1000 197735 0 197717
215549 3456 8 1000 215527 1 215523
217736 3456 8 1000 217717 1 217712
202643 3456 8 1000 202620 1 202617
323535 3456 8 1000 323514 1 323509
339482 3456 8 1000 339453 0 339436
200101 3456 8 1000 200074 0 200060
318534 3456 8 1000 318514 1 318510
175424 3456 8 1000 175352 0 175327
212323 3456 8 1000 212298 1 212294
250308 3456 8 1000 250282 0 250262
207858 3456 8 1000 207822 0 207806
233759 3456 8 1000 233743 1 233739
306709 3456 8 1000 306686 1 306681
199771 3456 8 1000 199767 0 199741
260235 3456 8 1000 260224 1 260214
205983 3456 8 1000 205974 0 205942
243836 3456 8 1000 243823 1 243810
188267 3456 8 1000 188260 1 188252
191654 3456 8 1000 191642 0 191617
155867 3456 8 1000 155835 0 155805
160498 3456 8 1000 160486 1 160475
279938 3456 8 1000 279943 0 279915
227573 3456 8 1000 227566 1 227554
226431 3456 8 1000 226423 0 226397
330814 3456 8 1000 330812 0 330785
191142 3456 8 1000 191138 0 191113
216502 3456 8 1000 216491 1 216480
233397 3456 8 1000 233391 0 233362
367694 3456 8 1000 367683 1 367674
181944 3456 8 1000 181939 1 181928
223032 3456 8 1000 223033 0 223004
312215 3456 8 1000 312206 1 312195
276339 3456 8 1000 276321 1 276291
212000 3456 8 1000 211992 1 211981
368768 3456 8 1000 368742 0 368720
204649 3456 8 1000 204644 0 204629
299450 3456 8 1000 299443 0 299415
227311 3456 8 1000 227303 1 227292
178401 3456 8 1000 178389 1 178378
306434 3456 8 1000 306436 0 306407
250922 3456 8 1000 250911 0 250887
286088 3456 8 1000 286081 1 286075
337780 3456 8 1000 337766 0 337707
203601 3456 8 1000 203583 1 203582
264856 3456 8 1000 264841 1 264839
163309 3456 8 1000 163289 0 163280
210983 3456 8 1000 210963 1 210962
222389 3456 8 1000 222370 1 222367
204264 3456 8 1000 204239 1 204237
311010 3456 8 1000 311001 1 311001
287249 3456 8 1000 287217 0 287209
207152 3456 8 1000 207123 0 207115
191246 3456 8 1000 191223 1 191220
327420 3456 8 1000 327396 1 327395
186220 3456 8 1000 186207 1 186206
221142 3456 8 1000 221121 1 221120
185509 3456 8 1000 185493 1 185492
275918 3456 8 1000 275897 1 275895
249135 3456 8 1000 249106 0 249097
180957 3456 8 1000 180923 0 180915
223011 3456 8 1000 222984 0 222976
187692 3456 8 1000 187672 1 187671
214620 3456 8 1000 214601 0 214585
298296 3456 8 1000 298276 1 298273
194741 3456 8 1000 194719 0 194711
179673 3456 8 1000 179653 1 179652
174920 3456 8 1000 174891 0 174882
190225 3456 8 1000 190193 0 190186
247307 3456 8 1000 247286 1 247284
176734 3456 8 1000 176686 1 176683
317220 3456 8 1000 317203 1 317202
230213 3456 8 1000 230194 1 230192
190782 3456 8 1000 190767 1 190765
301046 3456 8 1000 301031 1 301029
192210 3456 8 1000 192189 1 192187
360579 3456 8 1000 360562 1 360561
293711 3456 8 1000 293701 1 293700
290722 3456 8 1000 290709 1 290708
196175 3456 8 1000 196165 0 196157
211083 3456 8 1000 211073 1 211071
193030 3456 8 1000 193001 0 192994
207563 3456 8 1000 207552 1 207551
195822 3456 8 1000 195811 1 195810
172773 3456 8 1000 172760 1 172759
239077 3456 8 1000 239065 1 239063
224076 3456 8 1000 224037 0 224028
235510 3456 8 1000 235498 1 235497
183790 3456 8 1000 183779 1 183778
283585 3456 8 1000 283567 1 283565
202818 3456 8 1000 202806 1 202804
169553 3456 8 1000 169541 1 169540
279834 3456 8 1000 279820 1 279813
197004 3456 8 1000 196991 1 196989
203460 3456 8 1000 203449 1 203447
227656 3456 8 1000 227644 0 227637
171498 3456 8 1000 171482 0 171475
173015 3456 8 1000 172998 0 172991
307592 3456 8 1000 307572 1 307565
270894 3456 8 1000 270885 0 270878
356565 3456 8 1000 356553 1 356551
270404 3456 8 1000 270392 1 270391
173966 3456 8 1000 173953 1 173951
232157 3456 8 1000 232151 1 232150
156373 3456 8 1000 156365 1 156357
208061 3456 8 1000 208050 1 208048
192449 3456 8 1000 192437 1 192435
349860 3456 8 1000 349844 0 349836
351377 3456 8 1000 351361 1 351360
242793 3456 8 1000 242782 1 242780
200999 3456 8 1000 200968 0 200960
173412 3456 8 1000 173400 1 173398
186432 3456 8 1000 186419 1 186418
202932 3456 8 1000 202916 1 202914
166179 3456 8 1000 166168 0 166158
231920 3456 8 1000 231909 1 231907
201936 3456 8 1000 201926 1 201925
287646 3456 8 1000 287612 1 287610
237272 3456 8 1000 237269 0 237260
227989 3456 8 1000 227984 0 227977
282139 3456 8 1000 282129 1 282126
229210 3456 8 1000 229207 0 229199
303848 3456 8 1000 303845 0 303835
187750 3456 8 1000 187747 0 187737
210287 3456 8 1000 210281 1 210279
234435 3456 8 1000 234426 1 234425
191498 3456 8 1000 191494 0 191485
158189 3456 8 1000 158188 1 158182
276093 3456 8 1000 276085 1 276083
183721 3456 8 1000 183714 1 183713
187521 3456 8 1000 187515 1 187514
193906 3456 8 1000 193898 0 193891
220216 3456 8 1000 220208 1 220207
269944 3456 8 1000 269939 0 269932
151493 3456 8 1000 151486 1 151485
366129 3456 8 1000 366130 0 366121
355456 3456 8 1000 355455 0 355448
273543 3456 8 1000 273538 1 273536
210478 3456 8 1000 210473 1 210471
309372 3456 8 1000 309365 1 309364
344179 3456 8 1000 344176 0 344171
204565 3456 8 1000 204563 1 204562
214999 3456 8 1000 214992 1 214991
203269 3456 8 1000 203260 0 203251
208371 3456 8 1000 208368 0 208359
244024 3456 8 1000 244018 1 244016
193055 3456 8 1000 193052 0 193044
272178 3456 8 1000 272173 1 272172
318443 3456 8 1000 318436 1 318435
257400 3456 8 1000 257398 0 257390
178458 3456 8 1000 178453 1 178452
185945 3456 8 1000 185940 1 185939
278472 3456 8 1000 278466 1 278464
228635 3456 8 1000 228630 1 228629
164368 3456 8 1000 164362 1 164361
223314 3456 8 1000 223310 1 223309
158225 3456 8 1000 158221 1 158220
188496 3456 8 1000 188492 1 188492
153986 3456 8 1000 153984 1 153982
195710 3456 8 1000 195706 1 195705
158341 3456 8 1000 158338 1 158337
152005 3456 8 1000 152002 1 152001
126843 3456 8 1000 126839 1 126838
200706 3456 8 1000 200703 1 200702
159283 3456 8 1000 159280 0 159276
184949 3456 8 1000 184948 0 184943
155923 3456 8 1000 155921 0 155916
