351914 4608 8 10000 350138 1 350137
165801 4608 8 10000 165780 1 165779
178684 4608 8 10000 178632 0 178623
320489 4608 8 10000 320457 1 320457
237460 4608 8 10000 237436 1 237436
238746 4608 8 10000 238714 1 238713
151868 4608 8 10000 151840 1 151840
191482 4608 8 10000 191369 0 191363
269714 4608 8 10000 269691 1 269691
169092 4608 8 10000 169042 1 169041
167379 4608 8 10000 167319 0 167314
198793 4608 8 10000 198732 0 198727
189004 4608 8 10000 188983 1 188983
218162 4608 8 10000 218143 0 218134
202782 4608 8 10000 202759 1 202756
184944 4608 8 10000 184926 1 184924
345220 4608 8 10000 345190 1 345188
187380 4608 8 10000 187361 0 187353
204779 4608 8 10000 204757 1 204755
191732 4608 8 10000 191709 1 191706
202044 4608 8 10000 202024 1 202022
191281 4608 8 10000 191260 1 191256
301712 4608 8 10000 301690 1 301687
232321 4608 8 10000 232299 1 232295
283942 4608 8 10000 283918 1 283916
172569 4608 8 10000 172538 1 172523
196645 4608 8 10000 196609 1 196588
161771 4608 8 10000 161751 1 161748
295950 4608 8 10000 295917 1 295915
206265 4608 8 10000 206230 1 206227
204355 4608 8 10000 204335 0 204327
197003 4608 8 10000 196989 0 196980
285496 4608 8 10000 285478 1 285473
295047 4608 8 10000 295032 1 295022
170133 4608 8 10000 170108 1 170103
295124 4608 8 10000 295104 1 295101
214318 4608 8 10000 214292 0 214278
279902 4608 8 10000 279879 1 279876
398303 4608 8 10000 398279 1 398275
330099 4608 8 10000 330077 1 330073
253862 4608 8 10000 253840 1 253836
281916 4608 8 10000 281886 1 281883
162758 4608 8 10000 162743 1 162739
245983 4608 8 10000 245969 0 245952
213419 4608 8 10000 213399 1 213396
341233 4608 8 10000 341207 0 341190
206637 4608 8 10000 206616 1 206612
221965 4608 8 10000 221947 0 221929
263908 4608 8 10000 263881 0 263865
176518 4608 8 10000 176499 1 176495
186632 4608 8 10000 186610 1 186604
225806 4608 8 10000 225787 0 225770
256192 4608 8 10000 256164 0 256149
195841 4608 8 10000 195834 1 195833
172199 4608 8 10000 172178 1 172174
224338 4608 8 10000 224316 1 224312
228823 4608 8 10000 228806 1 228803
399436 4608 8 10000 399410 0 399394
218708 4608 8 10000 218685 1 218667
292577 4608 8 10000 292564 1 292552
248921 4608 8 10000 248898 1 248888
180471 4608 8 10000 180457 1 180443
322363 4608 8 10000 322350 1 322340
212317 4608 8 10000 212244 0 212217
222996 4608 8 10000 222980 0 222953
217925 4608 8 10000 217916 1 217908
461339 4608 8 10000 461329 1 461318
377398 4608 8 10000 377380 1 377363
218998 4608 8 10000 218984 1 218972
230738 4608 8 10000 230730 1 230727
251421 4608 8 10000 251424 0 251398
279866 4608 8 10000 279852 1 279843
267931 4608 8 10000 267920 0 267892
380623 4608 8 10000 380613 1 380599
290938 4608 8 10000 290919 1 290908
189061 4608 8 10000 189054 0 189031
195224 4608 8 10000 195223 0 195195
287105 4608 8 10000 287097 1 287087
238144 4608 8 10000 238130 1 238119
306155 4608 8 10000 306144 1 306131
276039 4608 8 10000 276027 1 276015
371946 4608 8 10000 371929 0 371902
241796 4608 8 10000 241785 1 241770
224742 4608 8 10000 224734 1 224726
207544 4608 8 10000 207532 1 207514
181597 4608 8 10000 181576 1 181568
223333 4608 8 10000 223320 0 223306
310084 4608 8 10000 310073 0 310055
255951 4608 8 10000 255947 1 255928
193377 4608 8 10000 193353 1 193351
238810 4608 8 10000 238799 1 238798
237144 4608 8 10000 237121 0 237112
228501 4608 8 10000 228479 1 228478
262256 4608 8 10000 262138 0 262105
349367 4608 8 10000 349343 1 349343
197480 4608 8 10000 197460 1 197458
317056 4608 8 10000 317035 1 317033
350981 4608 8 10000 350962 1 350960
186645 4608 8 10000 186628 1 186627
207247 4608 8 10000 207228 0 207220
197956 4608 8 10000 197934 0 197924
233841 4608 8 10000 233820 1 233819
340786 4608 8 10000 340754 0 340746
357816 4608 8 10000 357795 0 357787
206963 4608 8 10000 206936 0 206928
206640 4608 8 10000 206620 1 206618
210695 4608 8 10000 210680 1 210680
226288 4608 8 10000 226259 0 226251
257646 4608 8 10000 257626 1 257625
361358 4608 8 10000 361330 0 361321
210470 4608 8 10000 210450 1 210448
203681 4608 8 10000 203659 0 203648
221193 4608 8 10000 221174 1 221172
372703 4608 8 10000 372684 1 372683
210976 4608 8 10000 210957 1 210956
217484 4608 8 10000 217462 0 217455
188643 4608 8 10000 188623 1 188621
333430 4608 8 10000 333400 0 333394
192494 4608 8 10000 192477 1 192476
210051 4608 8 10000 210023 0 210017
208004 4608 8 10000 207982 1 207981
182109 4608 8 10000 182087 1 182086
327564 4608 8 10000 327546 0 327537
368533 4608 8 10000 368512 1 368510
211874 4608 8 10000 211846 0 211839
227122 4608 8 10000 227093 0 227087
169329 4608 8 10000 169310 0 169303
219969 4608 8 10000 219949 1 219947
194852 4608 8 10000 194832 0 194824
213610 4608 8 10000 213585 0 213577
195691 4608 8 10000 195668 1 195667
246945 4608 8 10000 246922 1 246920
325963 4608 8 10000 325912 0 325904
219834 4608 8 10000 219812 0 219805
288376 4608 8 10000 288364 1 288363
224237 4608 8 10000 224216 1 224215
232269 4608 8 10000 232247 1 232240
180559 4608 8 10000 180506 1 180504
223899 4608 8 10000 223920 0 223880
255907 4608 8 10000 255891 1 255890
212230 4608 8 10000 212221 1 212220
211444 4608 8 10000 211433 0 211426
342976 4608 8 10000 342962 1 342961
178567 4608 8 10000 178554 0 178544
228800 4608 8 10000 228786 1 228785
205551 4608 8 10000 205539 1 205538
344622 4608 8 10000 344606 0 344597
290448 4608 8 10000 290434 1 290433
193576 4608 8 10000 193566 0 193558
225120 4608 8 10000 225107 1 225105
278446 4608 8 10000 278435 1 278433
210251 4608 8 10000 210235 1 210228
266222 4608 8 10000 266206 1 266204
184780 4608 8 10000 184766 0 184758
238879 4608 8 10000 238866 1 238865
197524 4608 8 10000 197497 0 197489
202883 4608 8 10000 202872 1 202871
394689 4608 8 10000 394677 1 394676
290962 4608 8 10000 290949 1 290947
345031 4608 8 10000 345012 1 345010
305599 4608 8 10000 305590 1 305589
201824 4608 8 10000 201809 1 201802
210036 4608 8 10000 210026 0 210018
268717 4608 8 10000 268704 1 268702
379378 4608 8 10000 379363 0 379355
216971 4608 8 10000 216960 1 216959
306150 4608 8 10000 306138 1 306136
246762 4608 8 10000 246744 0 246736
272864 4608 8 10000 272850 1 272849
294668 4608 8 10000 294647 0 294639
237239 4608 8 10000 237223 0 237215
232795 4608 8 10000 232779 0 232770
222863 4608 8 10000 222847 1 222847
328498 4608 8 10000 328482 1 328481
202619 4608 8 10000 202605 1 202604
323644 4608 8 10000 323628 0 323620
296677 4608 8 10000 296664 1 296663
259839 4608 8 10000 259820 1 259818
286883 4608 8 10000 286818 0 286810
205296 4608 8 10000 205264 0 205255
280806 4608 8 10000 280784 1 280783
207744 4608 8 10000 207737 1 207735
190291 4608 8 10000 190284 1 190282
186046 4608 8 10000 186040 1 186039
213733 4608 8 10000 213727 1 213725
214675 4608 8 10000 214674 0 214663
201743 4608 8 10000 201738 1 201736
242613 4608 8 10000 242607 1 242606
232158 4608 8 10000 232151 1 232149
359518 4608 8 10000 359512 1 359510
225581 4608 8 10000 225585 0 225574
210203 4608 8 10000 210198 1 210197
355995 4608 8 10000 355987 1 355986
197433 4608 8 10000 197427 1 197425
276716 4608 8 10000 276714 0 276703
353701 4608 8 10000 353698 0 353688
213597 4608 8 10000 213589 1 213587
294689 4608 8 10000 294684 1 294681
207924 4608 8 10000 207915 1 207914
174260 4608 8 10000 174253 1 174252
366077 4608 8 10000 366073 0 366069
219066 4608 8 10000 219059 1 219058
291418 4608 8 10000 291418 0 291405
305490 4608 8 10000 305484 1 305482
227545 4608 8 10000 227539 0 227524
375865 4608 8 10000 375854 1 375850
236816 4608 8 10000 236807 1 236805
348791 4608 8 10000 348783 1 348780
319316 4608 8 10000 319316 0 319300
240970 4608 8 10000 240967 0 240955
212631 4608 8 10000 212624 1 212622
