248598 4608 8 10000 248566 1 248566
169468 4608 8 10000 169438 1 169437
340277 4608 8 10000 340246 1 340246
171799 4608 8 10000 171768 1 171767
256553 4608 8 10000 256523 1 256522
302299 4608 8 10000 302268 1 302267
258790 4608 8 10000 258682 1 258681
257064 4608 8 10000 257049 1 257048
213099 4608 8 10000 213076 0 213068
189607 4608 8 10000 189586 1 189585
213966 4608 8 10000 213946 1 213946
187761 4608 8 10000 187734 1 187734
392051 4608 8 10000 391853 0 391840
190426 4608 8 10000 190393 1 190391
267192 4608 8 10000 267159 1 267157
203360 4608 8 10000 203335 1 203323
189576 4608 8 10000 189547 1 189543
262163 4608 8 10000 262141 1 262138
182473 4608 8 10000 182453 1 182450
226298 4608 8 10000 226254 0 226240
195734 4608 8 10000 195707 1 195703
221724 4608 8 10000 221704 1 221702
146540 4608 8 10000 146518 0 146502
185580 4608 8 10000 185554 1 185550
187275 4608 8 10000 187256 0 187240
228845 4608 8 10000 228824 1 228821
213281 4608 8 10000 213243 0 213229
281178 4608 8 10000 281159 1 281156
198627 4608 8 10000 198602 1 198600
209650 4608 8 10000 209634 1 209630
197785 4608 8 10000 197761 1 197758
258256 4608 8 10000 258228 1 258207
227972 4608 8 10000 227945 0 227925
190042 4608 8 10000 190023 1 190020
304580 4608 8 10000 304557 1 304554
183897 4608 8 10000 183849 0 183830
252669 4608 8 10000 252655 1 252639
335668 4608 8 10000 335652 0 335636
186854 4608 8 10000 186831 0 186819
162215 4608 8 10000 162139 0 162119
174486 4608 8 10000 174467 1 174462
193663 4608 8 10000 193642 1 193640
191641 4608 8 10000 191611 1 191594
215694 4608 8 10000 215671 1 215667
184513 4608 8 10000 184487 1 184484
210352 4608 8 10000 210336 1 210333
262994 4608 8 10000 262982 1 262975
220603 4608 8 10000 220552 1 220530
198291 4608 8 10000 198272 1 198268
180348 4608 8 10000 180328 0 180310
163226 4608 8 10000 163243 0 163195
215317 4608 8 10000 215292 1 215287
326871 4608 8 10000 326839 0 326827
312568 4608 8 10000 312547 1 312543
261037 4608 8 10000 261016 1 261011
312164 4608 8 10000 312143 1 312137
324455 4608 8 10000 324439 0 324416
205714 4608 8 10000 205698 1 205686
185578 4608 8 10000 185560 1 185547
235470 4608 8 10000 235456 1 235444
210754 4608 8 10000 210749 1 210720
278487 4608 8 10000 278473 1 278462
270862 4608 8 10000 270862 0 270835
206280 4608 8 10000 206263 0 206238
392777 4608 8 10000 392765 1 392754
177743 4608 8 10000 177736 1 177734
239951 4608 8 10000 239943 1 239935
394259 4608 8 10000 394247 1 394234
361404 4608 8 10000 361376 1 361365
228287 4608 8 10000 228286 0 228254
232049 4608 8 10000 232033 0 232000
317784 4608 8 10000 317774 1 317764
252500 4608 8 10000 252492 1 252479
274727 4608 8 10000 274716 1 274704
400560 4608 8 10000 400548 0 400522
390965 4608 8 10000 390944 0 390915
224396 4608 8 10000 224397 1 224369
436583 4608 8 10000 436580 0 436555
448756 4608 8 10000 448743 0 448721
269680 4608 8 10000 269667 1 269656
211220 4608 8 10000 211209 1 211198
198673 4608 8 10000 198654 1 198642
252265 4608 8 10000 252248 1 252233
360796 4608 8 10000 360773 0 360741
286603 4608 8 10000 286595 1 286583
312450 4608 8 10000 312442 1 312434
193103 4608 8 10000 193105 0 193057
239670 4608 8 10000 239646 0 239639
182000 4608 8 10000 181977 1 181976
169305 4608 8 10000 169285 1 169283
203476 4608 8 10000 203456 1 203454
245907 4608 8 10000 245883 1 245881
204502 4608 8 10000 204480 1 204478
287361 4608 8 10000 287337 1 287336
214980 4608 8 10000 214955 0 214947
206596 4608 8 10000 206578 1 206576
387108 4608 8 10000 387088 1 387086
194879 4608 8 10000 194855 1 194853
205983 4608 8 10000 205963 1 205962
206890 4608 8 10000 206870 0 206863
210306 4608 8 10000 210281 0 210272
226696 4608 8 10000 226676 1 226675
333171 4608 8 10000 333152 1 333150
297502 4608 8 10000 297482 1 297481
239938 4608 8 10000 239916 1 239915
256391 4608 8 10000 256365 0 256357
192387 4608 8 10000 192369 1 192367
241874 4608 8 10000 241858 0 241853
213654 4608 8 10000 213634 1 213632
201020 4608 8 10000 201003 1 201001
243244 4608 8 10000 243224 1 243222
187753 4608 8 10000 187736 0 187729
262682 4608 8 10000 262662 1 262661
233783 4608 8 10000 233763 1 233760
231165 4608 8 10000 231148 0 231139
318699 4608 8 10000 318675 1 318674
197443 4608 8 10000 197423 1 197421
222040 4608 8 10000 222022 1 222019
250906 4608 8 10000 250888 1 250886
341849 4608 8 10000 341813 0 341804
201644 4608 8 10000 201614 0 201606
289725 4608 8 10000 289705 0 289697
208935 4608 8 10000 208913 1 208911
419669 4608 8 10000 419650 1 419648
236617 4608 8 10000 236590 0 236582
245251 4608 8 10000 245234 0 245225
200183 4608 8 10000 200166 1 200165
200576 4608 8 10000 200553 0 200546
190055 4608 8 10000 190032 1 190031
201372 4608 8 10000 201353 1 201352
316888 4608 8 10000 316867 0 316860
254417 4608 8 10000 254447 0 254389
187658 4608 8 10000 187646 1 187644
192106 4608 8 10000 192093 0 192085
196378 4608 8 10000 196363 1 196362
223894 4608 8 10000 223884 1 223882
317655 4608 8 10000 317642 1 317641
244750 4608 8 10000 244739 1 244738
191471 4608 8 10000 191458 1 191456
333199 4608 8 10000 333187 1 333185
208551 4608 8 10000 208542 0 208535
250103 4608 8 10000 250089 1 250088
180397 4608 8 10000 180359 0 180351
272610 4608 8 10000 272595 1 272594
268503 4608 8 10000 268492 1 268491
229826 4608 8 10000 229810 1 229804
295394 4608 8 10000 295381 1 295379
262212 4608 8 10000 262200 1 262199
221378 4608 8 10000 221365 1 221364
173987 4608 8 10000 173974 1 173972
269169 4608 8 10000 269148 1 269147
210421 4608 8 10000 210411 1 210410
322517 4608 8 10000 322504 1 322501
270660 4608 8 10000 270649 1 270648
261178 4608 8 10000 261162 1 261160
199616 4608 8 10000 199606 0 199599
228738 4608 8 10000 228723 0 228715
212832 4608 8 10000 212821 1 212818
198180 4608 8 10000 198164 1 198163
203915 4608 8 10000 203902 1 203900
191453 4608 8 10000 191441 0 191434
289819 4608 8 10000 289810 0 289803
254544 4608 8 10000 254534 0 254526
172389 4608 8 10000 172379 0 172373
325380 4608 8 10000 325364 0 325358
236127 4608 8 10000 236116 1 236115
249581 4608 8 10000 249569 0 249562
244107 4608 8 10000 244072 0 244063
220435 4608 8 10000 220423 1 220421
313174 4608 8 10000 313163 1 313162
227094 4608 8 10000 227079 1 227071
236204 4608 8 10000 236194 1 236192
181275 4608 8 10000 181263 1 181262
217914 4608 8 10000 217901 1 217900
358389 4608 8 10000 358375 1 358373
235060 4608 8 10000 235049 1 235042
288142 4608 8 10000 288130 1 288129
305944 4608 8 10000 305937 1 305936
209214 4608 8 10000 209206 1 209205
297043 4608 8 10000 297040 1 297039
286945 4608 8 10000 286942 0 286928
246978 4608 8 10000 246978 0 246966
316638 4608 8 10000 316632 1 316631
370184 4608 8 10000 370186 0 370175
182842 4608 8 10000 182835 1 182833
191123 4608 8 10000 191114 1 191113
235612 4608 8 10000 235606 1 235604
246382 4608 8 10000 246375 1 246373
227850 4608 8 10000 227807 1 227805
225770 4608 8 10000 225767 0 225756
188158 4608 8 10000 188150 1 188148
356230 4608 8 10000 356222 1 356221
195842 4608 8 10000 195834 1 195832
178793 4608 8 10000 178787 0 178775
187898 4608 8 10000 187891 1 187889
244808 4608 8 10000 244807 0 244793
222254 4608 8 10000 222245 1 222243
273017 4608 8 10000 273014 0 273003
259974 4608 8 10000 259966 1 259965
203859 4608 8 10000 203852 1 203851
175970 4608 8 10000 175970 0 175960
311170 4608 8 10000 311168 0 311153
410982 4608 8 10000 410971 0 410957
473537 4608 8 10000 473530 1 473529
327700 4608 8 10000 327700 0 327687
321840 4608 8 10000 321829 0 321817
196572 4608 8 10000 196565 1 196562
260856 4608 8 10000 260852 1 260850
369576 4608 8 10000 369576 0 369565
308022 4608 8 10000 308015 1 308014
191335 4608 8 10000 191331 0 191322
275443 4608 8 10000 275437 1 275436
