196567 4608 8 10000 196537 1 196537
231316 4608 8 10000 231288 1 231288
210757 4608 8 10000 210737 1 210737
209701 4608 8 10000 209652 0 209645
171993 4608 8 10000 171973 1 171972
223867 4608 8 10000 223847 1 223846
305533 4608 8 10000 305469 0 305463
199084 4608 8 10000 199002 1 198991
337327 4608 8 10000 337254 0 337247
252076 4608 8 10000 252054 0 252043
321210 4608 8 10000 321188 1 321185
190229 4608 8 10000 190208 1 190206
185215 4608 8 10000 185193 1 185190
182510 4608 8 10000 182485 1 182483
220637 4608 8 10000 220615 1 220613
208975 4608 8 10000 208962 1 208961
226875 4608 8 10000 226857 1 226855
176023 4608 8 10000 175987 0 175974
295762 4608 8 10000 295738 0 295723
255805 4608 8 10000 255774 0 255762
224905 4608 8 10000 224883 1 224880
211456 4608 8 10000 211449 0 211422
334822 4608 8 10000 334800 1 334796
248991 4608 8 10000 248953 0 248936
247661 4608 8 10000 247639 1 247635
181486 4608 8 10000 181465 1 181462
209766 4608 8 10000 209743 1 209738
321199 4608 8 10000 321179 1 321175
228181 4608 8 10000 228162 1 228157
183479 4608 8 10000 183440 0 183423
311559 4608 8 10000 311539 1 311533
189509 4608 8 10000 189488 1 189484
209599 4608 8 10000 209580 1 209575
196387 4608 8 10000 196363 0 196352
226924 4608 8 10000 226901 1 226897
188779 4608 8 10000 188735 0 188719
209341 4608 8 10000 209318 1 209314
221573 4608 8 10000 221564 0 221540
282280 4608 8 10000 282264 0 282248
192236 4608 8 10000 192218 1 192214
336387 4608 8 10000 336366 1 336363
170609 4608 8 10000 170587 1 170584
318847 4608 8 10000 318823 1 318819
229722 4608 8 10000 229700 1 229685
176537 4608 8 10000 176488 0 176463
228075 4608 8 10000 228046 0 228034
247980 4608 8 10000 247957 0 247942
341358 4608 8 10000 341332 1 341328
249427 4608 8 10000 249415 1 249402
196270 4608 8 10000 196261 0 196238
191329 4608 8 10000 191321 0 191296
198409 4608 8 10000 198397 1 198386
258160 4608 8 10000 258150 1 258139
163796 4608 8 10000 163800 0 163773
316269 4608 8 10000 316268 0 316240
367413 4608 8 10000 367417 0 367394
530424 4608 8 10000 530417 0 530390
228148 4608 8 10000 228146 1 228127
248194 4608 8 10000 248177 1 248163
346205 4608 8 10000 346196 1 346183
226615 4608 8 10000 226606 1 226595
279579 4608 8 10000 279570 1 279555
202440 4608 8 10000 202426 0 202401
195996 4608 8 10000 195986 0 195961
384341 4608 8 10000 384341 0 384317
385068 4608 8 10000 385068 0 385040
301827 4608 8 10000 301809 0 301788
395305 4608 8 10000 395295 0 395267
378661 4608 8 10000 378647 1 378633
510850 4608 8 10000 510843 0 510813
301657 4608 8 10000 301649 1 301636
223745 4608 8 10000 223721 0 223692
250077 4608 8 10000 250068 1 250058
180788 4608 8 10000 180785 0 180756
287509 4608 8 10000 287500 1 287495
208731 4608 8 10000 208720 1 208707
348548 4608 8 10000 348537 1 348526
234390 4608 8 10000 234382 1 234363
238344 4608 8 10000 238785 1 238322
220462 4608 8 10000 220442 1 220440
214811 4608 8 10000 214780 0 214773
198859 4608 8 10000 198841 1 198834
197266 4608 8 10000 197225 0 197217
289601 4608 8 10000 289581 1 289580
258897 4608 8 10000 258880 0 258871
285122 4608 8 10000 285102 1 285100
211804 4608 8 10000 211776 1 211768
225490 4608 8 10000 225466 1 225465
210773 4608 8 10000 210751 1 210750
384601 4608 8 10000 384571 0 384562
226047 4608 8 10000 226017 0 226009
199145 4608 8 10000 199128 1 199126
221522 4608 8 10000 221500 0 221491
365115 4608 8 10000 365084 0 365076
241850 4608 8 10000 241831 1 241829
315612 4608 8 10000 315595 1 315593
239312 4608 8 10000 239266 0 239255
389339 4608 8 10000 389321 1 389319
211013 4608 8 10000 210993 1 210991
263294 4608 8 10000 263281 1 263279
285199 4608 8 10000 285169 0 285160
276693 4608 8 10000 276668 1 276665
210713 4608 8 10000 210696 1 210695
219676 4608 8 10000 219661 0 219655
299454 4608 8 10000 299438 1 299437
212250 4608 8 10000 212231 1 212229
180657 4608 8 10000 180636 1 180635
168254 4608 8 10000 168235 1 168234
221699 4608 8 10000 221678 1 221677
208651 4608 8 10000 208628 1 208626
206512 4608 8 10000 206490 1 206488
173757 4608 8 10000 173737 1 173736
209152 4608 8 10000 209134 1 209133
288655 4608 8 10000 288636 1 288634
260000 4608 8 10000 259982 0 259973
389915 4608 8 10000 389888 1 389887
305204 4608 8 10000 305186 0 305178
213471 4608 8 10000 213448 1 213433
308538 4608 8 10000 308519 1 308517
348511 4608 8 10000 348494 1 348493
224113 4608 8 10000 224041 1 224039
288714 4608 8 10000 288701 1 288699
267813 4608 8 10000 267799 1 267798
205190 4608 8 10000 205179 1 205178
269665 4608 8 10000 269641 1 269640
214093 4608 8 10000 214087 0 214080
273955 4608 8 10000 273940 0 273933
289253 4608 8 10000 289236 0 289226
314317 4608 8 10000 314305 1 314304
193480 4608 8 10000 193469 0 193462
201275 4608 8 10000 201264 1 201262
288175 4608 8 10000 288167 0 288159
201370 4608 8 10000 201359 1 201358
285869 4608 8 10000 285857 1 285856
203195 4608 8 10000 203182 1 203180
233301 4608 8 10000 233280 0 233274
337864 4608 8 10000 337849 1 337847
288937 4608 8 10000 288919 0 288912
222559 4608 8 10000 222546 0 222538
192626 4608 8 10000 192614 1 192613
218123 4608 8 10000 218111 1 218109
230914 4608 8 10000 230902 1 230900
278547 4608 8 10000 278534 1 278532
169090 4608 8 10000 169079 1 169077
212763 4608 8 10000 212753 1 212751
319523 4608 8 10000 319511 0 319502
192613 4608 8 10000 192598 0 192591
205738 4608 8 10000 205727 1 205726
210341 4608 8 10000 210330 1 210328
312909 4608 8 10000 312895 1 312893
210954 4608 8 10000 210942 0 210934
198820 4608 8 10000 198808 1 198806
331357 4608 8 10000 331348 0 331338
265304 4608 8 10000 265289 0 265282
369338 4608 8 10000 369326 1 369325
215882 4608 8 10000 215867 0 215858
229666 4608 8 10000 229655 1 229654
248268 4608 8 10000 248253 0 248245
206780 4608 8 10000 206768 1 206767
284885 4608 8 10000 284877 1 284877
219120 4608 8 10000 219115 1 219109
196476 4608 8 10000 196464 1 196463
199693 4608 8 10000 199682 1 199680
197406 4608 8 10000 197348 0 197337
202461 4608 8 10000 202454 1 202453
295713 4608 8 10000 295706 1 295704
267909 4608 8 10000 267902 1 267901
216134 4608 8 10000 216125 1 216121
175879 4608 8 10000 175873 1 175872
291705 4608 8 10000 291698 0 291687
234646 4608 8 10000 234637 1 234635
204669 4608 8 10000 204668 0 204653
228768 4608 8 10000 228762 1 228761
191497 4608 8 10000 191491 1 191489
316578 4608 8 10000 316575 1 316564
178785 4608 8 10000 178783 0 178770
197001 4608 8 10000 196996 1 196994
170730 4608 8 10000 170727 1 170715
215106 4608 8 10000 215105 1 215091
209009 4608 8 10000 209004 1 209003
258866 4608 8 10000 258857 1 258856
218208 4608 8 10000 218206 1 218195
190767 4608 8 10000 190760 1 190759
197590 4608 8 10000 197584 1 197583
340106 4608 8 10000 340106 1 340094
356872 4608 8 10000 356865 1 356864
140237 4608 8 10000 140230 1 140228
235185 4608 8 10000 235178 1 235176
196732 4608 8 10000 196730 0 196719
259943 4608 8 10000 259934 1 259932
249960 4608 8 10000 249950 1 249949
225042 4608 8 10000 225035 1 225034
230606 4608 8 10000 230604 0 230592
321693 4608 8 10000 321683 1 321681
250853 4608 8 10000 250845 1 250843
204950 4608 8 10000 204937 1 204936
411898 4608 8 10000 411891 1 411890
203898 4608 8 10000 203892 1 203890
216066 4608 8 10000 216066 0 216054
262109 4608 8 10000 262102 1 262101
198695 4608 8 10000 198689 1 198688
331440 4608 8 10000 331433 1 331432
193616 4608 8 10000 193612 1 193610
205643 4608 8 10000 205636 1 205635
252747 4608 8 10000 252741 1 252740
188903 4608 8 10000 188898 1 188897
165515 4608 8 10000 165511 1 165510
