232458 4608 8 10000 232427 0 232421
205805 4608 8 10000 205746 0 205740
185568 4608 8 10000 185546 1 185545
173451 4608 8 10000 173413 1 173407
190144 4608 8 10000 190114 1 190113
221599 4608 8 10000 221590 1 221589
212260 4608 8 10000 212162 0 212147
183193 4608 8 10000 183167 1 183163
286993 4608 8 10000 286972 1 286970
214897 4608 8 10000 214874 1 214871
189526 4608 8 10000 189496 1 189492
255847 4608 8 10000 255824 1 255822
263632 4608 8 10000 263611 1 263608
178621 4608 8 10000 178590 0 178577
177439 4608 8 10000 177417 1 177414
199734 4608 8 10000 199714 1 199712
190370 4608 8 10000 190338 0 190323
160918 4608 8 10000 160895 1 160893
182188 4608 8 10000 182167 1 182163
217626 4608 8 10000 217608 1 217605
143016 4608 8 10000 142996 1 142992
206364 4608 8 10000 206334 0 206314
295894 4608 8 10000 295815 0 295800
368016 4608 8 10000 367994 0 367978
207309 4608 8 10000 207290 1 207286
191141 4608 8 10000 191128 0 191115
232782 4608 8 10000 232772 1 232759
201315 4608 8 10000 201297 1 201293
218032 4608 8 10000 218006 1 217992
239288 4608 8 10000 239260 0 239246
168605 4608 8 10000 168585 1 168581
194767 4608 8 10000 194748 0 194731
189093 4608 8 10000 189074 1 189070
309162 4608 8 10000 309145 1 309141
285610 4608 8 10000 285585 0 285566
303981 4608 8 10000 303960 1 303957
168619 4608 8 10000 168599 1 168594
280634 4608 8 10000 280616 1 280612
200312 4608 8 10000 200332 0 200279
193271 4608 8 10000 193249 1 193243
186292 4608 8 10000 186270 0 186255
304048 4608 8 10000 304021 0 304007
226440 4608 8 10000 226406 0 226390
224864 4608 8 10000 224840 1 224834
222164 4608 8 10000 222140 1 222135
217162 4608 8 10000 217147 1 217137
176905 4608 8 10000 176896 1 176890
255125 4608 8 10000 255108 1 255099
222103 4608 8 10000 222100 0 222071
199350 4608 8 10000 199332 1 199321
440879 4608 8 10000 440869 1 440858
153171 4608 8 10000 153163 1 153150
245645 4608 8 10000 245605 1 245596
208340 4608 8 10000 208338 0 208312
337427 4608 8 10000 337401 1 337391
522670 4608 8 10000 522658 0 522629
264162 4608 8 10000 264152 1 264138
233409 4608 8 10000 233393 1 233380
319879 4608 8 10000 319867 1 319856
451884 4608 8 10000 451874 1 451861
224484 4608 8 10000 224473 1 224460
206989 4608 8 10000 206988 0 206963
450873 4608 8 10000 450861 1 450849
256351 4608 8 10000 256339 1 256326
235234 4608 8 10000 235225 0 235198
197947 4608 8 10000 197939 1 197929
225441 4608 8 10000 225428 1 225413
210868 4608 8 10000 210857 1 210845
262668 4608 8 10000 262657 0 262636
408881 4608 8 10000 408877 1 408874
311742 4608 8 10000 311731 1 311719
303909 4608 8 10000 303897 0 303866
224112 4608 8 10000 224101 1 224090
197628 4608 8 10000 197615 1 197604
214156 4608 8 10000 214145 1 214132
207598 4608 8 10000 207586 1 207576
330813 4608 8 10000 330804 1 330788
236088 4608 8 10000 236083 0 236060
234615 4608 8 10000 234595 1 234594
186455 4608 8 10000 186430 1 186428
218842 4608 8 10000 218823 1 218821
193104 4608 8 10000 193090 1 193088
165139 4608 8 10000 165114 1 165112
247253 4608 8 10000 247234 1 247232
298405 4608 8 10000 298378 1 298377
353779 4608 8 10000 353734 0 353728
213368 4608 8 10000 213348 0 213340
219529 4608 8 10000 219509 1 219508
307141 4608 8 10000 307120 1 307119
242032 4608 8 10000 242008 0 241997
284500 4608 8 10000 284477 1 284475
218490 4608 8 10000 218471 1 218469
243991 4608 8 10000 243970 1 243968
258024 4608 8 10000 258005 0 257997
297456 4608 8 10000 297435 1 297433
242102 4608 8 10000 242065 1 242063
206026 4608 8 10000 205992 0 205984
309564 4608 8 10000 309544 0 309534
212669 4608 8 10000 212652 1 212650
344604 4608 8 10000 344578 1 344577
316891 4608 8 10000 316873 1 316871
366424 4608 8 10000 366392 0 366384
202840 4608 8 10000 202818 0 202808
314186 4608 8 10000 314159 0 314152
176988 4608 8 10000 176970 1 176968
204673 4608 8 10000 204654 0 204647
244298 4608 8 10000 244248 1 244245
194519 4608 8 10000 194501 1 194500
184816 4608 8 10000 184804 1 184803
217343 4608 8 10000 217320 1 217318
214878 4608 8 10000 214845 0 214836
202293 4608 8 10000 202274 1 202272
193194 4608 8 10000 193176 1 193175
195094 4608 8 10000 195076 1 195075
215905 4608 8 10000 215878 1 215877
200536 4608 8 10000 200506 0 200495
201934 4608 8 10000 201912 1 201910
183654 4608 8 10000 183630 0 183623
224963 4608 8 10000 224944 1 224943
186994 4608 8 10000 186978 0 186970
254409 4608 8 10000 254389 1 254387
225091 4608 8 10000 225072 1 225070
271945 4608 8 10000 271924 1 271923
224601 4608 8 10000 224580 1 224578
211216 4608 8 10000 211157 1 211155
176261 4608 8 10000 176252 1 176251
220694 4608 8 10000 220687 1 220685
302230 4608 8 10000 302216 1 302214
353297 4608 8 10000 353285 1 353283
191436 4608 8 10000 191407 1 191400
220727 4608 8 10000 220716 1 220714
271746 4608 8 10000 271734 1 271732
374239 4608 8 10000 374226 1 374224
185891 4608 8 10000 185879 1 185878
267607 4608 8 10000 267595 1 267594
209586 4608 8 10000 209578 1 209570
198495 4608 8 10000 198483 1 198482
198466 4608 8 10000 198452 1 198451
237150 4608 8 10000 237141 1 237140
328240 4608 8 10000 328226 0 328217
384785 4608 8 10000 384774 1 384772
190779 4608 8 10000 190772 1 190771
169480 4608 8 10000 169467 1 169457
254852 4608 8 10000 254839 1 254837
230843 4608 8 10000 230825 0 230815
318483 4608 8 10000 318471 1 318470
229378 4608 8 10000 229366 0 229357
230126 4608 8 10000 230113 1 230111
166006 4608 8 10000 165995 0 165988
187647 4608 8 10000 187635 1 187633
211335 4608 8 10000 211322 1 211315
201039 4608 8 10000 201028 1 201026
239157 4608 8 10000 239144 1 239143
222756 4608 8 10000 222746 0 222735
222827 4608 8 10000 222815 1 222814
205363 4608 8 10000 205350 1 205348
233337 4608 8 10000 233321 0 233315
284401 4608 8 10000 284383 0 284376
235846 4608 8 10000 235833 0 235825
287137 4608 8 10000 287124 1 287121
237338 4608 8 10000 237325 1 237325
327649 4608 8 10000 327629 1 327626
346740 4608 8 10000 346727 1 346726
283257 4608 8 10000 283242 0 283234
309905 4608 8 10000 309890 0 309883
194896 4608 8 10000 194884 1 194882
232227 4608 8 10000 232215 1 232213
208658 4608 8 10000 208642 0 208636
227376 4608 8 10000 227362 1 227361
214043 4608 8 10000 214028 0 214020
230481 4608 8 10000 230430 0 230421
322665 4608 8 10000 322660 1 322659
203408 4608 8 10000 203401 1 203399
236468 4608 8 10000 236462 1 236461
256634 4608 8 10000 256627 1 256626
177954 4608 8 10000 177946 1 177945
235229 4608 8 10000 235230 0 235216
350779 4608 8 10000 350770 1 350769
226058 4608 8 10000 226050 1 226048
200287 4608 8 10000 200278 1 200276
295153 4608 8 10000 295146 1 295143
227036 4608 8 10000 227028 1 227027
217858 4608 8 10000 217851 1 217849
187996 4608 8 10000 187989 1 187988
210742 4608 8 10000 210740 0 210729
230632 4608 8 10000 230624 1 230623
271278 4608 8 10000 271275 1 271274
194219 4608 8 10000 194216 0 194205
353447 4608 8 10000 353440 0 353427
369143 4608 8 10000 369136 1 369135
199940 4608 8 10000 199942 0 199929
304523 4608 8 10000 304524 0 304512
262098 4608 8 10000 262100 0 262085
238134 4608 8 10000 238127 1 238126
367310 4608 8 10000 367300 1 367298
342899 4608 8 10000 342893 1 342891
246537 4608 8 10000 246520 1 246517
269416 4608 8 10000 269415 1 269404
349170 4608 8 10000 349164 1 349164
361456 4608 8 10000 361455 1 361444
212080 4608 8 10000 212073 1 212071
336506 4608 8 10000 336509 0 336495
213972 4608 8 10000 213969 1 213968
159602 4608 8 10000 159597 1 159596
307320 4608 8 10000 307321 0 307313
