556078 5760 8 100000 554498 1 554497
229315 5760 8 100000 229291 1 229291
267100 5760 8 100000 267072 1 267071
256398 5760 8 100000 256377 1 256376
272209 5760 8 100000 272188 1 272188
234176 5760 8 100000 234153 1 234153
199241 5760 8 100000 199179 0 199174
231418 5760 8 100000 231350 0 231343
326500 5760 8 100000 326451 0 326444
320630 5760 8 100000 320601 0 320594
240658 5760 8 100000 240629 1 240629
327776 5760 8 100000 327722 0 327715
304286 5760 8 100000 304195 0 304188
190489 5760 8 100000 190464 1 190461
206671 5760 8 100000 206646 1 206643
231416 5760 8 100000 231385 1 231383
229950 5760 8 100000 229907 0 229896
182620 5760 8 100000 182598 1 182596
222315 5760 8 100000 222282 0 222268
225275 5760 8 100000 225239 1 225235
319628 5760 8 100000 319606 1 319602
239910 5760 8 100000 239892 1 239889
155067 5760 8 100000 155031 0 155018
238491 5760 8 100000 238474 1 238471
223113 5760 8 100000 223087 1 223073
203295 5760 8 100000 203263 0 203249
228507 5760 8 100000 228486 1 228481
396332 5760 8 100000 396288 0 396274
408700 5760 8 100000 408673 1 408670
186347 5760 8 100000 186315 1 186310
235423 5760 8 100000 235356 0 235341
223235 5760 8 100000 223193 0 223175
202647 5760 8 100000 202628 1 202623
280669 5760 8 100000 280663 1 280663
257930 5760 8 100000 257906 0 257891
208692 5760 8 100000 208674 1 208670
208325 5760 8 100000 208312 0 208295
324376 5760 8 100000 324357 1 324353
324448 5760 8 100000 324427 1 324424
209655 5760 8 100000 209639 0 209625
318667 5760 8 100000 318650 1 318645
249020 5760 8 100000 248966 0 248950
225923 5760 8 100000 225901 1 225896
305082 5760 8 100000 305064 1 305061
281591 5760 8 100000 281565 1 281561
175646 5760 8 100000 175632 1 175630
238777 5760 8 100000 238746 0 238685
192015 5760 8 100000 191994 1 191989
196259 5760 8 100000 196239 1 196235
180249 5760 8 100000 180227 1 180223
268245 5760 8 100000 268185 1 268181
221300 5760 8 100000 221282 0 221265
201675 5760 8 100000 201655 1 201650
360867 5760 8 100000 360850 1 360845
173216 5760 8 100000 173198 1 173194
225169 5760 8 100000 225143 0 225128
242103 5760 8 100000 242206 1 242072
295770 5760 8 100000 295759 1 295750
291255 5760 8 100000 291244 0 291216
200260 5760 8 100000 200249 1 200239
192234 5760 8 100000 192229 1 192213
238632 5760 8 100000 238621 1 238612
345463 5760 8 100000 345290 0 345273
364224 5760 8 100000 364212 1 364202
218714 5760 8 100000 218704 1 218694
260147 5760 8 100000 260139 0 260113
226739 5760 8 100000 226729 0 226703
222267 5760 8 100000 222264 0 222241
192861 5760 8 100000 192858 0 192829
163422 5760 8 100000 163415 1 163386
331138 5760 8 100000 331129 1 331119
158650 5760 8 100000 158642 1 158631
214954 5760 8 100000 214940 0 214914
256341 5760 8 100000 256335 1 256324
288603 5760 8 100000 288594 1 288581
276931 5760 8 100000 276922 1 276919
282459 5760 8 100000 282448 1 282437
214054 5760 8 100000 214043 1 214032
324427 5760 8 100000 324415 1 324399
221475 5760 8 100000 221463 1 221453
237050 5760 8 100000 237040 1 237028
227359 5760 8 100000 227350 1 227342
345323 5760 8 100000 345310 0 345286
216263 5760 8 100000 216256 1 216244
206424 5760 8 100000 206414 1 206402
201891 5760 8 100000 201885 1 201882
266821 5760 8 100000 266814 1 266803
257970 5760 8 100000 257958 1 257947
217645 5760 8 100000 217657 0 217624
398694 5760 8 100000 398672 0 398663
377858 5760 8 100000 377840 1 377839
228126 5760 8 100000 228108 1 228106
180521 5760 8 100000 180502 1 180501
284553 5760 8 100000 284534 1 284533
225445 5760 8 100000 225413 0 225406
188513 5760 8 100000 188475 0 188466
199969 5760 8 100000 199951 1 199950
212346 5760 8 100000 212313 0 212305
204570 5760 8 100000 204543 0 204532
373679 5760 8 100000 373660 1 373658
245875 5760 8 100000 245851 1 245850
225211 5760 8 100000 225188 0 225181
237535 5760 8 100000 237519 1 237518
269948 5760 8 100000 269922 1 269913
180741 5760 8 100000 180720 1 180718
325960 5760 8 100000 325944 1 325943
234476 5760 8 100000 234458 1 234457
252060 5760 8 100000 252041 1 252039
219954 5760 8 100000 219927 1 219920
313667 5760 8 100000 313637 0 313630
204492 5760 8 100000 204432 0 204424
185931 5760 8 100000 185901 0 185894
235122 5760 8 100000 235105 1 235104
323465 5760 8 100000 323448 1 323447
270902 5760 8 100000 270881 1 270880
298689 5760 8 100000 298659 0 298653
226738 5760 8 100000 226715 0 226707
217244 5760 8 100000 217228 0 217219
218471 5760 8 100000 218449 1 218448
210427 5760 8 100000 210405 1 210402
263332 5760 8 100000 263312 1 263310
188354 5760 8 100000 188334 1 188333
309514 5760 8 100000 309495 1 309494
259425 5760 8 100000 259454 0 259402
321418 5760 8 100000 321405 1 321403
303940 5760 8 100000 303920 0 303910
243967 5760 8 100000 243956 1 243955
172394 5760 8 100000 172382 1 172381
320016 5760 8 100000 320001 0 319995
260237 5760 8 100000 260223 1 260222
238205 5760 8 100000 238191 1 238190
320837 5760 8 100000 320824 1 320822
242339 5760 8 100000 242330 1 242329
297461 5760 8 100000 297449 1 297448
249278 5760 8 100000 249267 0 249258
364824 5760 8 100000 364813 1 364811
227709 5760 8 100000 227695 1 227693
200261 5760 8 100000 200245 0 200239
313333 5760 8 100000 313317 0 313310
200066 5760 8 100000 200055 1 200053
196385 5760 8 100000 196372 0 196366
317787 5760 8 100000 317774 1 317773
178367 5760 8 100000 178357 1 178356
304468 5760 8 100000 304456 1 304455
233035 5760 8 100000 233023 1 233022
195506 5760 8 100000 195495 0 195488
208723 5760 8 100000 208711 1 208709
187624 5760 8 100000 187612 1 187610
385796 5760 8 100000 385785 1 385784
243005 5760 8 100000 242992 1 242991
305353 5760 8 100000 305337 0 305328
184783 5760 8 100000 184768 0 184760
284799 5760 8 100000 284777 0 284770
233182 5760 8 100000 233171 1 233170
288611 5760 8 100000 288598 1 288597
281498 5760 8 100000 281488 0 281482
223641 5760 8 100000 223629 1 223627
181178 5760 8 100000 181161 1 181159
343210 5760 8 100000 343194 0 343188
302555 5760 8 100000 302542 0 302533
420456 5760 8 100000 420441 0 420430
309660 5760 8 100000 309649 1 309647
229141 5760 8 100000 229129 0 229122
263532 5760 8 100000 263521 1 263519
410240 5760 8 100000 410225 0 410218
238231 5760 8 100000 238220 1 238219
395355 5760 8 100000 395344 1 395343
335535 5760 8 100000 335521 0 335511
232434 5760 8 100000 232422 1 232420
256367 5760 8 100000 256352 1 256350
234033 5760 8 100000 234020 0 234012
222875 5760 8 100000 222865 1 222862
249943 5760 8 100000 249932 1 249931
227535 5760 8 100000 227524 0 227517
355521 5760 8 100000 355505 0 355498
384037 5760 8 100000 384026 1 384025
203199 5760 8 100000 203182 0 203174
232590 5760 8 100000 232578 1 232577
203915 5760 8 100000 203901 1 203899
378737 5760 8 100000 378725 0 378718
300013 5760 8 100000 300002 1 300001
238847 5760 8 100000 238831 0 238820
229455 5760 8 100000 229442 1 229439
232134 5760 8 100000 232118 0 232110
221921 5760 8 100000 221902 0 221892
190046 5760 8 100000 190037 1 190027
234529 5760 8 100000 234518 0 234509
204238 5760 8 100000 204225 1 204224
361708 5760 8 100000 361695 1 361688
342133 5760 8 100000 342123 1 342121
231470 5760 8 100000 231455 1 231454
243592 5760 8 100000 243574 1 243572
327989 5760 8 100000 327976 1 327974
208471 5760 8 100000 208459 1 208458
346488 5760 8 100000 346477 1 346475
194670 5760 8 100000 194655 1 194653
229688 5760 8 100000 229677 1 229676
228008 5760 8 100000 227993 1 227991
