238171 5760 8 100000 238078 0 238068
186967 5760 8 100000 186946 1 186945
163654 5760 8 100000 163504 0 163498
177064 5760 8 100000 176996 0 176987
243323 5760 8 100000 243294 1 243294
289165 5760 8 100000 289150 1 289150
225386 5760 8 100000 225323 1 225322
217866 5760 8 100000 217841 1 217840
260264 5760 8 100000 260244 1 260244
325740 5760 8 100000 325685 0 325677
289802 5760 8 100000 289775 1 289775
337033 5760 8 100000 336994 1 336990
256550 5760 8 100000 256464 0 256453
179783 5760 8 100000 179744 0 179731
218972 5760 8 100000 218951 1 218948
211498 5760 8 100000 211473 1 211460
233901 5760 8 100000 233883 1 233878
185839 5760 8 100000 185816 1 185813
190743 5760 8 100000 190723 0 190710
186638 5760 8 100000 186619 0 186604
206628 5760 8 100000 206605 1 206603
288693 5760 8 100000 288672 1 288668
214562 5760 8 100000 214524 0 214508
164474 5760 8 100000 164448 1 164432
176986 5760 8 100000 176966 1 176963
214377 5760 8 100000 214358 1 214355
241097 5760 8 100000 240980 0 240963
210088 5760 8 100000 210073 1 210070
196401 5760 8 100000 196385 0 196372
204921 5760 8 100000 204896 1 204893
409961 5760 8 100000 409943 1 409940
208044 5760 8 100000 208023 1 208021
191331 5760 8 100000 191312 0 191298
295875 5760 8 100000 295856 0 295840
248117 5760 8 100000 248096 1 248092
220467 5760 8 100000 220449 1 220445
186167 5760 8 100000 186155 1 186143
190931 5760 8 100000 190923 1 190922
211906 5760 8 100000 211882 1 211879
251075 5760 8 100000 251054 1 251050
217315 5760 8 100000 217291 1 217273
242558 5760 8 100000 242480 0 242465
298624 5760 8 100000 298592 0 298575
282742 5760 8 100000 282723 1 282719
230787 5760 8 100000 230764 0 230748
210829 5760 8 100000 210810 1 210807
196761 5760 8 100000 196751 0 196734
462594 5760 8 100000 462575 1 462570
185476 5760 8 100000 185456 1 185453
224812 5760 8 100000 224796 0 224782
326893 5760 8 100000 326864 0 326850
307591 5760 8 100000 307571 1 307564
280323 5760 8 100000 280310 1 280308
230904 5760 8 100000 230831 1 230826
264822 5760 8 100000 264803 0 264791
293776 5760 8 100000 293741 0 293728
205785 5760 8 100000 205766 1 205762
244407 5760 8 100000 244390 1 244385
343776 5760 8 100000 343760 1 343755
215726 5760 8 100000 215716 1 215706
221314 5760 8 100000 221307 1 221296
219144 5760 8 100000 219134 1 219128
191640 5760 8 100000 191637 0 191614
355452 5760 8 100000 355438 0 355414
185050 5760 8 100000 185041 1 185031
236739 5760 8 100000 236731 1 236721
370324 5760 8 100000 370313 1 370303
210657 5760 8 100000 210645 1 210635
240710 5760 8 100000 240709 1 240683
185589 5760 8 100000 185561 0 185538
216404 5760 8 100000 216395 1 216384
210950 5760 8 100000 210936 0 210910
266847 5760 8 100000 266840 1 266828
193115 5760 8 100000 193112 0 193091
217117 5760 8 100000 217110 1 217101
335281 5760 8 100000 335270 1 335260
351966 5760 8 100000 351960 0 351942
241684 5760 8 100000 241666 1 241655
339793 5760 8 100000 339779 0 339755
212234 5760 8 100000 212224 1 212212
308262 5760 8 100000 308253 1 308246
219479 5760 8 100000 219479 0 219450
259940 5760 8 100000 259931 1 259922
248750 5760 8 100000 248740 1 248726
230423 5760 8 100000 230410 1 230401
303097 5760 8 100000 303085 0 303062
271536 5760 8 100000 271528 1 271526
275023 5760 8 100000 275007 0 274983
242071 5760 8 100000 242053 1 242051
216610 5760 8 100000 216591 1 216590
243264 5760 8 100000 243234 0 243223
353388 5760 8 100000 353365 0 353362
216843 5760 8 100000 216826 1 216825
220075 5760 8 100000 220046 0 220038
288005 5760 8 100000 287973 0 287965
176072 5760 8 100000 176049 1 176048
195780 5760 8 100000 195759 1 195758
221845 5760 8 100000 221826 1 221824
280919 5760 8 100000 280899 1 280897
232290 5760 8 100000 232269 1 232268
207375 5760 8 100000 207300 0 207286
285920 5760 8 100000 285902 1 285900
251086 5760 8 100000 251065 0 251056
252943 5760 8 100000 252923 1 252922
298103 5760 8 100000 298094 1 298094
221394 5760 8 100000 221374 1 221373
207863 5760 8 100000 207810 1 207808
294284 5760 8 100000 294271 1 294270
206062 5760 8 100000 206029 0 206019
210782 5760 8 100000 210765 1 210764
232051 5760 8 100000 232031 1 232030
186196 5760 8 100000 186178 1 186177
201073 5760 8 100000 201056 0 201048
231134 5760 8 100000 231114 0 231108
248009 5760 8 100000 248002 1 248002
221286 5760 8 100000 221267 0 221260
262957 5760 8 100000 262940 1 262938
249962 5760 8 100000 249943 1 249940
273402 5760 8 100000 273368 0 273360
337077 5760 8 100000 337049 0 337043
204216 5760 8 100000 204199 1 204198
340292 5760 8 100000 340265 0 340257
201561 5760 8 100000 201505 1 201504
288868 5760 8 100000 288854 1 288852
467448 5760 8 100000 467437 1 467436
346460 5760 8 100000 346450 1 346448
295666 5760 8 100000 295652 1 295651
202580 5760 8 100000 202569 1 202567
387472 5760 8 100000 387453 1 387452
269853 5760 8 100000 269838 0 269832
289672 5760 8 100000 289650 0 289643
228652 5760 8 100000 228643 1 228641
253471 5760 8 100000 253459 0 253453
224367 5760 8 100000 224354 1 224353
413525 5760 8 100000 413512 1 413511
196341 5760 8 100000 196318 0 196310
290877 5760 8 100000 290863 1 290861
225650 5760 8 100000 225640 1 225639
234413 5760 8 100000 234391 0 234383
286870 5760 8 100000 286860 1 286859
250607 5760 8 100000 250595 1 250593
414899 5760 8 100000 414886 1 414885
202625 5760 8 100000 202592 0 202585
262165 5760 8 100000 262155 1 262153
235070 5760 8 100000 235059 1 235057
233241 5760 8 100000 233232 0 233223
235807 5760 8 100000 235789 0 235777
313075 5760 8 100000 313063 1 313056
355048 5760 8 100000 355036 0 355029
407902 5760 8 100000 407887 1 407885
353399 5760 8 100000 353389 1 353387
382516 5760 8 100000 382512 1 382512
259180 5760 8 100000 259168 0 259162
261980 5760 8 100000 261968 0 261959
231510 5760 8 100000 231498 1 231496
217555 5760 8 100000 217540 0 217533
213777 5760 8 100000 213765 0 213758
343568 5760 8 100000 343548 0 343540
349763 5760 8 100000 349751 0 349744
380987 5760 8 100000 380969 1 380967
305536 5760 8 100000 305524 1 305522
249270 5760 8 100000 249258 0 249249
407131 5760 8 100000 407120 1 407118
245333 5760 8 100000 245320 1 245318
278791 5760 8 100000 278781 1 278780
431743 5760 8 100000 431729 1 431727
385807 5760 8 100000 385792 0 385786
252430 5760 8 100000 252415 0 252405
261956 5760 8 100000 261947 0 261940
229999 5760 8 100000 229988 0 229982
162743 5760 8 100000 162734 0 162726
381878 5760 8 100000 381867 1 381865
296090 5760 8 100000 296078 1 296076
345630 5760 8 100000 345619 1 345618
235451 5760 8 100000 235440 1 235438
316419 5760 8 100000 316412 1 316411
365755 5760 8 100000 365742 1 365741
213527 5760 8 100000 213517 0 213509
216469 5760 8 100000 216457 0 216450
215800 5760 8 100000 215786 1 215779
398818 5760 8 100000 398803 1 398802
231629 5760 8 100000 231622 1 231621
391468 5760 8 100000 391454 1 391453
340200 5760 8 100000 340189 1 340187
224914 5760 8 100000 224902 0 224892
290192 5760 8 100000 290161 0 290154
299927 5760 8 100000 299914 1 299913
329177 5760 8 100000 329084 1 329082
226456 5760 8 100000 226446 1 226443
226252 5760 8 100000 226240 1 226239
417852 5760 8 100000 417840 1 417839
213468 5760 8 100000 213457 1 213455
201544 5760 8 100000 201531 1 201530
224628 5760 8 100000 224614 0 224607
215837 5760 8 100000 215826 1 215825
265227 5760 8 100000 265219 1 265218
365632 5760 8 100000 365621 1 365619
224115 5760 8 100000 224103 1 224101
192923 5760 8 100000 192912 1 192911
292775 5760 8 100000 292762 0 292755
210452 5760 8 100000 210414 1 210414
285890 5760 8 100000 285858 0 285851
192638 5760 8 100000 192629 1 192628
198053 5760 8 100000 198007 0 198002
