245675 5760 8 100000 245588 0 245582
194312 5760 8 100000 194222 0 194215
216783 5760 8 100000 216766 1 216766
145562 5760 8 100000 145532 0 145526
220113 5760 8 100000 220075 1 220067
350592 5760 8 100000 350570 1 350569
199810 5760 8 100000 199781 1 199780
219023 5760 8 100000 218989 1 218989
260335 5760 8 100000 260148 0 260133
226692 5760 8 100000 226668 1 226664
216957 5760 8 100000 216940 1 216937
176926 5760 8 100000 176905 1 176903
198807 5760 8 100000 198792 0 198783
339818 5760 8 100000 339798 1 339795
219745 5760 8 100000 219706 0 219694
368571 5760 8 100000 368547 1 368544
212820 5760 8 100000 212797 1 212795
231253 5760 8 100000 231230 1 231220
191802 5760 8 100000 191746 1 191743
230023 5760 8 100000 229998 0 229977
195996 5760 8 100000 195960 1 195958
403077 5760 8 100000 403023 0 403009
226832 5760 8 100000 226806 1 226802
214350 5760 8 100000 214332 1 214318
218553 5760 8 100000 218529 1 218525
178045 5760 8 100000 178026 1 178023
514309 5760 8 100000 514277 0 514264
204782 5760 8 100000 204762 1 204758
206062 5760 8 100000 206043 1 206039
229321 5760 8 100000 229304 1 229300
178317 5760 8 100000 178296 1 178293
292472 5760 8 100000 292467 1 292465
190636 5760 8 100000 190625 1 190623
224685 5760 8 100000 224672 0 224656
308668 5760 8 100000 308648 1 308644
230230 5760 8 100000 230215 0 230198
190412 5760 8 100000 190392 1 190388
238479 5760 8 100000 238457 1 238452
350161 5760 8 100000 350142 1 350138
247523 5760 8 100000 247507 0 247491
262359 5760 8 100000 262329 1 262325
254938 5760 8 100000 254920 1 254916
206556 5760 8 100000 206535 1 206531
283265 5760 8 100000 283245 1 283241
229142 5760 8 100000 229122 1 229118
388154 5760 8 100000 388136 1 388133
294709 5760 8 100000 294681 1 294675
347755 5760 8 100000 347767 0 347715
230352 5760 8 100000 230333 1 230329
187592 5760 8 100000 187572 1 187568
238212 5760 8 100000 238194 1 238189
252632 5760 8 100000 252605 1 252598
265344 5760 8 100000 265320 1 265316
232986 5760 8 100000 232945 0 232904
362763 5760 8 100000 362747 1 362732
219008 5760 8 100000 218994 1 218986
249148 5760 8 100000 249132 1 249121
207843 5760 8 100000 207832 1 207822
183349 5760 8 100000 183342 1 183318
225605 5760 8 100000 225588 0 225552
188443 5760 8 100000 188433 0 188408
221682 5760 8 100000 221672 1 221662
333098 5760 8 100000 333087 1 333076
241339 5760 8 100000 241329 1 241319
209479 5760 8 100000 209465 1 209455
212720 5760 8 100000 212710 0 212687
211987 5760 8 100000 211976 1 211966
203165 5760 8 100000 203155 1 203145
227529 5760 8 100000 227530 0 227505
243951 5760 8 100000 243950 0 243927
371219 5760 8 100000 371206 1 371200
306300 5760 8 100000 306276 1 306258
349037 5760 8 100000 349026 1 349015
301387 5760 8 100000 301377 1 301369
266177 5760 8 100000 266086 0 266061
212370 5760 8 100000 212368 0 212340
180446 5760 8 100000 180443 1 180436
224293 5760 8 100000 224261 0 224236
200020 5760 8 100000 200011 1 199999
223537 5760 8 100000 223522 0 223499
204955 5760 8 100000 204950 1 204945
386943 5760 8 100000 386934 1 386924
220712 5760 8 100000 220692 1 220678
233168 5760 8 100000 233143 0 233118
303617 5760 8 100000 303607 1 303595
194325 5760 8 100000 194317 1 194292
388402 5760 8 100000 388417 0 388365
369287 5760 8 100000 369261 1 369259
193275 5760 8 100000 193255 1 193254
220839 5760 8 100000 220820 1 220818
287639 5760 8 100000 287621 1 287620
404400 5760 8 100000 404385 1 404383
200753 5760 8 100000 200733 1 200731
232906 5760 8 100000 232887 1 232885
273573 5760 8 100000 273551 1 273548
208323 5760 8 100000 208303 1 208302
280156 5760 8 100000 280127 0 280119
323419 5760 8 100000 323396 0 323388
283981 5760 8 100000 283960 1 283959
236563 5760 8 100000 236531 0 236523
185621 5760 8 100000 185599 1 185598
190519 5760 8 100000 190491 1 190490
406486 5760 8 100000 406465 1 406463
320124 5760 8 100000 320097 1 320090
216502 5760 8 100000 216483 1 216482
233051 5760 8 100000 233034 1 233032
196227 5760 8 100000 196206 1 196198
202284 5760 8 100000 202263 1 202261
393710 5760 8 100000 393695 1 393693
224117 5760 8 100000 224097 0 224089
206452 5760 8 100000 206430 0 206424
306394 5760 8 100000 306381 1 306380
252413 5760 8 100000 252399 1 252398
272579 5760 8 100000 272550 0 272543
217929 5760 8 100000 217906 1 217904
227140 5760 8 100000 227111 1 227109
221195 5760 8 100000 221178 1 221177
294334 5760 8 100000 294267 0 294260
191876 5760 8 100000 191848 1 191846
270641 5760 8 100000 270623 1 270622
225598 5760 8 100000 225540 0 225531
209647 5760 8 100000 209596 1 209595
263004 5760 8 100000 262991 1 262990
240242 5760 8 100000 240230 1 240228
329199 5760 8 100000 329178 0 329170
279731 5760 8 100000 279687 0 279677
232000 5760 8 100000 231979 0 231973
366219 5760 8 100000 366208 1 366207
252928 5760 8 100000 252912 1 252910
274754 5760 8 100000 274747 1 274747
316891 5760 8 100000 316880 1 316878
254560 5760 8 100000 254544 1 254542
326531 5760 8 100000 326527 1 326527
225480 5760 8 100000 225466 1 225465
307123 5760 8 100000 307113 1 307111
448881 5760 8 100000 448867 0 448858
362314 5760 8 100000 362297 0 362288
205104 5760 8 100000 205095 0 205088
218829 5760 8 100000 218815 0 218808
246277 5760 8 100000 246263 1 246262
308895 5760 8 100000 308883 1 308881
226215 5760 8 100000 226205 1 226203
234959 5760 8 100000 234946 1 234944
223093 5760 8 100000 223081 1 223080
253049 5760 8 100000 253039 1 253037
216880 5760 8 100000 216865 0 216857
342268 5760 8 100000 342259 1 342257
346527 5760 8 100000 346515 1 346513
224406 5760 8 100000 224391 1 224388
272152 5760 8 100000 272139 1 272138
286579 5760 8 100000 286564 0 286556
223478 5760 8 100000 223465 1 223464
201057 5760 8 100000 201042 0 201035
321280 5760 8 100000 321267 1 321265
207480 5760 8 100000 207463 1 207461
311042 5760 8 100000 311030 1 311028
178810 5760 8 100000 178799 1 178798
258283 5760 8 100000 258270 1 258269
236289 5760 8 100000 236275 0 236265
220099 5760 8 100000 220080 0 220072
264869 5760 8 100000 264855 0 264848
357947 5760 8 100000 357933 1 357932
315694 5760 8 100000 315680 1 315677
396427 5760 8 100000 396402 1 396400
251526 5760 8 100000 251515 1 251513
387625 5760 8 100000 387612 1 387610
235577 5760 8 100000 235563 0 235554
226205 5760 8 100000 226192 1 226191
176439 5760 8 100000 176423 0 176418
330772 5760 8 100000 330758 1 330752
342366 5760 8 100000 342355 1 342353
238693 5760 8 100000 238681 0 238673
222326 5760 8 100000 222315 1 222314
203941 5760 8 100000 203930 1 203929
214915 5760 8 100000 214902 1 214901
202087 5760 8 100000 202072 0 202066
218879 5760 8 100000 218868 1 218866
230525 5760 8 100000 230509 0 230503
224880 5760 8 100000 224869 1 224867
241307 5760 8 100000 241296 1 241294
219494 5760 8 100000 219481 1 219479
235094 5760 8 100000 235080 1 235079
338241 5760 8 100000 338235 1 338234
395708 5760 8 100000 395700 1 395699
375306 5760 8 100000 375290 0 375283
249656 5760 8 100000 249638 0 249631
231620 5760 8 100000 231609 1 231607
331192 5760 8 100000 331182 1 331180
244926 5760 8 100000 244921 1 244921
219144 5760 8 100000 219133 0 219125
248464 5760 8 100000 248448 0 248439
264947 5760 8 100000 264934 1 264927
366424 5760 8 100000 366408 0 366401
231559 5760 8 100000 231527 0 231521
349958 5760 8 100000 349947 1 349946
209506 5760 8 100000 209475 0 209467
210468 5760 8 100000 210455 1 210453
240682 5760 8 100000 240671 1 240669
200749 5760 8 100000 200736 1 200735
379415 5760 8 100000 379402 0 379397
205514 5760 8 100000 205502 0 205497
276955 5760 8 100000 276945 0 276938
235247 5760 8 100000 235233 0 235228
360044 5760 8 100000 360036 1 360035
208057 5760 8 100000 208047 1 208045
287352 5760 8 100000 287341 0 287335
217425 5760 8 100000 217416 1 217416
262746 5760 8 100000 262725 1 262725
178959 5760 8 100000 178951 1 178949
