214685 5760 8 100000 214664 1 214664
374243 5760 8 100000 374195 0 374188
190298 5760 8 100000 190261 0 190254
444926 5760 8 100000 444905 1 444902
232299 5760 8 100000 232286 1 232285
213978 5760 8 100000 213959 1 213956
223670 5760 8 100000 223647 1 223645
232624 5760 8 100000 232601 1 232598
231207 5760 8 100000 231187 1 231184
240471 5760 8 100000 240443 0 240430
301311 5760 8 100000 301286 1 301282
200163 5760 8 100000 200141 1 200138
360029 5760 8 100000 360006 1 360003
223823 5760 8 100000 223791 1 223789
199959 5760 8 100000 199913 1 199902
257886 5760 8 100000 257874 1 257872
201717 5760 8 100000 201697 1 201694
219487 5760 8 100000 219467 1 219464
213979 5760 8 100000 213961 1 213959
237711 5760 8 100000 237684 1 237678
483190 5760 8 100000 483170 0 483157
181599 5760 8 100000 181580 1 181578
216529 5760 8 100000 216511 1 216507
204483 5760 8 100000 204473 1 204472
252743 5760 8 100000 252725 1 252722
224663 5760 8 100000 224629 1 224626
179425 5760 8 100000 179407 1 179403
230015 5760 8 100000 229998 1 229995
214491 5760 8 100000 214470 1 214466
219035 5760 8 100000 219026 1 219025
193173 5760 8 100000 193156 1 193150
195159 5760 8 100000 195143 1 195139
234084 5760 8 100000 234062 1 234057
249590 5760 8 100000 249566 0 249550
229618 5760 8 100000 229603 0 229587
286603 5760 8 100000 286585 1 286581
291709 5760 8 100000 291688 0 291673
195403 5760 8 100000 195384 1 195381
272155 5760 8 100000 272136 1 272132
295176 5760 8 100000 295156 1 295152
175533 5760 8 100000 175493 0 175476
188539 5760 8 100000 188518 1 188514
170011 5760 8 100000 169989 1 169984
219543 5760 8 100000 219526 0 219513
194438 5760 8 100000 194411 0 194394
322857 5760 8 100000 322840 1 322837
244445 5760 8 100000 244427 1 244422
223244 5760 8 100000 223222 1 223217
326651 5760 8 100000 326632 1 326628
397594 5760 8 100000 397585 1 397575
258699 5760 8 100000 258696 1 258670
221484 5760 8 100000 221475 1 221465
291832 5760 8 100000 291821 1 291811
157660 5760 8 100000 157636 0 157598
220059 5760 8 100000 220052 1 220037
209155 5760 8 100000 209146 1 209134
223877 5760 8 100000 223864 0 223841
260527 5760 8 100000 260519 1 260509
209434 5760 8 100000 209425 1 209415
181189 5760 8 100000 181176 0 181155
149290 5760 8 100000 149280 1 149271
216520 5760 8 100000 216509 1 216499
234507 5760 8 100000 234502 0 234478
326493 5760 8 100000 326486 1 326475
208712 5760 8 100000 208708 1 208681
217014 5760 8 100000 217005 1 216995
226485 5760 8 100000 226474 1 226463
237647 5760 8 100000 237642 0 237618
265139 5760 8 100000 265127 1 265117
222955 5760 8 100000 222948 0 222922
262340 5760 8 100000 262332 1 262321
214104 5760 8 100000 214094 1 214083
226332 5760 8 100000 226321 1 226310
228156 5760 8 100000 228145 0 228122
233957 5760 8 100000 233946 1 233931
191291 5760 8 100000 191279 1 191269
246325 5760 8 100000 246316 1 246303
210550 5760 8 100000 210540 1 210529
221110 5760 8 100000 221096 1 221089
233836 5760 8 100000 233821 0 233797
210211 5760 8 100000 210210 1 210191
217083 5760 8 100000 217063 1 217062
225782 5760 8 100000 225753 0 225744
230636 5760 8 100000 230615 1 230614
204939 5760 8 100000 204921 0 204912
147750 5760 8 100000 147731 1 147729
235167 5760 8 100000 235148 1 235147
228775 5760 8 100000 228752 0 228744
222023 5760 8 100000 221990 0 221981
263124 5760 8 100000 263102 1 263100
228811 5760 8 100000 228795 1 228794
256263 5760 8 100000 256237 0 256228
212763 5760 8 100000 212740 1 212738
231576 5760 8 100000 231556 1 231554
397723 5760 8 100000 397691 1 397690
294234 5760 8 100000 294209 0 294202
234537 5760 8 100000 234515 1 234514
332061 5760 8 100000 332045 1 332043
209022 5760 8 100000 209003 1 209001
203494 5760 8 100000 203478 1 203470
381319 5760 8 100000 381297 1 381295
167239 5760 8 100000 167215 1 167213
362491 5760 8 100000 362473 1 362472
204536 5760 8 100000 204516 0 204509
247410 5760 8 100000 247391 1 247390
217482 5760 8 100000 217445 1 217435
195388 5760 8 100000 195361 0 195348
191603 5760 8 100000 191582 1 191581
228846 5760 8 100000 228836 1 228835
202781 5760 8 100000 202764 1 202762
223015 5760 8 100000 222999 0 222995
291568 5760 8 100000 291550 1 291548
238819 5760 8 100000 238804 1 238803
218856 5760 8 100000 218828 1 218827
189464 5760 8 100000 189445 0 189439
269488 5760 8 100000 269471 0 269464
243893 5760 8 100000 243874 1 243872
314027 5760 8 100000 314010 1 314009
236610 5760 8 100000 236591 1 236588
209793 5760 8 100000 209743 0 209733
235156 5760 8 100000 235138 1 235137
291747 5760 8 100000 291728 1 291727
235984 5760 8 100000 235973 1 235972
281830 5760 8 100000 281851 0 281802
285085 5760 8 100000 285075 1 285073
325312 5760 8 100000 325300 1 325298
261466 5760 8 100000 261444 1 261443
394253 5760 8 100000 394236 0 394229
278721 5760 8 100000 278709 1 278707
220168 5760 8 100000 220156 1 220155
228092 5760 8 100000 228077 0 228070
259343 5760 8 100000 259334 1 259332
264164 5760 8 100000 264154 1 264152
227368 5760 8 100000 227354 0 227347
286936 5760 8 100000 286921 0 286914
311318 5760 8 100000 311307 1 311305
397322 5760 8 100000 397311 1 397310
207454 5760 8 100000 207447 1 207446
225300 5760 8 100000 225286 1 225284
220766 5760 8 100000 220752 0 220745
305593 5760 8 100000 305580 0 305572
393594 5760 8 100000 393578 0 393571
228589 5760 8 100000 228576 0 228568
182996 5760 8 100000 182985 1 182982
320341 5760 8 100000 320327 0 320319
229916 5760 8 100000 229911 1 229911
231818 5760 8 100000 231803 0 231796
305489 5760 8 100000 305474 0 305468
281088 5760 8 100000 281077 1 281075
299561 5760 8 100000 299550 1 299548
364336 5760 8 100000 364326 1 364324
250964 5760 8 100000 250952 0 250946
265293 5760 8 100000 265282 1 265281
236757 5760 8 100000 236746 1 236746
318582 5760 8 100000 318568 0 318561
226913 5760 8 100000 227088 0 226862
219008 5760 8 100000 218995 1 218993
224263 5760 8 100000 224243 0 224236
293224 5760 8 100000 293211 1 293209
294264 5760 8 100000 294256 1 294250
321518 5760 8 100000 321503 0 321497
387494 5760 8 100000 387468 1 387460
282573 5760 8 100000 282560 0 282553
341475 5760 8 100000 341461 1 341459
341218 5760 8 100000 341207 1 341205
234555 5760 8 100000 234542 1 234541
234663 5760 8 100000 234647 0 234635
231093 5760 8 100000 231080 1 231077
194387 5760 8 100000 194373 0 194367
257480 5760 8 100000 257469 1 257467
244295 5760 8 100000 244278 0 244271
191671 5760 8 100000 191660 1 191658
202732 5760 8 100000 202716 1 202714
243843 5760 8 100000 243832 1 243831
249743 5760 8 100000 249729 1 249728
394218 5760 8 100000 394205 1 394204
288971 5760 8 100000 288959 1 288956
219705 5760 8 100000 219700 1 219699
245419 5760 8 100000 245407 0 245399
213401 5760 8 100000 213390 1 213389
261815 5760 8 100000 261794 0 261786
294125 5760 8 100000 294110 0 294101
211384 5760 8 100000 211369 1 211367
256505 5760 8 100000 256493 1 256492
243220 5760 8 100000 243212 0 243203
245554 5760 8 100000 245539 1 245537
322373 5760 8 100000 322359 0 322351
279139 5760 8 100000 279127 1 279126
214678 5760 8 100000 214665 1 214664
210388 5760 8 100000 210376 1 210375
356477 5760 8 100000 356468 1 356466
220400 5760 8 100000 220388 1 220386
223157 5760 8 100000 223145 1 223144
246850 5760 8 100000 246834 0 246827
246432 5760 8 100000 246421 0 246413
246593 5760 8 100000 246579 1 246576
232548 5760 8 100000 232535 1 232534
228107 5760 8 100000 228092 1 228090
365300 5760 8 100000 365289 1 365288
347470 5760 8 100000 347458 1 347457
251002 5760 8 100000 250988 1 250986
256572 5760 8 100000 256559 1 256558
375139 5760 8 100000 375126 1 375124
282248 5760 8 100000 282235 1 282234
273501 5760 8 100000 273485 0 273479
226834 5760 8 100000 226819 0 226812
201935 5760 8 100000 201923 1 201918
225164 5760 8 100000 225153 1 225151
222021 5760 8 100000 221980 0 221970
144559 5760 8 100000 144549 1 144548
197317 5760 8 100000 197307 1 197306
203194 5760 8 100000 203186 1 203186
220912 5760 8 100000 220900 1 220899
319371 5760 8 100000 319358 1 319357
