339189 6912 8 1000000 337234 1 337233
191353 6912 8 1000000 191338 1 191338
275556 6912 8 1000000 275467 1 275466
477067 6912 8 1000000 476895 0 476885
282021 6912 8 1000000 281948 0 281943
252385 6912 8 1000000 252309 0 252302
294778 6912 8 1000000 294767 1 294767
311706 6912 8 1000000 311686 1 311685
196085 6912 8 1000000 196055 0 196050
218760 6912 8 1000000 218705 0 218698
270939 6912 8 1000000 270916 1 270916
156583 6912 8 1000000 156562 1 156562
244771 6912 8 1000000 244740 1 244740
230551 6912 8 1000000 230515 1 230508
361313 6912 8 1000000 361185 1 361184
322183 6912 8 1000000 322153 1 322151
1032271 6912 8 1000000 1032248 1 1032245
235904 6912 8 1000000 235867 0 235855
220750 6912 8 1000000 220730 1 220727
518146 6912 8 1000000 518128 1 518125
448964 6912 8 1000000 448939 1 448924
339312 6912 8 1000000 339291 1 339288
276344 6912 8 1000000 276313 0 276300
213324 6912 8 1000000 213294 1 213291
249211 6912 8 1000000 249189 1 249186
269869 6912 8 1000000 269843 1 269828
369632 6912 8 1000000 369619 1 369618
368863 6912 8 1000000 368844 1 368842
196706 6912 8 1000000 196683 1 196679
330448 6912 8 1000000 330425 1 330421
238663 6912 8 1000000 238646 0 238629
251311 6912 8 1000000 251272 0 251255
211018 6912 8 1000000 210995 1 210991
241805 6912 8 1000000 241780 1 241775
341255 6912 8 1000000 341231 1 341227
255481 6912 8 1000000 255463 1 255459
313300 6912 8 1000000 313275 1 313271
273964 6912 8 1000000 273938 0 273921
233050 6912 8 1000000 233030 1 233025
347305 6912 8 1000000 347258 1 347253
204131 6912 8 1000000 204103 0 204085
270370 6912 8 1000000 270350 1 270346
202015 6912 8 1000000 201994 1 201990
276557 6912 8 1000000 276538 1 276534
232452 6912 8 1000000 232432 1 232429
221051 6912 8 1000000 221007 0 220982
297918 6912 8 1000000 297898 1 297895
220798 6912 8 1000000 220778 0 220760
219310 6912 8 1000000 219285 0 219267
214719 6912 8 1000000 214480 0 214462
214689 6912 8 1000000 214711 0 214652
204337 6912 8 1000000 204316 1 204313
358578 6912 8 1000000 358532 0 358518
224943 6912 8 1000000 224923 1 224918
327845 6912 8 1000000 327826 1 327823
425709 6912 8 1000000 425691 1 425687
375711 6912 8 1000000 375699 0 375671
320904 6912 8 1000000 320830 1 320818
238130 6912 8 1000000 238120 1 238109
264913 6912 8 1000000 264907 0 264890
342908 6912 8 1000000 342896 1 342882
253181 6912 8 1000000 253163 0 253143
242841 6912 8 1000000 242830 1 242818
217961 6912 8 1000000 217933 0 217894
393448 6912 8 1000000 393435 0 393415
298730 6912 8 1000000 298717 0 298692
345608 6912 8 1000000 345608 1 345578
380519 6912 8 1000000 380503 0 380479
259765 6912 8 1000000 259755 0 259728
273355 6912 8 1000000 273347 1 273330
212423 6912 8 1000000 212412 1 212402
253247 6912 8 1000000 253236 0 253213
181992 6912 8 1000000 181978 0 181951
254441 6912 8 1000000 254432 0 254397
258334 6912 8 1000000 258324 0 258299
241280 6912 8 1000000 241267 1 241255
264542 6912 8 1000000 264533 1 264523
235650 6912 8 1000000 235640 1 235630
347289 6912 8 1000000 347279 1 347270
318244 6912 8 1000000 318234 1 318223
281464 6912 8 1000000 281451 0 281430
249441 6912 8 1000000 249427 0 249402
256912 6912 8 1000000 256899 1 256885
204086 6912 8 1000000 204074 1 204063
419596 6912 8 1000000 419586 1 419574
193818 6912 8 1000000 193817 1 193784
271029 6912 8 1000000 271019 1 271009
240161 6912 8 1000000 240147 1 240136
344924 6912 8 1000000 344902 1 344901
255268 6912 8 1000000 255273 0 255223
234403 6912 8 1000000 234390 0 234381
422635 6912 8 1000000 422604 0 422594
300540 6912 8 1000000 300519 1 300517
225831 6912 8 1000000 225809 1 225808
411549 6912 8 1000000 411525 1 411523
207091 6912 8 1000000 207071 1 207069
348578 6912 8 1000000 348553 1 348552
241262 6912 8 1000000 241242 1 241241
243307 6912 8 1000000 243286 1 243285
350552 6912 8 1000000 350532 1 350531
446715 6912 8 1000000 446684 0 446676
307971 6912 8 1000000 307950 0 307944
210361 6912 8 1000000 210340 1 210338
287211 6912 8 1000000 287194 1 287193
413852 6912 8 1000000 413832 1 413831
374207 6912 8 1000000 374182 1 374180
340749 6912 8 1000000 340730 1 340729
310144 6912 8 1000000 310120 1 310119
356905 6912 8 1000000 356884 1 356883
351227 6912 8 1000000 351155 0 351147
246927 6912 8 1000000 246909 1 246908
242745 6912 8 1000000 242648 1 242646
227880 6912 8 1000000 227868 1 227867
220953 6912 8 1000000 220710 1 220708
279921 6912 8 1000000 279911 1 279909
228577 6912 8 1000000 228564 1 228563
231948 6912 8 1000000 231936 1 231935
196286 6912 8 1000000 196270 0 196264
237939 6912 8 1000000 237928 1 237927
240381 6912 8 1000000 240367 0 240359
177565 6912 8 1000000 177555 0 177547
354195 6912 8 1000000 354185 1 354183
249645 6912 8 1000000 249624 0 249618
217671 6912 8 1000000 217660 1 217658
220573 6912 8 1000000 220562 0 220553
251753 6912 8 1000000 251741 1 251739
315072 6912 8 1000000 315062 1 315060
381640 6912 8 1000000 381628 1 381626
177811 6912 8 1000000 177799 1 177798
386653 6912 8 1000000 386641 1 386640
300840 6912 8 1000000 300825 0 300818
303525 6912 8 1000000 303511 1 303501
272776 6912 8 1000000 272762 0 272755
185523 6912 8 1000000 185510 0 185503
259749 6912 8 1000000 259736 1 259735
206701 6912 8 1000000 206688 1 206686
311901 6912 8 1000000 311890 1 311888
260873 6912 8 1000000 260859 1 260858
297828 6912 8 1000000 297820 0 297811
245925 6912 8 1000000 245911 0 245904
199824 6912 8 1000000 199812 1 199809
274495 6912 8 1000000 274472 0 274465
284525 6912 8 1000000 284498 0 284491
221599 6912 8 1000000 221588 1 221587
238048 6912 8 1000000 238036 1 238035
216167 6912 8 1000000 216161 0 216153
227693 6912 8 1000000 227678 0 227667
406408 6912 8 1000000 406393 1 406392
322658 6912 8 1000000 322645 0 322635
205640 6912 8 1000000 205626 0 205619
346992 6912 8 1000000 346980 1 346978
392505 6912 8 1000000 392493 1 392491
250708 6912 8 1000000 250700 1 250699
306668 6912 8 1000000 306655 1 306654
316297 6912 8 1000000 316286 1 316284
248348 6912 8 1000000 248335 1 248334
336500 6912 8 1000000 336487 1 336485
271557 6912 8 1000000 271544 1 271543
363259 6912 8 1000000 363244 1 363242
362701 6912 8 1000000 362681 0 362671
275820 6912 8 1000000 275809 1 275808
416168 6912 8 1000000 416163 0 416157
375244 6912 8 1000000 375238 1 375237
216757 6912 8 1000000 216751 1 216749
244751 6912 8 1000000 244743 1 244741
193471 6912 8 1000000 193467 0 193456
219261 6912 8 1000000 219254 1 219252
374712 6912 8 1000000 374702 1 374699
263394 6912 8 1000000 263388 1 263386
240567 6912 8 1000000 240560 1 240558
228415 6912 8 1000000 228409 1 228407
229215 6912 8 1000000 229207 1 229206
189559 6912 8 1000000 189549 1 189547
254612 6912 8 1000000 254604 1 254603
264214 6912 8 1000000 264208 1 264206
348355 6912 8 1000000 348349 1 348348
256979 6912 8 1000000 256972 1 256970
261695 6912 8 1000000 261693 0 261683
233323 6912 8 1000000 233319 0 233310
375924 6912 8 1000000 375916 1 375914
221983 6912 8 1000000 221976 1 221976
271262 6912 8 1000000 271257 1 271255
209027 6912 8 1000000 209025 0 209017
218959 6912 8 1000000 218958 1 218948
245924 6912 8 1000000 245919 1 245917
362457 6912 8 1000000 362451 1 362450
206072 6912 8 1000000 206069 1 206068
223607 6912 8 1000000 223600 1 223599
195427 6912 8 1000000 195419 1 195418
289994 6912 8 1000000 289988 1 289986
205761 6912 8 1000000 205759 0 205750
248585 6912 8 1000000 248584 0 248572
282467 6912 8 1000000 282460 1 282458
197535 6912 8 1000000 197529 1 197528
230340 6912 8 1000000 230333 1 230332
210347 6912 8 1000000 210341 1 210340
230951 6912 8 1000000 230944 1 230943
379667 6912 8 1000000 379664 0 379656
233067 6912 8 1000000 233065 0 233056
252203 6912 8 1000000 252197 1 252195
195435 6912 8 1000000 195431 0 195423
300319 6912 8 1000000 300312 1 300310
339258 6912 8 1000000 339251 1 339250
196146 6912 8 1000000 196140 1 196139
208449 6912 8 1000000 208445 1 208444
