398786 6912 8 1000000 398757 1 398757
266329 6912 8 1000000 266305 1 266305
255352 6912 8 1000000 255292 0 255287
269049 6912 8 1000000 269040 1 269039
248229 6912 8 1000000 248215 1 248215
161824 6912 8 1000000 161799 1 161798
158549 6912 8 1000000 158533 1 158528
213874 6912 8 1000000 213847 1 213846
205502 6912 8 1000000 205470 1 205469
195455 6912 8 1000000 195427 1 195427
208474 6912 8 1000000 208443 0 208436
177453 6912 8 1000000 177429 1 177429
243190 6912 8 1000000 243149 1 243147
837283 6912 8 1000000 837271 1 837269
427893 6912 8 1000000 427868 1 427864
261664 6912 8 1000000 261638 1 261635
252625 6912 8 1000000 252612 1 252610
204974 6912 8 1000000 204956 1 204953
576323 6912 8 1000000 576291 0 576276
240769 6912 8 1000000 240743 1 240740
200286 6912 8 1000000 200261 1 200258
168710 6912 8 1000000 168680 1 168677
224440 6912 8 1000000 224420 1 224417
217597 6912 8 1000000 217577 1 217574
210679 6912 8 1000000 210668 1 210667
279584 6912 8 1000000 279550 1 279546
309084 6912 8 1000000 309064 1 309062
361334 6912 8 1000000 361281 0 361261
209970 6912 8 1000000 209947 1 209944
221265 6912 8 1000000 221240 1 221237
192410 6912 8 1000000 192387 1 192383
206584 6912 8 1000000 206564 1 206561
290614 6912 8 1000000 290578 1 290573
410678 6912 8 1000000 410647 1 410642
191769 6912 8 1000000 191749 1 191746
231082 6912 8 1000000 231050 0 231030
247247 6912 8 1000000 247222 0 247208
224485 6912 8 1000000 224465 0 224447
295032 6912 8 1000000 295010 1 295005
240189 6912 8 1000000 240173 1 240155
328146 6912 8 1000000 328125 1 328121
228182 6912 8 1000000 228156 1 228136
223210 6912 8 1000000 223187 1 223182
236420 6912 8 1000000 236400 1 236396
289589 6912 8 1000000 289559 1 289556
220464 6912 8 1000000 220439 0 220425
221573 6912 8 1000000 221533 0 221517
199712 6912 8 1000000 199688 1 199683
220248 6912 8 1000000 220221 1 220218
232766 6912 8 1000000 232745 1 232742
341556 6912 8 1000000 341535 1 341531
407720 6912 8 1000000 407699 1 407695
309459 6912 8 1000000 309436 0 309422
263048 6912 8 1000000 263023 0 263004
298528 6912 8 1000000 298495 1 298489
212014 6912 8 1000000 211994 1 211990
243619 6912 8 1000000 243594 0 243577
229841 6912 8 1000000 229812 1 229807
241880 6912 8 1000000 241838 0 241794
259563 6912 8 1000000 259542 0 259524
182105 6912 8 1000000 182091 1 182081
227524 6912 8 1000000 227512 0 227486
261148 6912 8 1000000 261135 1 261128
311048 6912 8 1000000 311038 1 311031
364102 6912 8 1000000 364093 1 364083
234774 6912 8 1000000 234763 1 234751
359535 6912 8 1000000 359523 1 359511
377068 6912 8 1000000 377046 1 377030
299229 6912 8 1000000 299215 1 299200
236278 6912 8 1000000 236271 0 236247
246965 6912 8 1000000 246952 1 246938
230347 6912 8 1000000 230343 1 230321
354816 6912 8 1000000 354803 1 354793
349090 6912 8 1000000 349083 1 349056
393050 6912 8 1000000 393042 0 393017
218833 6912 8 1000000 218837 0 218809
422797 6912 8 1000000 422784 0 422752
320279 6912 8 1000000 320277 0 320249
254179 6912 8 1000000 254166 1 254155
229020 6912 8 1000000 229015 1 228987
323325 6912 8 1000000 323312 1 323302
211099 6912 8 1000000 211087 1 211077
266306 6912 8 1000000 266308 0 266281
321420 6912 8 1000000 321408 1 321394
225033 6912 8 1000000 225011 1 224992
302524 6912 8 1000000 302506 1 302505
331016 6912 8 1000000 330977 0 330969
315420 6912 8 1000000 315398 1 315395
336287 6912 8 1000000 336265 1 336264
249576 6912 8 1000000 249555 1 249554
359616 6912 8 1000000 359586 0 359577
212880 6912 8 1000000 212857 1 212856
249298 6912 8 1000000 249279 1 249278
304405 6912 8 1000000 304390 1 304389
222497 6912 8 1000000 222477 1 222476
216586 6912 8 1000000 216549 0 216540
254604 6912 8 1000000 254594 1 254594
240031 6912 8 1000000 240014 1 240013
308996 6912 8 1000000 308973 1 308972
217159 6912 8 1000000 217137 0 217129
344255 6912 8 1000000 344232 1 344230
233500 6912 8 1000000 233473 0 233463
225213 6912 8 1000000 225182 1 225180
378189 6912 8 1000000 378160 0 378152
357466 6912 8 1000000 357399 1 357398
223122 6912 8 1000000 223103 1 223100
251236 6912 8 1000000 251224 1 251222
194704 6912 8 1000000 194735 0 194684
366120 6912 8 1000000 366108 1 366107
236742 6912 8 1000000 236727 0 236721
276446 6912 8 1000000 276434 1 276432
204825 6912 8 1000000 204813 1 204812
298585 6912 8 1000000 298574 0 298566
530954 6912 8 1000000 530942 1 530941
350323 6912 8 1000000 350308 0 350302
181051 6912 8 1000000 181041 1 181039
371395 6912 8 1000000 371379 0 371371
310201 6912 8 1000000 310197 1 310197
267861 6912 8 1000000 267848 0 267841
235129 6912 8 1000000 235115 0 235108
298299 6912 8 1000000 298288 1 298286
232405 6912 8 1000000 232393 1 232392
259189 6912 8 1000000 259172 1 259169
190096 6912 8 1000000 190085 1 190083
246606 6912 8 1000000 246595 1 246593
200290 6912 8 1000000 200277 0 200270
304822 6912 8 1000000 304810 1 304809
241065 6912 8 1000000 241050 1 241049
221143 6912 8 1000000 221128 1 221127
237352 6912 8 1000000 237340 1 237339
314236 6912 8 1000000 314223 1 314222
233345 6912 8 1000000 233326 0 233319
344712 6912 8 1000000 344696 0 344686
231497 6912 8 1000000 231476 0 231469
353177 6912 8 1000000 353166 1 353165
193187 6912 8 1000000 193172 1 193170
401331 6912 8 1000000 401314 0 401305
263659 6912 8 1000000 263646 1 263644
321761 6912 8 1000000 321746 0 321739
242407 6912 8 1000000 242394 0 242386
299469 6912 8 1000000 299453 0 299447
392780 6912 8 1000000 392763 0 392755
336499 6912 8 1000000 336486 1 336485
273767 6912 8 1000000 273754 1 273753
381286 6912 8 1000000 381274 0 381267
225220 6912 8 1000000 225205 0 225197
244506 6912 8 1000000 244494 0 244487
336602 6912 8 1000000 336590 1 336589
411949 6912 8 1000000 411934 1 411932
219092 6912 8 1000000 219075 0 219064
300883 6912 8 1000000 300868 0 300859
242875 6912 8 1000000 242863 1 242861
165764 6912 8 1000000 165724 1 165723
217248 6912 8 1000000 217241 1 217240
216738 6912 8 1000000 216704 0 216698
268799 6912 8 1000000 268797 0 268787
371987 6912 8 1000000 371984 0 371973
285347 6912 8 1000000 285340 1 285339
302548 6912 8 1000000 302542 1 302540
249364 6912 8 1000000 249362 0 249353
244940 6912 8 1000000 244931 1 244930
241646 6912 8 1000000 241640 1 241638
221472 6912 8 1000000 221463 1 221461
316275 6912 8 1000000 316271 0 316263
273600 6912 8 1000000 273586 0 273578
225173 6912 8 1000000 225167 1 225164
227697 6912 8 1000000 227691 1 227689
224038 6912 8 1000000 224031 0 224023
264721 6912 8 1000000 264713 1 264711
252597 6912 8 1000000 252587 1 252585
180299 6912 8 1000000 180292 0 180285
259930 6912 8 1000000 259927 0 259918
216120 6912 8 1000000 216112 0 216103
266614 6912 8 1000000 266608 1 266606
279982 6912 8 1000000 279972 0 279955
214579 6912 8 1000000 214576 0 214565
239301 6912 8 1000000 239298 0 239290
235811 6912 8 1000000 235807 1 235804
220377 6912 8 1000000 220371 1 220369
235962 6912 8 1000000 235956 1 235954
309351 6912 8 1000000 309345 1 309344
207074 6912 8 1000000 207068 0 207054
216542 6912 8 1000000 216535 1 216533
277057 6912 8 1000000 277053 1 277053
163928 6912 8 1000000 163920 1 163919
330282 6912 8 1000000 330280 1 330273
418653 6912 8 1000000 418646 1 418644
232538 6912 8 1000000 232531 1 232530
232452 6912 8 1000000 232449 1 232441
311013 6912 8 1000000 311006 1 311004
232832 6912 8 1000000 232823 1 232821
203774 6912 8 1000000 203768 1 203767
