198052 6912 8 1000000 198028 0 198021
204975 6912 8 1000000 204944 1 204944
174704 6912 8 1000000 174691 1 174691
167468 6912 8 1000000 167428 0 167423
320850 6912 8 1000000 320761 0 320753
271744 6912 8 1000000 271704 0 271696
194656 6912 8 1000000 194633 1 194633
276594 6912 8 1000000 276555 1 276554
289127 6912 8 1000000 289016 0 289006
213543 6912 8 1000000 213522 1 213519
227965 6912 8 1000000 227960 1 227958
911645 6912 8 1000000 911622 1 911621
373866 6912 8 1000000 373841 1 373838
218446 6912 8 1000000 218420 0 218408
366416 6912 8 1000000 366385 0 366372
220078 6912 8 1000000 220054 0 220039
442877 6912 8 1000000 442855 1 442853
235978 6912 8 1000000 235966 1 235964
251975 6912 8 1000000 251948 0 251934
321137 6912 8 1000000 321116 1 321114
271355 6912 8 1000000 271327 1 271324
237676 6912 8 1000000 237627 1 237613
208844 6912 8 1000000 208804 1 208798
239337 6912 8 1000000 239314 1 239311
197686 6912 8 1000000 197669 0 197649
213336 6912 8 1000000 213313 0 213298
211771 6912 8 1000000 211703 0 211689
223347 6912 8 1000000 223325 1 223322
221424 6912 8 1000000 221403 1 221400
210464 6912 8 1000000 210436 0 210420
232979 6912 8 1000000 232961 1 232957
358485 6912 8 1000000 358463 1 358460
199757 6912 8 1000000 199744 1 199733
243213 6912 8 1000000 243189 1 243184
322329 6912 8 1000000 322306 1 322303
247082 6912 8 1000000 247058 1 247053
320481 6912 8 1000000 320460 1 320456
227328 6912 8 1000000 227302 1 227299
231615 6912 8 1000000 231593 1 231589
185564 6912 8 1000000 185552 1 185542
400595 6912 8 1000000 400558 0 400542
221961 6912 8 1000000 221939 1 221935
216222 6912 8 1000000 216198 0 216182
238731 6912 8 1000000 238710 1 238706
212451 6912 8 1000000 212433 1 212429
213798 6912 8 1000000 213777 1 213773
364092 6912 8 1000000 364074 0 364057
240427 6912 8 1000000 240392 0 240375
273490 6912 8 1000000 273464 1 273461
279342 6912 8 1000000 279315 0 279298
233689 6912 8 1000000 233667 1 233664
359611 6912 8 1000000 359587 1 359585
172522 6912 8 1000000 172515 1 172514
248758 6912 8 1000000 248736 1 248731
246532 6912 8 1000000 246515 0 246498
264244 6912 8 1000000 264217 1 264213
233785 6912 8 1000000 233771 1 233755
283736 6912 8 1000000 283721 1 283713
332331 6912 8 1000000 332312 1 332299
203260 6912 8 1000000 203248 1 203237
217421 6912 8 1000000 217408 1 217397
212358 6912 8 1000000 212350 0 212322
410850 6912 8 1000000 410827 1 410810
240376 6912 8 1000000 240364 1 240353
339944 6912 8 1000000 340025 0 339897
342913 6912 8 1000000 342904 1 342890
353121 6912 8 1000000 353114 1 353101
277740 6912 8 1000000 277725 1 277714
263984 6912 8 1000000 263952 0 263926
218639 6912 8 1000000 218634 1 218609
298130 6912 8 1000000 298118 1 298107
305028 6912 8 1000000 305014 0 304991
215885 6912 8 1000000 215883 1 215857
202303 6912 8 1000000 202304 0 202280
204834 6912 8 1000000 204828 0 204790
209484 6912 8 1000000 209474 1 209462
429076 6912 8 1000000 429064 1 429055
231312 6912 8 1000000 231296 1 231282
326796 6912 8 1000000 326785 0 326763
259968 6912 8 1000000 259957 1 259946
226074 6912 8 1000000 226060 0 226030
341642 6912 8 1000000 341629 0 341603
455280 6912 8 1000000 455267 1 455253
368232 6912 8 1000000 368219 1 368209
238965 6912 8 1000000 238955 1 238944
211765 6912 8 1000000 211750 1 211724
328513 6912 8 1000000 328489 1 328473
169878 6912 8 1000000 169860 0 169836
405899 6912 8 1000000 405885 1 405873
423099 6912 8 1000000 423073 0 423038
250043 6912 8 1000000 250017 0 250008
257898 6912 8 1000000 257866 0 257859
438707 6912 8 1000000 438669 1 438666
194285 6912 8 1000000 194265 1 194264
384915 6912 8 1000000 384904 0 384896
355832 6912 8 1000000 355812 1 355811
200544 6912 8 1000000 200527 1 200525
202742 6912 8 1000000 202722 1 202721
249786 6912 8 1000000 249766 1 249764
216827 6912 8 1000000 216807 1 216806
228612 6912 8 1000000 228585 1 228584
337474 6912 8 1000000 337453 0 337448
235291 6912 8 1000000 235266 0 235258
351488 6912 8 1000000 351474 1 351473
417105 6912 8 1000000 417084 1 417081
432578 6912 8 1000000 432535 0 432524
362514 6912 8 1000000 362497 1 362495
400264 6912 8 1000000 400244 1 400242
222691 6912 8 1000000 222669 1 222667
249657 6912 8 1000000 249604 0 249594
333305 6912 8 1000000 333285 1 333284
292439 6912 8 1000000 292418 1 292416
202094 6912 8 1000000 202069 1 202067
291089 6912 8 1000000 291059 1 291057
380970 6912 8 1000000 380926 1 380924
210451 6912 8 1000000 210438 1 210437
243876 6912 8 1000000 243840 0 243832
196069 6912 8 1000000 196057 1 196055
326531 6912 8 1000000 326511 0 326503
216284 6912 8 1000000 216266 0 216256
235515 6912 8 1000000 235499 1 235495
278445 6912 8 1000000 278431 1 278429
249455 6912 8 1000000 249438 1 249437
327547 6912 8 1000000 327535 1 327534
244028 6912 8 1000000 244016 1 244015
288071 6912 8 1000000 288048 1 288044
334975 6912 8 1000000 334962 1 334961
223083 6912 8 1000000 223073 1 223072
313529 6912 8 1000000 313517 1 313516
249659 6912 8 1000000 249646 1 249644
264875 6912 8 1000000 264864 1 264862
330555 6912 8 1000000 330551 0 330544
224877 6912 8 1000000 224857 0 224844
232450 6912 8 1000000 232436 1 232434
265909 6912 8 1000000 265894 0 265888
240641 6912 8 1000000 240627 1 240625
342188 6912 8 1000000 342172 1 342170
225370 6912 8 1000000 225359 1 225358
319339 6912 8 1000000 319310 0 319303
202339 6912 8 1000000 202327 1 202326
223782 6912 8 1000000 223767 1 223758
207944 6912 8 1000000 207932 1 207931
340819 6912 8 1000000 340807 1 340805
335486 6912 8 1000000 335474 1 335473
232651 6912 8 1000000 232641 1 232639
343161 6912 8 1000000 343149 1 343148
305464 6912 8 1000000 305455 1 305453
213976 6912 8 1000000 213962 1 213960
330092 6912 8 1000000 330074 1 330073
199192 6912 8 1000000 199181 1 199179
263044 6912 8 1000000 263027 0 263018
224162 6912 8 1000000 224148 1 224147
228525 6912 8 1000000 228507 1 228505
227984 6912 8 1000000 227974 1 227967
361594 6912 8 1000000 361581 1 361579
336256 6912 8 1000000 336244 1 336243
284497 6912 8 1000000 284485 1 284484
222731 6912 8 1000000 222716 0 222708
337457 6912 8 1000000 337444 0 337437
193967 6912 8 1000000 193950 1 193948
245870 6912 8 1000000 245860 1 245859
348696 6912 8 1000000 348684 1 348673
346345 6912 8 1000000 346292 0 346284
354983 6912 8 1000000 354981 1 354968
202062 6912 8 1000000 202057 0 202045
294724 6912 8 1000000 294717 0 294710
271189 6912 8 1000000 271183 1 271181
231245 6912 8 1000000 231238 1 231237
181385 6912 8 1000000 181379 1 181377
237280 6912 8 1000000 237273 1 237271
426766 6912 8 1000000 426760 1 426759
338377 6912 8 1000000 338368 0 338358
240165 6912 8 1000000 240157 1 240155
221348 6912 8 1000000 221342 1 221339
213491 6912 8 1000000 213484 1 213482
375097 6912 8 1000000 375090 1 375089
176107 6912 8 1000000 176101 1 176099
233118 6912 8 1000000 233112 0 233104
369258 6912 8 1000000 369254 0 369246
220335 6912 8 1000000 220329 1 220328
259483 6912 8 1000000 259478 0 259469
404232 6912 8 1000000 404227 0 404219
166614 6912 8 1000000 166608 1 166606
287535 6912 8 1000000 287530 1 287528
208165 6912 8 1000000 208157 1 208156
216153 6912 8 1000000 216145 1 216144
192038 6912 8 1000000 192032 1 192030
308565 6912 8 1000000 308558 1 308557
221722 6912 8 1000000 221720 0 221712
259172 6912 8 1000000 259169 0 259161
217735 6912 8 1000000 217728 1 217727
244980 6912 8 1000000 244974 1 244973
219478 6912 8 1000000 219475 0 219466
232341 6912 8 1000000 232335 1 232333
219093 6912 8 1000000 219086 1 219085
217640 6912 8 1000000 217638 1 217630
240443 6912 8 1000000 240437 1 240435
372676 6912 8 1000000 372670 1 372662
317675 6912 8 1000000 317675 0 317665
260406 6912 8 1000000 260401 0 260395
224144 6912 8 1000000 224141 0 224133
317618 6912 8 1000000 317610 0 317600
215533 6912 8 1000000 215527 0 215518
213331 6912 8 1000000 213325 1 213324
209372 6912 8 1000000 209366 1 209365
207293 6912 8 1000000 207287 1 207285
173730 6912 8 1000000 173725 1 173724
192903 6912 8 1000000 192899 1 192899
