194314 6912 8 1000000 194295 1 194294
266529 6912 8 1000000 266507 0 266501
198835 6912 8 1000000 198758 0 198749
194911 6912 8 1000000 194883 1 194883
224985 6912 8 1000000 224965 1 224963
187628 6912 8 1000000 187603 1 187600
196060 6912 8 1000000 195975 0 195965
1032945 6912 8 1000000 1032853 0 1032841
331837 6912 8 1000000 331806 1 331803
338715 6912 8 1000000 338697 0 338684
320625 6912 8 1000000 320603 1 320600
409370 6912 8 1000000 409344 1 409341
276100 6912 8 1000000 276065 0 276051
272326 6912 8 1000000 272304 1 272300
222131 6912 8 1000000 222114 0 222099
197241 6912 8 1000000 197204 0 197180
197082 6912 8 1000000 197060 1 197057
229208 6912 8 1000000 229184 1 229182
213365 6912 8 1000000 213342 1 213339
320620 6912 8 1000000 320593 1 320590
275633 6912 8 1000000 275603 1 275599
213812 6912 8 1000000 213788 1 213784
215899 6912 8 1000000 215871 1 215868
195588 6912 8 1000000 195551 0 195533
248040 6912 8 1000000 248024 1 248007
200688 6912 8 1000000 200666 1 200662
329978 6912 8 1000000 329956 1 329952
299703 6912 8 1000000 299677 1 299673
210904 6912 8 1000000 210875 0 210854
246796 6912 8 1000000 246777 1 246773
244211 6912 8 1000000 244190 1 244186
227147 6912 8 1000000 227126 1 227122
316444 6912 8 1000000 316423 1 316418
236818 6912 8 1000000 236793 0 236770
309394 6912 8 1000000 309378 0 309372
242187 6912 8 1000000 242159 1 242155
207140 6912 8 1000000 207119 1 207115
210906 6912 8 1000000 210881 1 210877
319630 6912 8 1000000 319610 1 319607
268671 6912 8 1000000 268624 0 268609
296262 6912 8 1000000 296206 0 296193
192884 6912 8 1000000 192861 1 192858
276007 6912 8 1000000 275985 1 275981
226867 6912 8 1000000 226844 1 226841
185774 6912 8 1000000 185757 1 185750
196287 6912 8 1000000 196305 1 196250
225962 6912 8 1000000 225934 0 225920
210605 6912 8 1000000 210527 0 210512
311602 6912 8 1000000 311576 1 311570
296339 6912 8 1000000 296319 1 296315
262844 6912 8 1000000 262815 0 262791
211268 6912 8 1000000 211264 1 211236
251721 6912 8 1000000 251710 1 251694
214809 6912 8 1000000 214798 1 214788
435685 6912 8 1000000 435672 0 435648
220865 6912 8 1000000 220855 0 220831
237762 6912 8 1000000 237751 1 237736
222667 6912 8 1000000 222655 1 222642
243865 6912 8 1000000 243859 0 243825
310753 6912 8 1000000 310749 1 310723
366299 6912 8 1000000 366287 0 366261
223851 6912 8 1000000 223844 0 223822
307922 6912 8 1000000 307914 0 307887
221086 6912 8 1000000 221074 1 221061
333075 6912 8 1000000 333071 0 333041
267479 6912 8 1000000 267466 0 267455
229368 6912 8 1000000 229363 1 229362
228639 6912 8 1000000 228631 1 228623
391185 6912 8 1000000 391170 1 391154
208345 6912 8 1000000 208337 1 208324
358050 6912 8 1000000 358039 1 358021
283137 6912 8 1000000 283137 0 283109
326739 6912 8 1000000 326730 1 326719
250419 6912 8 1000000 250408 1 250398
202138 6912 8 1000000 202122 1 202109
320703 6912 8 1000000 320703 0 320675
325864 6912 8 1000000 325851 1 325839
267631 6912 8 1000000 267605 0 267575
305717 6912 8 1000000 305622 0 305596
260276 6912 8 1000000 260241 1 260229
213836 6912 8 1000000 213835 0 213799
254431 6912 8 1000000 254414 1 254401
243963 6912 8 1000000 243984 1 243932
403678 6912 8 1000000 403650 1 403648
247619 6912 8 1000000 247596 1 247595
215447 6912 8 1000000 215409 0 215398
229710 6912 8 1000000 229678 0 229664
225215 6912 8 1000000 225193 1 225193
369618 6912 8 1000000 369590 0 369582
309291 6912 8 1000000 309274 0 309266
345056 6912 8 1000000 345034 1 345033
203393 6912 8 1000000 203372 1 203370
230244 6912 8 1000000 230226 1 230225
338862 6912 8 1000000 338829 0 338821
414046 6912 8 1000000 414019 0 414010
340251 6912 8 1000000 340234 0 340226
329175 6912 8 1000000 329146 0 329136
187894 6912 8 1000000 187876 0 187867
208625 6912 8 1000000 208592 0 208583
231098 6912 8 1000000 231081 1 231080
254831 6912 8 1000000 254807 1 254806
322950 6912 8 1000000 322928 1 322927
226113 6912 8 1000000 226087 1 226079
239942 6912 8 1000000 239916 0 239907
280381 6912 8 1000000 280353 1 280351
392444 6912 8 1000000 392425 1 392423
229253 6912 8 1000000 229165 0 229151
359343 6912 8 1000000 359366 1 359321
272938 6912 8 1000000 272924 0 272917
257523 6912 8 1000000 257510 1 257509
193523 6912 8 1000000 193502 0 193491
263601 6912 8 1000000 263588 1 263587
313908 6912 8 1000000 313897 1 313895
228791 6912 8 1000000 228780 0 228768
309729 6912 8 1000000 309723 1 309722
245477 6912 8 1000000 245451 0 245442
170062 6912 8 1000000 170050 1 170048
197299 6912 8 1000000 197290 0 197282
277613 6912 8 1000000 277601 1 277599
319771 6912 8 1000000 319760 1 319758
230968 6912 8 1000000 230957 1 230955
285053 6912 8 1000000 285042 1 285040
220703 6912 8 1000000 220674 0 220667
313092 6912 8 1000000 313073 1 313071
222042 6912 8 1000000 222032 1 222030
213096 6912 8 1000000 213081 1 213079
207604 6912 8 1000000 207591 1 207589
330962 6912 8 1000000 330950 1 330948
216756 6912 8 1000000 216742 1 216741
441740 6912 8 1000000 441729 1 441727
217399 6912 8 1000000 217379 1 217377
237517 6912 8 1000000 237499 0 237492
230684 6912 8 1000000 230671 1 230664
252778 6912 8 1000000 252766 1 252765
339071 6912 8 1000000 339058 0 339050
224853 6912 8 1000000 224844 1 224843
344668 6912 8 1000000 344654 1 344653
192890 6912 8 1000000 192881 1 192879
214704 6912 8 1000000 214691 1 214690
256837 6912 8 1000000 256814 0 256804
238316 6912 8 1000000 238301 1 238300
269940 6912 8 1000000 269924 0 269916
238717 6912 8 1000000 238702 0 238694
214781 6912 8 1000000 214768 1 214767
272777 6912 8 1000000 272752 0 272744
421312 6912 8 1000000 421303 1 421302
276107 6912 8 1000000 276091 1 276090
220465 6912 8 1000000 220449 0 220441
195999 6912 8 1000000 195970 0 195963
234437 6912 8 1000000 234424 1 234422
338432 6912 8 1000000 338420 1 338419
185795 6912 8 1000000 185782 1 185780
204818 6912 8 1000000 204800 0 204792
323246 6912 8 1000000 323235 1 323233
326172 6912 8 1000000 326158 1 326156
311088 6912 8 1000000 311073 0 311065
212378 6912 8 1000000 212367 1 212366
204733 6912 8 1000000 204721 1 204718
196675 6912 8 1000000 196598 0 196592
340032 6912 8 1000000 340020 1 340019
228227 6912 8 1000000 228221 1 228220
350103 6912 8 1000000 350095 1 350094
356728 6912 8 1000000 356725 0 356717
218398 6912 8 1000000 218391 1 218390
212619 6912 8 1000000 212612 1 212611
235449 6912 8 1000000 235443 1 235441
416555 6912 8 1000000 416549 1 416548
237575 6912 8 1000000 237569 1 237567
377385 6912 8 1000000 377377 1 377376
245361 6912 8 1000000 245353 1 245351
212617 6912 8 1000000 212599 1 212598
223924 6912 8 1000000 223915 1 223913
276536 6912 8 1000000 276528 1 276527
233649 6912 8 1000000 233645 0 233638
278749 6912 8 1000000 278743 1 278741
309321 6912 8 1000000 309315 1 309314
195454 6912 8 1000000 195448 1 195446
202371 6912 8 1000000 202365 1 202362
170696 6912 8 1000000 170689 1 170688
213221 6912 8 1000000 213218 0 213210
221865 6912 8 1000000 221858 1 221856
258079 6912 8 1000000 258072 1 258063
231618 6912 8 1000000 231617 1 231608
202633 6912 8 1000000 202626 1 202625
207548 6912 8 1000000 207541 1 207539
299845 6912 8 1000000 299844 0 299834
211568 6912 8 1000000 211562 0 211554
215115 6912 8 1000000 215108 1 215106
299245 6912 8 1000000 299240 0 299232
299194 6912 8 1000000 299185 1 299184
220712 6912 8 1000000 220707 0 220697
189116 6912 8 1000000 189112 0 189104
315822 6912 8 1000000 315810 1 315807
249571 6912 8 1000000 249568 1 249560
281919 6912 8 1000000 281911 1 281910
281002 6912 8 1000000 280994 1 280992
268100 6912 8 1000000 268095 1 268094
212242 6912 8 1000000 212239 1 212239
289580 6912 8 1000000 289574 0 289565
297996 6912 8 1000000 297991 1 297991
215580 6912 8 1000000 215573 1 215572
222276 6912 8 1000000 222270 1 222268
268032 6912 8 1000000 268024 1 268023
216247 6912 8 1000000 216242 1 216240
222708 6912 8 1000000 222702 0 222694
194880 6912 8 1000000 194873 1 194872
207353 6912 8 1000000 207350 0 207338
234095 6912 8 1000000 234089 1 234088
277181 6912 8 1000000 277175 1 277174
