368949 8064 8 10000000 366978 1 366977
326981 8064 8 10000000 326967 1 326967
208944 8064 8 10000000 208916 1 208915
185325 8064 8 10000000 185302 1 185302
145678 8064 8 10000000 145658 1 145657
190150 8064 8 10000000 190133 1 190132
256172 8064 8 10000000 256140 1 256139
182357 8064 8 10000000 182338 1 182338
229237 8064 8 10000000 229216 1 229216
315725 8064 8 10000000 315702 1 315701
201165 8064 8 10000000 201103 0 201096
342696 8064 8 10000000 342669 1 342668
206790 8064 8 10000000 206763 1 206763
540059 8064 8 10000000 540029 1 540026
207588 8064 8 10000000 207567 1 207564
179009 8064 8 10000000 178986 1 178983
190910 8064 8 10000000 190894 1 190891
427071 8064 8 10000000 426976 0 426962
191694 8064 8 10000000 191665 0 191651
223820 8064 8 10000000 223800 1 223798
267653 8064 8 10000000 267634 1 267629
332284 8064 8 10000000 332270 0 332260
181213 8064 8 10000000 181195 0 181181
233355 8064 8 10000000 233335 1 233331
269446 8064 8 10000000 269430 1 269427
370679 8064 8 10000000 370654 0 370637
247510 8064 8 10000000 247493 0 247476
309354 8064 8 10000000 309323 0 309305
368069 8064 8 10000000 368049 1 368045
200421 8064 8 10000000 200403 1 200399
223140 8064 8 10000000 223110 0 223090
212304 8064 8 10000000 212286 1 212280
246826 8064 8 10000000 246804 1 246800
206691 8064 8 10000000 206666 1 206662
314500 8064 8 10000000 314472 1 314466
190802 8064 8 10000000 190782 1 190778
184661 8064 8 10000000 184640 1 184636
181765 8064 8 10000000 181748 1 181744
313468 8064 8 10000000 313446 1 313442
247660 8064 8 10000000 247632 0 247618
212017 8064 8 10000000 211987 1 211982
209153 8064 8 10000000 209131 1 209127
217692 8064 8 10000000 217671 1 217668
196426 8064 8 10000000 196395 0 196378
199607 8064 8 10000000 199603 1 199588
237245 8064 8 10000000 237224 1 237221
263258 8064 8 10000000 263244 0 263228
247021 8064 8 10000000 246998 1 246994
213271 8064 8 10000000 213251 0 213211
218597 8064 8 10000000 218573 1 218570
237725 8064 8 10000000 237708 0 237690
301319 8064 8 10000000 301292 1 301287
208328 8064 8 10000000 208302 1 208298
262819 8064 8 10000000 262759 0 262745
310310 8064 8 10000000 310331 1 310286
225146 8064 8 10000000 225122 1 225117
171483 8064 8 10000000 171472 1 171469
204339 8064 8 10000000 204318 1 204314
285724 8064 8 10000000 285684 0 285670
185898 8064 8 10000000 185876 1 185873
290584 8064 8 10000000 290568 0 290552
222715 8064 8 10000000 222701 0 222687
192324 8064 8 10000000 192306 0 192290
281000 8064 8 10000000 280985 0 280969
181948 8064 8 10000000 181930 1 181926
269603 8064 8 10000000 269590 1 269585
346355 8064 8 10000000 346334 1 346329
275311 8064 8 10000000 275294 1 275289
271681 8064 8 10000000 271661 1 271657
285151 8064 8 10000000 285140 0 285129
328843 8064 8 10000000 328824 1 328822
199287 8064 8 10000000 199261 1 199252
348164 8064 8 10000000 348132 0 348121
237884 8064 8 10000000 237855 0 237844
227705 8064 8 10000000 227677 1 227675
239949 8064 8 10000000 239924 0 239915
207999 8064 8 10000000 207977 1 207975
311229 8064 8 10000000 311206 0 311196
320630 8064 8 10000000 320614 1 320613
217211 8064 8 10000000 217187 0 217178
204575 8064 8 10000000 204544 1 204542
263892 8064 8 10000000 263868 1 263867
254106 8064 8 10000000 254083 1 254082
229668 8064 8 10000000 229639 1 229635
265379 8064 8 10000000 265354 1 265353
203321 8064 8 10000000 203299 0 203291
321721 8064 8 10000000 321693 0 321684
378762 8064 8 10000000 378742 1 378740
359003 8064 8 10000000 358985 1 358985
205527 8064 8 10000000 205511 1 205510
217990 8064 8 10000000 217969 0 217959
307253 8064 8 10000000 307233 1 307232
199612 8064 8 10000000 199595 0 199586
209588 8064 8 10000000 209557 0 209547
188266 8064 8 10000000 188248 1 188248
192666 8064 8 10000000 192646 1 192644
242048 8064 8 10000000 242033 1 242032
242812 8064 8 10000000 242801 1 242801
197627 8064 8 10000000 197602 1 197601
229435 8064 8 10000000 229418 1 229417
226133 8064 8 10000000 226107 1 226105
197423 8064 8 10000000 197402 1 197400
203057 8064 8 10000000 203045 1 203045
290544 8064 8 10000000 290517 0 290510
226310 8064 8 10000000 226290 0 226276
240286 8064 8 10000000 240270 1 240269
309994 8064 8 10000000 309971 1 309970
278691 8064 8 10000000 278672 1 278670
215548 8064 8 10000000 215533 1 215532
255335 8064 8 10000000 255324 1 255323
234903 8064 8 10000000 234882 1 234881
227396 8064 8 10000000 227383 1 227382
221328 8064 8 10000000 221304 0 221295
230897 8064 8 10000000 230877 1 230876
187358 8064 8 10000000 187340 1 187339
222231 8064 8 10000000 222211 0 222202
276921 8064 8 10000000 276902 1 276901
245406 8064 8 10000000 245378 1 245377
305594 8064 8 10000000 305575 0 305567
203250 8064 8 10000000 203219 0 203210
227432 8064 8 10000000 227411 1 227410
228842 8064 8 10000000 228823 1 228821
364105 8064 8 10000000 364067 0 364058
208656 8064 8 10000000 208634 1 208633
273302 8064 8 10000000 273288 1 273288
220012 8064 8 10000000 219996 1 219994
267206 8064 8 10000000 267185 0 267175
229186 8064 8 10000000 229165 1 229164
246461 8064 8 10000000 246447 1 246446
201988 8064 8 10000000 201970 1 201969
198698 8064 8 10000000 198675 1 198673
245604 8064 8 10000000 245583 1 245582
219189 8064 8 10000000 219158 0 219149
302783 8064 8 10000000 302764 0 302755
205943 8064 8 10000000 205923 1 205922
192681 8064 8 10000000 192660 1 192658
247967 8064 8 10000000 247931 0 247923
194800 8064 8 10000000 194781 1 194780
210786 8064 8 10000000 210765 1 210764
224144 8064 8 10000000 224121 1 224119
230210 8064 8 10000000 230150 0 230142
229210 8064 8 10000000 229198 1 229196
194131 8064 8 10000000 194120 1 194119
208803 8064 8 10000000 208775 0 208764
300229 8064 8 10000000 300199 0 300193
216329 8064 8 10000000 216317 1 216315
291244 8064 8 10000000 291234 1 291232
197757 8064 8 10000000 197746 1 197745
193587 8064 8 10000000 193573 1 193572
309813 8064 8 10000000 309798 1 309797
185871 8064 8 10000000 185855 1 185855
223131 8064 8 10000000 223119 1 223116
174833 8064 8 10000000 174822 1 174820
341427 8064 8 10000000 341422 1 341421
254626 8064 8 10000000 254613 0 254604
185055 8064 8 10000000 185037 0 185030
379379 8064 8 10000000 379367 1 379365
205966 8064 8 10000000 205954 1 205952
197298 8064 8 10000000 197284 0 197277
297573 8064 8 10000000 297561 1 297560
176448 8064 8 10000000 176434 1 176433
236430 8064 8 10000000 236418 1 236416
235943 8064 8 10000000 235934 1 235932
228305 8064 8 10000000 228297 1 228296
214836 8064 8 10000000 214821 0 214813
199848 8064 8 10000000 199836 1 199835
256595 8064 8 10000000 256583 1 256582
234998 8064 8 10000000 234978 1 234977
213382 8064 8 10000000 213374 0 213366
233696 8064 8 10000000 233680 0 233672
226052 8064 8 10000000 226040 1 226038
300634 8064 8 10000000 300623 1 300622
306666 8064 8 10000000 306654 1 306652
351732 8064 8 10000000 351714 0 351703
233455 8064 8 10000000 233442 1 233440
198451 8064 8 10000000 198438 1 198436
341259 8064 8 10000000 341248 0 341242
344102 8064 8 10000000 344091 0 344081
201723 8064 8 10000000 201710 1 201709
236963 8064 8 10000000 236951 1 236949
327270 8064 8 10000000 327257 1 327256
185625 8064 8 10000000 185607 1 185605
217266 8064 8 10000000 217255 1 217254
214469 8064 8 10000000 214456 1 214455
195846 8064 8 10000000 195841 1 195840
318835 8064 8 10000000 318825 1 318824
185099 8064 8 10000000 185084 1 185083
233436 8064 8 10000000 233426 1 233425
209450 8064 8 10000000 209440 1 209432
274475 8064 8 10000000 274465 1 274463
326755 8064 8 10000000 326743 1 326742
242538 8064 8 10000000 242522 1 242520
250100 8064 8 10000000 250092 1 250092
209536 8064 8 10000000 209524 1 209515
236425 8064 8 10000000 236413 1 236412
188485 8064 8 10000000 188474 0 188465
323551 8064 8 10000000 323538 0 323530
214344 8064 8 10000000 214331 1 214324
238154 8064 8 10000000 238142 1 238141
394110 8064 8 10000000 394092 0 394085
231604 8064 8 10000000 231590 1 231588
239133 8064 8 10000000 239109 0 239099
266656 8064 8 10000000 266644 1 266643
395356 8064 8 10000000 395345 0 395340
225106 8064 8 10000000 225095 1 225088
