173698 8064 8 10000000 173669 1 173669
380939 8064 8 10000000 380885 0 380876
251754 8064 8 10000000 251729 1 251728
173143 8064 8 10000000 173115 1 173115
183983 8064 8 10000000 183893 0 183888
176037 8064 8 10000000 176013 1 176013
185464 8064 8 10000000 185414 0 185407
331618 8064 8 10000000 331594 1 331594
252321 8064 8 10000000 252298 1 252298
267740 8064 8 10000000 267686 0 267679
178028 8064 8 10000000 177947 1 177947
231737 8064 8 10000000 231709 0 231701
160481 8064 8 10000000 160456 0 160450
241913 8064 8 10000000 241889 1 241888
266864 8064 8 10000000 266836 1 266835
209626 8064 8 10000000 209513 1 209511
468200 8064 8 10000000 468178 1 468174
305889 8064 8 10000000 305869 1 305866
182940 8064 8 10000000 182916 1 182912
285756 8064 8 10000000 285732 1 285729
530984 8064 8 10000000 530873 0 530856
319692 8064 8 10000000 319672 1 319669
232630 8064 8 10000000 232610 1 232607
216663 8064 8 10000000 216639 1 216636
275094 8064 8 10000000 275077 1 275074
307673 8064 8 10000000 307649 1 307646
192974 8064 8 10000000 192956 1 192954
274068 8064 8 10000000 274053 0 274039
205808 8064 8 10000000 205782 0 205767
348223 8064 8 10000000 348216 1 348215
365128 8064 8 10000000 365107 1 365103
308647 8064 8 10000000 308627 1 308622
319589 8064 8 10000000 319569 1 319564
221918 8064 8 10000000 221901 0 221887
343360 8064 8 10000000 343340 1 343335
318199 8064 8 10000000 318198 1 318187
184691 8064 8 10000000 184672 1 184668
358112 8064 8 10000000 358089 1 358085
198465 8064 8 10000000 198437 1 198432
248699 8064 8 10000000 248668 0 248651
376118 8064 8 10000000 376098 1 376093
202375 8064 8 10000000 202355 1 202351
250906 8064 8 10000000 250882 1 250878
263387 8064 8 10000000 263376 1 263374
238668 8064 8 10000000 238648 1 238644
199895 8064 8 10000000 199881 0 199863
210679 8064 8 10000000 210656 1 210652
335128 8064 8 10000000 335109 1 335105
210462 8064 8 10000000 210443 1 210437
218055 8064 8 10000000 218033 1 218027
231937 8064 8 10000000 231912 1 231909
192180 8064 8 10000000 192161 1 192156
247381 8064 8 10000000 247341 0 247324
203471 8064 8 10000000 203453 1 203449
291217 8064 8 10000000 291197 1 291193
243592 8064 8 10000000 243574 1 243570
266369 8064 8 10000000 266306 0 266288
290180 8064 8 10000000 290167 0 290151
202594 8064 8 10000000 202572 0 202555
218680 8064 8 10000000 218660 1 218657
293875 8064 8 10000000 293856 1 293852
287030 8064 8 10000000 287008 0 286993
384513 8064 8 10000000 384533 0 384474
172340 8064 8 10000000 172317 1 172315
175977 8064 8 10000000 175956 1 175954
304580 8064 8 10000000 304554 1 304553
235182 8064 8 10000000 235162 1 235160
226033 8064 8 10000000 226000 0 225989
330501 8064 8 10000000 330474 1 330472
342734 8064 8 10000000 342713 1 342711
196145 8064 8 10000000 196119 1 196117
329003 8064 8 10000000 328976 1 328974
360782 8064 8 10000000 360762 1 360760
240913 8064 8 10000000 240883 0 240873
204841 8064 8 10000000 204825 0 204815
260750 8064 8 10000000 260724 0 260711
276906 8064 8 10000000 276875 0 276866
288595 8064 8 10000000 288573 1 288572
239062 8064 8 10000000 239042 1 239041
216433 8064 8 10000000 216403 0 216392
218145 8064 8 10000000 218128 1 218127
244589 8064 8 10000000 244570 1 244569
214870 8064 8 10000000 214846 0 214835
194904 8064 8 10000000 194886 1 194885
228446 8064 8 10000000 228423 1 228422
388296 8064 8 10000000 388269 0 388259
212120 8064 8 10000000 212110 1 212107
249952 8064 8 10000000 249930 1 249929
217683 8064 8 10000000 217667 1 217665
404275 8064 8 10000000 404236 0 404228
384919 8064 8 10000000 384898 1 384897
218373 8064 8 10000000 218352 1 218350
317646 8064 8 10000000 317617 0 317608
227651 8064 8 10000000 227642 1 227642
247173 8064 8 10000000 247150 0 247146
386050 8064 8 10000000 386030 1 386028
197562 8064 8 10000000 197539 1 197538
257999 8064 8 10000000 257981 1 257980
228806 8064 8 10000000 228788 1 228786
233089 8064 8 10000000 233067 1 233064
190121 8064 8 10000000 190103 0 190097
183917 8064 8 10000000 183891 1 183890
208293 8064 8 10000000 208276 1 208274
353467 8064 8 10000000 353445 1 353444
225634 8064 8 10000000 225611 1 225610
217056 8064 8 10000000 217040 1 217039
243675 8064 8 10000000 243657 1 243656
195097 8064 8 10000000 195077 1 195075
214780 8064 8 10000000 214759 0 214749
270420 8064 8 10000000 270388 1 270387
301167 8064 8 10000000 301147 1 301146
240764 8064 8 10000000 240744 1 240743
263672 8064 8 10000000 263654 1 263652
378440 8064 8 10000000 378422 1 378421
273971 8064 8 10000000 273951 1 273943
247536 8064 8 10000000 247519 1 247518
361744 8064 8 10000000 361710 0 361701
316874 8064 8 10000000 316850 1 316849
254765 8064 8 10000000 254746 1 254745
223170 8064 8 10000000 223146 1 223145
242543 8064 8 10000000 242523 1 242522
293214 8064 8 10000000 293179 0 293171
304331 8064 8 10000000 304313 1 304312
344433 8064 8 10000000 344416 1 344415
248266 8064 8 10000000 248246 1 248245
168585 8064 8 10000000 168565 0 168558
209108 8064 8 10000000 209071 1 209069
366437 8064 8 10000000 366415 1 366414
250841 8064 8 10000000 250759 1 250744
301013 8064 8 10000000 301002 1 301001
380684 8064 8 10000000 380666 1 380665
227791 8064 8 10000000 227778 1 227777
202562 8064 8 10000000 202551 1 202549
194622 8064 8 10000000 194609 1 194608
203396 8064 8 10000000 203379 1 203377
286390 8064 8 10000000 286373 0 286364
229682 8064 8 10000000 229668 1 229667
216903 8064 8 10000000 216890 1 216888
356434 8064 8 10000000 356422 1 356421
277717 8064 8 10000000 277703 1 277702
317351 8064 8 10000000 317337 0 317329
281154 8064 8 10000000 281147 1 281147
243890 8064 8 10000000 243875 1 243873
261383 8064 8 10000000 261372 1 261370
343180 8064 8 10000000 343171 0 343164
358577 8064 8 10000000 358568 0 358560
238237 8064 8 10000000 238221 1 238219
193172 8064 8 10000000 193158 1 193157
217253 8064 8 10000000 217238 0 217230
290794 8064 8 10000000 290780 1 290779
200190 8064 8 10000000 200176 1 200174
300485 8064 8 10000000 300469 0 300460
204298 8064 8 10000000 204283 1 204282
279173 8064 8 10000000 279161 1 279159
214058 8064 8 10000000 214043 0 214035
214710 8064 8 10000000 214700 1 214699
298917 8064 8 10000000 298907 0 298898
230463 8064 8 10000000 230449 0 230447
221231 8064 8 10000000 221219 0 221213
195649 8064 8 10000000 195637 1 195635
224210 8064 8 10000000 224197 1 224196
323267 8064 8 10000000 323255 1 323253
209769 8064 8 10000000 209756 1 209754
241180 8064 8 10000000 241165 1 241164
255282 8064 8 10000000 255264 0 255256
297998 8064 8 10000000 297986 1 297984
208805 8064 8 10000000 208794 1 208793
279621 8064 8 10000000 279607 1 279605
201536 8064 8 10000000 201523 0 201517
212949 8064 8 10000000 212937 1 212936
223056 8064 8 10000000 223047 1 223047
322607 8064 8 10000000 322588 0 322580
174000 8064 8 10000000 173986 1 173984
336232 8064 8 10000000 336219 1 336213
209132 8064 8 10000000 209116 0 209106
306560 8064 8 10000000 306548 1 306547
211345 8064 8 10000000 211330 1 211329
269574 8064 8 10000000 269558 0 269551
173716 8064 8 10000000 173704 0 173697
196852 8064 8 10000000 196842 1 196840
286817 8064 8 10000000 286805 1 286803
177553 8064 8 10000000 177541 1 177540
262623 8064 8 10000000 262610 0 262601
272927 8064 8 10000000 272914 1 272912
268412 8064 8 10000000 268399 1 268398
334136 8064 8 10000000 334124 1 334123
214252 8064 8 10000000 214241 1 214239
212148 8064 8 10000000 212136 1 212135
202084 8064 8 10000000 202074 1 202073
303272 8064 8 10000000 303264 0 303257
197556 8064 8 10000000 197549 1 197548
181398 8064 8 10000000 181395 1 181394
198928 8064 8 10000000 198915 1 198914
214991 8064 8 10000000 214981 1 214980
203747 8064 8 10000000 203736 0 203728
223746 8064 8 10000000 223735 0 223728
170232 8064 8 10000000 170220 1 170219
158854 8064 8 10000000 158844 1 158843
