173195 8064 8 10000000 173147 1 173147
190392 8064 8 10000000 190246 0 190238
190467 8064 8 10000000 190450 1 190449
189845 8064 8 10000000 189809 0 189803
336278 8064 8 10000000 336210 1 336201
201719 8064 8 10000000 201697 1 201697
242526 8064 8 10000000 242499 1 242498
228410 8064 8 10000000 228381 1 228379
210759 8064 8 10000000 210733 1 210733
351414 8064 8 10000000 351393 1 351390
197646 8064 8 10000000 197623 1 197620
183529 8064 8 10000000 183510 1 183507
193894 8064 8 10000000 193875 1 193872
252446 8064 8 10000000 252416 1 252413
257239 8064 8 10000000 257217 1 257214
483745 8064 8 10000000 483726 1 483723
276769 8064 8 10000000 276746 1 276742
175547 8064 8 10000000 175528 1 175514
187205 8064 8 10000000 187187 1 187174
208661 8064 8 10000000 208637 1 208634
230935 8064 8 10000000 230916 0 230904
222495 8064 8 10000000 222479 1 222476
398226 8064 8 10000000 398210 1 398208
219216 8064 8 10000000 219192 1 219188
172349 8064 8 10000000 172330 1 172327
199972 8064 8 10000000 199945 0 199932
358660 8064 8 10000000 358642 1 358638
253040 8064 8 10000000 253020 0 252995
336753 8064 8 10000000 336726 0 336711
195257 8064 8 10000000 195209 0 195189
228901 8064 8 10000000 228878 0 228863
332372 8064 8 10000000 332353 1 332348
310640 8064 8 10000000 310619 1 310615
232630 8064 8 10000000 232608 1 232604
363720 8064 8 10000000 363707 0 363694
240587 8064 8 10000000 240567 1 240561
208140 8064 8 10000000 208119 1 208113
268339 8064 8 10000000 268318 1 268314
193980 8064 8 10000000 193965 1 193961
306806 8064 8 10000000 306784 0 306766
208995 8064 8 10000000 208958 1 208942
228248 8064 8 10000000 228231 1 228226
337831 8064 8 10000000 337813 1 337809
276217 8064 8 10000000 276205 1 276203
204454 8064 8 10000000 204437 0 204422
285617 8064 8 10000000 285609 1 285608
193990 8064 8 10000000 193974 0 193960
176480 8064 8 10000000 176449 1 176444
212998 8064 8 10000000 212973 1 212968
267797 8064 8 10000000 267779 1 267775
192860 8064 8 10000000 192838 1 192835
205103 8064 8 10000000 205082 0 205068
319826 8064 8 10000000 319803 1 319798
213244 8064 8 10000000 213224 1 213219
240591 8064 8 10000000 240574 0 240560
344083 8064 8 10000000 343994 0 343980
231595 8064 8 10000000 231575 1 231570
241992 8064 8 10000000 241980 0 241962
233792 8064 8 10000000 233777 1 233759
229462 8064 8 10000000 229432 1 229417
342641 8064 8 10000000 342622 1 342619
196071 8064 8 10000000 196055 0 196040
245207 8064 8 10000000 245188 1 245183
230632 8064 8 10000000 230608 0 230591
188620 8064 8 10000000 188631 1 188597
337018 8064 8 10000000 337001 1 337000
237108 8064 8 10000000 237080 1 237078
245269 8064 8 10000000 245244 1 245233
233165 8064 8 10000000 233153 1 233153
221347 8064 8 10000000 221337 1 221336
201342 8064 8 10000000 201321 1 201319
262746 8064 8 10000000 262723 1 262722
322969 8064 8 10000000 322951 0 322941
312171 8064 8 10000000 312135 0 312127
303830 8064 8 10000000 303801 0 303792
209595 8064 8 10000000 209570 1 209568
183062 8064 8 10000000 183041 1 183040
270028 8064 8 10000000 270002 0 269993
287158 8064 8 10000000 287146 1 287145
307826 8064 8 10000000 307806 1 307805
243262 8064 8 10000000 243223 0 243214
249008 8064 8 10000000 248983 1 248973
221809 8064 8 10000000 221791 1 221789
213238 8064 8 10000000 213223 1 213221
217351 8064 8 10000000 217324 1 217322
248866 8064 8 10000000 248845 1 248834
325362 8064 8 10000000 325301 0 325293
249157 8064 8 10000000 249140 1 249138
217483 8064 8 10000000 217443 0 217434
226789 8064 8 10000000 226768 1 226767
234220 8064 8 10000000 234204 1 234202
212977 8064 8 10000000 212954 0 212944
189940 8064 8 10000000 189919 1 189918
328104 8064 8 10000000 328070 0 328061
212645 8064 8 10000000 212622 1 212620
271481 8064 8 10000000 271447 1 271438
331867 8064 8 10000000 331848 1 331847
214078 8064 8 10000000 214066 1 214066
216511 8064 8 10000000 216490 0 216481
207167 8064 8 10000000 207150 1 207149
382019 8064 8 10000000 381998 0 381990
234271 8064 8 10000000 234251 1 234249
209155 8064 8 10000000 209139 1 209138
212850 8064 8 10000000 212822 0 212813
313421 8064 8 10000000 313382 0 313372
233761 8064 8 10000000 233742 1 233740
269436 8064 8 10000000 269414 1 269413
206130 8064 8 10000000 206112 1 206111
273310 8064 8 10000000 273292 1 273290
306826 8064 8 10000000 306810 1 306809
221603 8064 8 10000000 221578 1 221570
192175 8064 8 10000000 192154 1 192153
308869 8064 8 10000000 308814 0 308805
275543 8064 8 10000000 275532 1 275531
297328 8064 8 10000000 297300 1 297298
227853 8064 8 10000000 227835 1 227834
181738 8064 8 10000000 181719 0 181709
246351 8064 8 10000000 246344 1 246344
211108 8064 8 10000000 211093 1 211092
241114 8064 8 10000000 241093 1 241092
231062 8064 8 10000000 231042 1 231041
197850 8064 8 10000000 197830 1 197829
219328 8064 8 10000000 219311 1 219310
241871 8064 8 10000000 241857 0 241848
284265 8064 8 10000000 284244 1 284242
188379 8064 8 10000000 188359 0 188349
206190 8064 8 10000000 206147 0 206139
207902 8064 8 10000000 207883 1 207882
275020 8064 8 10000000 275004 1 275003
201103 8064 8 10000000 201088 1 201086
222511 8064 8 10000000 222491 0 222480
189669 8064 8 10000000 189650 1 189649
215200 8064 8 10000000 215180 1 215179
318674 8064 8 10000000 318700 0 318653
231918 8064 8 10000000 231905 1 231904
202629 8064 8 10000000 202614 0 202607
193270 8064 8 10000000 193255 1 193254
246205 8064 8 10000000 246193 1 246191
205696 8064 8 10000000 205689 1 205689
214044 8064 8 10000000 214032 0 214024
286375 8064 8 10000000 286362 1 286361
232509 8064 8 10000000 232498 1 232496
371185 8064 8 10000000 371170 0 371160
338902 8064 8 10000000 338890 1 338888
315141 8064 8 10000000 315127 0 315120
248421 8064 8 10000000 248406 1 248398
256485 8064 8 10000000 256473 0 256466
250112 8064 8 10000000 250098 1 250090
349893 8064 8 10000000 349877 1 349875
317965 8064 8 10000000 317956 1 317954
200664 8064 8 10000000 200651 1 200650
307617 8064 8 10000000 307603 1 307601
195057 8064 8 10000000 195043 0 195036
277923 8064 8 10000000 277911 1 277909
233334 8064 8 10000000 233323 0 233314
249851 8064 8 10000000 249839 1 249838
197818 8064 8 10000000 197806 1 197805
254360 8064 8 10000000 254343 0 254336
238773 8064 8 10000000 238756 0 238750
379729 8064 8 10000000 379717 1 379716
372035 8064 8 10000000 372022 1 372021
186174 8064 8 10000000 186167 0 186161
403621 8064 8 10000000 403606 1 403605
239784 8064 8 10000000 239772 1 239771
221603 8064 8 10000000 221594 1 221593
245803 8064 8 10000000 245792 1 245784
288533 8064 8 10000000 288519 0 288512
236092 8064 8 10000000 236078 1 236077
217181 8064 8 10000000 217156 0 217149
218524 8064 8 10000000 218511 0 218503
234578 8064 8 10000000 234565 1 234564
386382 8064 8 10000000 386366 0 386359
197972 8064 8 10000000 197962 1 197960
352860 8064 8 10000000 352848 1 352846
326766 8064 8 10000000 326754 1 326752
275128 8064 8 10000000 275118 1 275117
294479 8064 8 10000000 294464 0 294456
292583 8064 8 10000000 292568 1 292566
225508 8064 8 10000000 225496 1 225495
378545 8064 8 10000000 378532 1 378531
289620 8064 8 10000000 289605 0 289598
218724 8064 8 10000000 218712 1 218711
189521 8064 8 10000000 189510 1 189509
202843 8064 8 10000000 202827 0 202820
218286 8064 8 10000000 218274 1 218273
201186 8064 8 10000000 201173 1 201171
294815 8064 8 10000000 294803 1 294802
210796 8064 8 10000000 210784 1 210783
356551 8064 8 10000000 356538 1 356537
320316 8064 8 10000000 320304 1 320302
217361 8064 8 10000000 217349 1 217348
335540 8064 8 10000000 335525 0 335516
191589 8064 8 10000000 191582 1 191581
187954 8064 8 10000000 187941 0 187934
267355 8064 8 10000000 267344 1 267343
360598 8064 8 10000000 360586 1 360585
383146 8064 8 10000000 383131 0 383122
208058 8064 8 10000000 208044 0 208036
198486 8064 8 10000000 198476 1 198474
210115 8064 8 10000000 210103 1 210095
217880 8064 8 10000000 217869 0 217862
259719 8064 8 10000000 259709 1 259708
251857 8064 8 10000000 251847 1 251846
185773 8064 8 10000000 185760 1 185758
257905 8064 8 10000000 257895 1 257894
342328 8064 8 10000000 342314 0 342306
304156 8064 8 10000000 304144 0 304137
234553 8064 8 10000000 234543 1 234541
247419 8064 8 10000000 247407 0 247400
