272008 8064 8 10000000 271986 0 271978
214348 8064 8 10000000 214330 1 214329
276567 8064 8 10000000 277210 0 276499
218092 8064 8 10000000 218045 0 218037
233739 8064 8 10000000 233660 0 233653
167548 8064 8 10000000 167496 1 167496
351333 8064 8 10000000 351318 1 351317
170865 8064 8 10000000 170842 1 170839
277774 8064 8 10000000 277751 1 277748
212569 8064 8 10000000 212548 1 212545
383978 8064 8 10000000 383958 1 383956
289726 8064 8 10000000 289719 1 289718
375959 8064 8 10000000 375938 1 375935
208848 8064 8 10000000 208809 0 208796
340676 8064 8 10000000 340654 1 340652
325184 8064 8 10000000 325163 1 325160
254600 8064 8 10000000 254579 0 254569
226983 8064 8 10000000 226960 1 226957
220268 8064 8 10000000 220235 1 220232
243786 8064 8 10000000 243764 1 243761
296688 8064 8 10000000 296667 1 296652
179114 8064 8 10000000 179091 1 179087
266584 8064 8 10000000 266565 1 266561
189839 8064 8 10000000 189826 1 189809
210485 8064 8 10000000 210467 0 210451
222518 8064 8 10000000 222492 0 222471
375926 8064 8 10000000 375902 0 375886
252011 8064 8 10000000 251989 1 251985
191191 8064 8 10000000 191180 1 191178
205137 8064 8 10000000 205118 1 205114
345477 8064 8 10000000 345458 1 345455
187973 8064 8 10000000 187941 1 187937
322730 8064 8 10000000 322706 0 322690
297872 8064 8 10000000 297853 1 297851
242292 8064 8 10000000 242274 1 242269
210763 8064 8 10000000 210739 1 210735
290652 8064 8 10000000 290635 1 290618
186084 8064 8 10000000 186056 0 186038
195242 8064 8 10000000 195226 1 195207
318913 8064 8 10000000 318889 1 318885
193467 8064 8 10000000 193439 0 193422
202433 8064 8 10000000 202439 0 202397
219470 8064 8 10000000 219453 0 219437
411530 8064 8 10000000 411507 0 411493
226727 8064 8 10000000 226738 0 226687
319343 8064 8 10000000 319314 1 319310
204692 8064 8 10000000 204671 1 204667
270439 8064 8 10000000 270422 0 270414
287561 8064 8 10000000 287531 1 287527
331006 8064 8 10000000 330989 0 330979
205288 8064 8 10000000 205263 1 205256
239872 8064 8 10000000 239844 0 239832
213385 8064 8 10000000 213367 1 213362
380486 8064 8 10000000 380463 1 380458
256798 8064 8 10000000 256789 1 256787
179013 8064 8 10000000 178995 0 178979
195569 8064 8 10000000 195538 1 195532
224445 8064 8 10000000 224426 1 224421
217137 8064 8 10000000 217124 1 217122
182803 8064 8 10000000 182778 1 182777
308831 8064 8 10000000 308809 1 308808
183630 8064 8 10000000 183610 1 183608
218526 8064 8 10000000 218505 1 218504
253269 8064 8 10000000 253239 1 253237
202693 8064 8 10000000 202670 1 202669
220061 8064 8 10000000 220040 1 220038
237117 8064 8 10000000 237088 1 237086
221194 8064 8 10000000 221172 1 221171
263451 8064 8 10000000 263433 1 263432
285181 8064 8 10000000 285164 1 285163
247017 8064 8 10000000 246988 0 246979
335215 8064 8 10000000 335193 1 335191
217292 8064 8 10000000 217268 0 217255
308397 8064 8 10000000 308379 1 308378
213518 8064 8 10000000 213494 1 213493
175565 8064 8 10000000 175547 1 175545
211440 8064 8 10000000 211417 0 211409
319488 8064 8 10000000 319452 0 319439
212179 8064 8 10000000 212161 1 212160
208339 8064 8 10000000 208319 0 208310
384846 8064 8 10000000 384830 1 384828
355035 8064 8 10000000 355003 0 354993
203830 8064 8 10000000 203809 1 203808
219582 8064 8 10000000 219560 1 219559
367294 8064 8 10000000 367275 1 367274
319711 8064 8 10000000 319686 0 319676
248309 8064 8 10000000 248288 1 248287
213898 8064 8 10000000 213885 1 213885
259272 8064 8 10000000 259251 1 259250
248009 8064 8 10000000 247991 0 247983
250695 8064 8 10000000 250674 1 250673
244244 8064 8 10000000 244223 0 244215
227331 8064 8 10000000 227309 1 227307
216533 8064 8 10000000 216507 0 216497
198191 8064 8 10000000 198172 1 198171
187171 8064 8 10000000 187151 0 187143
307997 8064 8 10000000 307980 1 307978
211721 8064 8 10000000 211696 1 211696
166741 8064 8 10000000 166719 1 166717
211960 8064 8 10000000 211952 1 211951
237590 8064 8 10000000 237571 1 237570
217308 8064 8 10000000 217286 1 217284
233336 8064 8 10000000 233316 1 233315
306980 8064 8 10000000 306962 1 306961
328998 8064 8 10000000 328968 0 328960
289031 8064 8 10000000 289012 1 289010
268576 8064 8 10000000 268557 0 268549
308212 8064 8 10000000 308171 0 308162
253870 8064 8 10000000 253850 0 253841
279349 8064 8 10000000 279328 1 279327
226126 8064 8 10000000 226108 1 226107
349083 8064 8 10000000 349062 1 349060
327967 8064 8 10000000 327948 1 327947
216829 8064 8 10000000 216813 1 216812
166424 8064 8 10000000 166407 1 166406
229551 8064 8 10000000 229541 1 229530
233809 8064 8 10000000 233791 0 233782
202530 8064 8 10000000 202513 1 202512
228910 8064 8 10000000 228894 0 228885
198746 8064 8 10000000 198721 1 198719
192265 8064 8 10000000 192245 1 192244
302831 8064 8 10000000 302812 0 302803
208351 8064 8 10000000 208320 0 208311
387795 8064 8 10000000 387774 1 387773
321827 8064 8 10000000 321806 1 321805
210692 8064 8 10000000 210681 1 210680
194363 8064 8 10000000 194352 1 194351
411350 8064 8 10000000 411333 0 411327
184968 8064 8 10000000 184960 1 184959
414441 8064 8 10000000 414428 1 414426
241312 8064 8 10000000 241294 1 241292
237671 8064 8 10000000 237658 1 237657
357451 8064 8 10000000 357440 0 357434
158806 8064 8 10000000 158793 0 158787
244863 8064 8 10000000 244842 1 244833
444180 8064 8 10000000 444162 0 444153
232787 8064 8 10000000 232775 1 232773
320706 8064 8 10000000 320692 1 320691
209017 8064 8 10000000 209004 1 209003
202165 8064 8 10000000 202154 0 202146
286190 8064 8 10000000 286178 1 286177
349031 8064 8 10000000 349018 1 349017
225980 8064 8 10000000 225966 1 225965
243532 8064 8 10000000 243515 0 243500
211121 8064 8 10000000 211111 0 211104
241343 8064 8 10000000 241332 1 241330
227112 8064 8 10000000 227102 1 227100
220090 8064 8 10000000 220077 1 220071
205691 8064 8 10000000 205679 1 205677
213677 8064 8 10000000 213665 1 213663
232571 8064 8 10000000 232559 1 232558
226004 8064 8 10000000 225991 1 225990
325934 8064 8 10000000 325923 1 325922
212092 8064 8 10000000 212079 0 212072
341965 8064 8 10000000 341955 0 341947
260761 8064 8 10000000 260749 1 260747
264483 8064 8 10000000 264470 1 264469
241669 8064 8 10000000 241658 1 241655
219990 8064 8 10000000 219976 0 219968
223875 8064 8 10000000 223863 0 223855
179857 8064 8 10000000 179843 1 179842
347022 8064 8 10000000 347011 1 347009
340897 8064 8 10000000 340884 1 340883
255075 8064 8 10000000 255063 1 255062
246009 8064 8 10000000 245999 1 245999
309680 8064 8 10000000 309668 0 309658
304373 8064 8 10000000 304349 1 304348
226998 8064 8 10000000 226985 1 226984
175546 8064 8 10000000 175533 1 175532
265462 8064 8 10000000 265446 1 265444
244687 8064 8 10000000 244674 1 244673
214727 8064 8 10000000 214715 1 214714
324214 8064 8 10000000 324205 0 324197
203264 8064 8 10000000 203248 1 203246
379840 8064 8 10000000 379825 1 379824
272119 8064 8 10000000 272108 1 272107
285736 8064 8 10000000 285722 1 285721
237043 8064 8 10000000 237030 1 237028
265363 8064 8 10000000 265352 1 265351
235255 8064 8 10000000 235245 0 235238
212447 8064 8 10000000 212435 1 212434
203638 8064 8 10000000 203628 1 203627
287310 8064 8 10000000 287295 1 287294
215449 8064 8 10000000 215439 1 215438
212374 8064 8 10000000 212361 1 212360
246144 8064 8 10000000 246133 1 246132
230502 8064 8 10000000 230487 0 230480
314401 8064 8 10000000 314384 0 314376
205422 8064 8 10000000 205411 1 205410
195025 8064 8 10000000 195014 1 195013
207922 8064 8 10000000 207909 1 207908
203096 8064 8 10000000 203087 0 203080
289862 8064 8 10000000 289852 0 289845
350927 8064 8 10000000 350916 1 350915
257828 8064 8 10000000 257818 1 257817
159877 8064 8 10000000 159864 1 159862
324034 8064 8 10000000 324026 1 324025
173028 8064 8 10000000 173020 1 173020
194605 8064 8 10000000 194597 0 194593
167772 8064 8 10000000 167764 1 167760
175475 8064 8 10000000 175465 0 175460
159506 8064 8 10000000 159498 1 159498
