603653 9216 8 100000000 602070 1 602069
318704 9216 8 100000000 318565 0 318550
407844 9216 8 100000000 407764 0 407759
226569 9216 8 100000000 226546 1 226546
312792 9216 8 100000000 312775 1 312774
436159 9216 8 100000000 436148 1 436147
303014 9216 8 100000000 302961 0 302955
169132 9216 8 100000000 169103 1 169103
230578 9216 8 100000000 230555 1 230554
232824 9216 8 100000000 232806 1 232805
209925 9216 8 100000000 209897 1 209896
226601 9216 8 100000000 226580 1 226580
294084 9216 8 100000000 293929 0 293920
251837 9216 8 100000000 251815 1 251812
207566 9216 8 100000000 207540 1 207537
348591 9216 8 100000000 348561 1 348559
255365 9216 8 100000000 255338 0 255326
178386 9216 8 100000000 178280 0 178263
276107 9216 8 100000000 276084 1 276082
203595 9216 8 100000000 203573 1 203570
196749 9216 8 100000000 196663 0 196650
327382 9216 8 100000000 327361 1 327357
343571 9216 8 100000000 343553 1 343551
399967 9216 8 100000000 399951 1 399949
213782 9216 8 100000000 213752 0 213739
221194 9216 8 100000000 221172 1 221158
311996 9216 8 100000000 311971 1 311968
230443 9216 8 100000000 230426 0 230413
182614 9216 8 100000000 182589 0 182574
219420 9216 8 100000000 219394 1 219393
216314 9216 8 100000000 216295 1 216291
212846 9216 8 100000000 212824 1 212821
215031 9216 8 100000000 215015 0 215001
196758 9216 8 100000000 196732 1 196729
192098 9216 8 100000000 192076 1 192072
601909 9216 8 100000000 601891 1 601888
192581 9216 8 100000000 192555 1 192550
279312 9216 8 100000000 279295 0 279278
335265 9216 8 100000000 335244 1 335241
320738 9216 8 100000000 320717 1 320713
271738 9216 8 100000000 271707 0 271694
239471 9216 8 100000000 239450 1 239447
277697 9216 8 100000000 277682 0 277666
357938 9216 8 100000000 357909 0 357892
258139 9216 8 100000000 258113 0 258098
230643 9216 8 100000000 230603 0 230589
225014 9216 8 100000000 224992 1 224987
279343 9216 8 100000000 279319 1 279315
190477 9216 8 100000000 190456 1 190451
214828 9216 8 100000000 214811 1 214807
323817 9216 8 100000000 323797 1 323794
207728 9216 8 100000000 207717 0 207705
232317 9216 8 100000000 232253 1 232237
216313 9216 8 100000000 216294 1 216291
205057 9216 8 100000000 205032 1 205028
315644 9216 8 100000000 315616 0 315606
236592 9216 8 100000000 236579 0 236562
347688 9216 8 100000000 347658 1 347653
241220 9216 8 100000000 241200 0 241183
207977 9216 8 100000000 207949 0 207937
219808 9216 8 100000000 219745 0 219730
356350 9216 8 100000000 356338 1 356336
239508 9216 8 100000000 239497 1 239480
279699 9216 8 100000000 279699 0 279674
331749 9216 8 100000000 331740 1 331729
169309 9216 8 100000000 169297 1 169286
244386 9216 8 100000000 244378 1 244367
295294 9216 8 100000000 295287 0 295256
225871 9216 8 100000000 225841 0 225816
222525 9216 8 100000000 222517 1 222505
192374 9216 8 100000000 192361 1 192350
213523 9216 8 100000000 213514 1 213503
244275 9216 8 100000000 244263 1 244253
313058 9216 8 100000000 313006 1 313000
264966 9216 8 100000000 264962 1 264948
341792 9216 8 100000000 341782 1 341769
221913 9216 8 100000000 221909 1 221881
224614 9216 8 100000000 224604 1 224595
238548 9216 8 100000000 238551 0 238523
255320 9216 8 100000000 255309 1 255297
299712 9216 8 100000000 299701 1 299690
247187 9216 8 100000000 247176 1 247164
303637 9216 8 100000000 303630 1 303619
218846 9216 8 100000000 218839 1 218830
246697 9216 8 100000000 246694 1 246682
275362 9216 8 100000000 275349 1 275336
297664 9216 8 100000000 297654 1 297642
237655 9216 8 100000000 237646 1 237635
210321 9216 8 100000000 210313 1 210302
320848 9216 8 100000000 320837 1 320825
328151 9216 8 100000000 328143 1 328137
145414 9216 8 100000000 145415 1 145401
251740 9216 8 100000000 251740 1 251720
200023 9216 8 100000000 199998 0 199995
421877 9216 8 100000000 421858 1 421856
224596 9216 8 100000000 224576 1 224574
188691 9216 8 100000000 188669 0 188660
410887 9216 8 100000000 410868 1 410867
248124 9216 8 100000000 248100 1 248097
233969 9216 8 100000000 233945 1 233943
281125 9216 8 100000000 281107 1 281105
211545 9216 8 100000000 211524 1 211523
232568 9216 8 100000000 232533 0 232526
234335 9216 8 100000000 234306 0 234298
338693 9216 8 100000000 338665 0 338656
193133 9216 8 100000000 193114 0 193106
234290 9216 8 100000000 234272 0 234263
226470 9216 8 100000000 226455 1 226454
216423 9216 8 100000000 216407 1 216405
276350 9216 8 100000000 276338 1 276337
231131 9216 8 100000000 231115 1 231113
232008 9216 8 100000000 231988 1 231987
275472 9216 8 100000000 275451 1 275450
256125 9216 8 100000000 256116 0 256114
216010 9216 8 100000000 215994 0 215986
232045 9216 8 100000000 232017 0 232011
306811 9216 8 100000000 306798 1 306797
216142 9216 8 100000000 216124 1 216122
466368 9216 8 100000000 466290 0 466280
228918 9216 8 100000000 228958 0 228898
205228 9216 8 100000000 205220 1 205219
272105 9216 8 100000000 272093 1 272092
401095 9216 8 100000000 401084 1 401082
278822 9216 8 100000000 278809 0 278801
397368 9216 8 100000000 397351 1 397349
321619 9216 8 100000000 321602 0 321594
260471 9216 8 100000000 260459 0 260451
181867 9216 8 100000000 181853 1 181851
217942 9216 8 100000000 217918 0 217911
216988 9216 8 100000000 216977 1 216967
252650 9216 8 100000000 252640 0 252633
316288 9216 8 100000000 316274 0 316268
218701 9216 8 100000000 218693 1 218692
296604 9216 8 100000000 296591 1 296589
252090 9216 8 100000000 252079 1 252077
392721 9216 8 100000000 392706 1 392705
186738 9216 8 100000000 186726 1 186725
239456 9216 8 100000000 239437 0 239430
205722 9216 8 100000000 205708 1 205706
362473 9216 8 100000000 362459 1 362457
347305 9216 8 100000000 347291 1 347289
292044 9216 8 100000000 292029 0 292022
313965 9216 8 100000000 313954 1 313952
276480 9216 8 100000000 276467 1 276465
317708 9216 8 100000000 317698 0 317688
217661 9216 8 100000000 217644 0 217634
348364 9216 8 100000000 348352 1 348351
205466 9216 8 100000000 205452 0 205444
186669 9216 8 100000000 186655 0 186647
285602 9216 8 100000000 285588 1 285586
392005 9216 8 100000000 391994 1 391992
314161 9216 8 100000000 314149 1 314148
237362 9216 8 100000000 237351 1 237347
214777 9216 8 100000000 214767 1 214765
226910 9216 8 100000000 226897 1 226895
211532 9216 8 100000000 211519 1 211518
299632 9216 8 100000000 299619 1 299618
396744 9216 8 100000000 396729 0 396721
200035 9216 8 100000000 200021 1 200020
355063 9216 8 100000000 355049 0 355039
224888 9216 8 100000000 224873 1 224871
305115 9216 8 100000000 305105 1 305103
380821 9216 8 100000000 380807 1 380800
260666 9216 8 100000000 260651 1 260644
265317 9216 8 100000000 265304 1 265303
290872 9216 8 100000000 290859 0 290853
184039 9216 8 100000000 184025 1 184024
269422 9216 8 100000000 269410 1 269409
294879 9216 8 100000000 294856 1 294855
183301 9216 8 100000000 183261 0 183253
200853 9216 8 100000000 200847 1 200846
249048 9216 8 100000000 249041 1 249040
263483 9216 8 100000000 263476 1 263475
215994 9216 8 100000000 215992 1 215992
205564 9216 8 100000000 205561 1 205561
309686 9216 8 100000000 309679 1 309678
244841 9216 8 100000000 244834 1 244832
332280 9216 8 100000000 332272 0 332263
232758 9216 8 100000000 232752 1 232749
240501 9216 8 100000000 240494 1 240492
227975 9216 8 100000000 227973 0 227962
248222 9216 8 100000000 248219 0 248212
227235 9216 8 100000000 227228 1 227227
232248 9216 8 100000000 232241 1 232239
231261 9216 8 100000000 231252 1 231251
220386 9216 8 100000000 220380 1 220378
221937 9216 8 100000000 221933 0 221925
226240 9216 8 100000000 226233 1 226231
265841 9216 8 100000000 265832 1 265830
271689 9216 8 100000000 271685 0 271675
298757 9216 8 100000000 298750 1 298748
433806 9216 8 100000000 433798 1 433797
242237 9216 8 100000000 242232 1 242232
283443 9216 8 100000000 283438 0 283428
226230 9216 8 100000000 226225 0 226216
309747 9216 8 100000000 309739 0 309727
421068 9216 8 100000000 421063 0 421054
345790 9216 8 100000000 345782 1 345780
232512 9216 8 100000000 232506 1 232504
252069 9216 8 100000000 252061 1 252059
210314 9216 8 100000000 210307 1 210305
214523 9216 8 100000000 214521 0 214512
215205 9216 8 100000000 215203 0 215194
225032 9216 8 100000000 225024 0 225017
405178 9216 8 100000000 405177 0 405168
301436 9216 8 100000000 301430 1 301428
