282818 9216 8 100000000 282758 0 282754
211877 9216 8 100000000 211859 1 211859
218816 9216 8 100000000 218724 0 218718
400198 9216 8 100000000 400163 1 400162
293084 9216 8 100000000 293067 1 293067
201036 9216 8 100000000 200965 0 200958
173231 9216 8 100000000 173210 1 173210
244134 9216 8 100000000 244110 1 244109
320110 9216 8 100000000 320086 0 320079
414975 9216 8 100000000 414943 1 414943
224228 9216 8 100000000 224206 1 224204
221981 9216 8 100000000 221960 1 221958
194758 9216 8 100000000 194732 1 194730
364029 9216 8 100000000 363917 0 363905
225833 9216 8 100000000 225803 0 225791
220020 9216 8 100000000 220000 1 219996
197060 9216 8 100000000 197015 0 197001
256255 9216 8 100000000 256232 0 256217
283269 9216 8 100000000 283257 1 283256
222313 9216 8 100000000 222284 1 222278
232718 9216 8 100000000 232695 1 232691
251580 9216 8 100000000 251559 1 251556
283164 9216 8 100000000 283140 1 283136
220250 9216 8 100000000 220224 1 220222
252807 9216 8 100000000 252715 0 252701
176971 9216 8 100000000 176935 1 176921
226066 9216 8 100000000 226043 1 226040
235195 9216 8 100000000 235176 1 235173
187235 9216 8 100000000 187214 1 187210
338196 9216 8 100000000 338154 0 338140
237693 9216 8 100000000 237672 1 237669
186239 9216 8 100000000 186223 0 186212
232065 9216 8 100000000 232040 1 232038
219996 9216 8 100000000 219989 1 219988
357575 9216 8 100000000 357546 0 357530
571190 9216 8 100000000 571175 1 571165
231772 9216 8 100000000 231754 1 231751
197189 9216 8 100000000 197176 1 197174
188339 9216 8 100000000 188325 1 188322
321089 9216 8 100000000 321060 0 321043
169881 9216 8 100000000 169860 1 169856
235205 9216 8 100000000 235185 1 235182
195662 9216 8 100000000 195642 1 195639
348164 9216 8 100000000 348142 1 348138
187655 9216 8 100000000 187629 0 187615
290429 9216 8 100000000 290413 1 290411
223681 9216 8 100000000 223658 1 223654
248150 9216 8 100000000 248131 0 248121
201273 9216 8 100000000 201248 0 201232
206930 9216 8 100000000 206897 0 206879
190288 9216 8 100000000 190273 1 190270
301980 9216 8 100000000 301938 1 301934
300414 9216 8 100000000 300385 1 300380
225516 9216 8 100000000 225463 1 225443
249283 9216 8 100000000 249266 1 249262
223171 9216 8 100000000 223150 1 223147
355267 9216 8 100000000 355244 0 355229
233148 9216 8 100000000 233126 0 233103
256742 9216 8 100000000 256728 0 256712
342240 9216 8 100000000 342210 0 342195
378224 9216 8 100000000 378201 1 378197
290855 9216 8 100000000 290838 1 290834
289067 9216 8 100000000 289059 1 289049
227664 9216 8 100000000 227651 1 227640
335365 9216 8 100000000 335352 1 335344
284642 9216 8 100000000 284634 1 284628
271113 9216 8 100000000 271107 0 271096
295576 9216 8 100000000 295572 0 295547
212961 9216 8 100000000 212948 1 212932
486577 9216 8 100000000 486566 1 486553
413442 9216 8 100000000 413441 0 413411
311276 9216 8 100000000 311262 1 311253
236992 9216 8 100000000 236989 1 236959
240447 9216 8 100000000 240437 0 240410
211174 9216 8 100000000 211163 1 211153
351182 9216 8 100000000 351172 0 351145
329430 9216 8 100000000 329419 1 329408
278375 9216 8 100000000 278363 0 278351
346321 9216 8 100000000 346312 1 346299
257788 9216 8 100000000 257780 1 257775
389395 9216 8 100000000 389381 0 389363
255889 9216 8 100000000 255875 0 255847
326641 9216 8 100000000 326631 1 326622
261715 9216 8 100000000 261705 1 261693
256150 9216 8 100000000 256124 0 256097
293734 9216 8 100000000 293725 1 293713
229559 9216 8 100000000 229558 0 229531
221453 9216 8 100000000 221435 1 221405
218997 9216 8 100000000 218996 0 218979
270758 9216 8 100000000 270752 0 270727
201512 9216 8 100000000 201502 1 201490
184854 9216 8 100000000 184878 1 184834
226172 9216 8 100000000 226155 1 226153
321539 9216 8 100000000 321520 0 321514
375734 9216 8 100000000 375718 0 375711
279376 9216 8 100000000 279346 0 279340
211664 9216 8 100000000 211646 1 211644
261875 9216 8 100000000 261854 1 261852
205400 9216 8 100000000 205381 1 205379
210046 9216 8 100000000 210028 1 210026
186570 9216 8 100000000 186546 0 186536
184461 9216 8 100000000 184451 1 184450
409707 9216 8 100000000 409685 1 409684
267634 9216 8 100000000 267621 0 267619
300461 9216 8 100000000 300441 1 300440
203344 9216 8 100000000 203328 1 203327
204359 9216 8 100000000 204340 1 204338
323290 9216 8 100000000 323275 1 323273
301010 9216 8 100000000 300990 1 300988
407924 9216 8 100000000 407904 1 407902
292674 9216 8 100000000 292657 1 292655
227401 9216 8 100000000 227376 1 227374
191297 9216 8 100000000 191258 0 191251
223745 9216 8 100000000 223713 0 223703
221198 9216 8 100000000 221177 1 221176
186906 9216 8 100000000 186880 0 186871
295860 9216 8 100000000 295842 1 295841
194535 9216 8 100000000 194517 1 194515
167126 9216 8 100000000 167107 1 167106
279396 9216 8 100000000 279377 1 279376
210010 9216 8 100000000 209989 1 209987
243163 9216 8 100000000 243194 0 243144
319676 9216 8 100000000 319664 0 319656
214571 9216 8 100000000 214559 1 214557
242290 9216 8 100000000 242278 1 242276
400551 9216 8 100000000 400538 1 400536
206304 9216 8 100000000 206292 1 206291
230185 9216 8 100000000 230174 0 230167
175694 9216 8 100000000 175682 0 175675
358860 9216 8 100000000 358847 1 358845
221067 9216 8 100000000 221050 1 221049
315429 9216 8 100000000 315417 1 315416
201002 9216 8 100000000 200989 1 200988
390480 9216 8 100000000 390469 0 390462
183903 9216 8 100000000 183888 0 183881
241160 9216 8 100000000 241144 1 241142
259505 9216 8 100000000 259490 1 259489
340375 9216 8 100000000 340360 0 340338
221297 9216 8 100000000 221281 1 221280
350535 9216 8 100000000 350520 0 350513
303109 9216 8 100000000 303097 1 303095
338861 9216 8 100000000 338847 1 338845
223743 9216 8 100000000 223730 1 223728
291173 9216 8 100000000 291162 1 291160
262973 9216 8 100000000 262961 1 262960
236927 9216 8 100000000 236916 1 236915
268337 9216 8 100000000 268326 0 268319
213905 9216 8 100000000 213892 1 213891
233263 9216 8 100000000 233251 1 233250
307327 9216 8 100000000 307314 0 307305
198471 9216 8 100000000 198457 0 198449
305072 9216 8 100000000 305060 1 305059
245654 9216 8 100000000 245634 0 245627
318722 9216 8 100000000 318709 1 318708
244569 9216 8 100000000 244555 1 244553
224624 9216 8 100000000 224611 1 224610
327490 9216 8 100000000 327476 1 327474
291343 9216 8 100000000 291320 0 291312
388094 9216 8 100000000 388078 0 388070
254285 9216 8 100000000 254272 1 254270
190870 9216 8 100000000 190852 0 190846
283764 9216 8 100000000 283751 1 283750
207864 9216 8 100000000 207851 1 207850
265590 9216 8 100000000 265575 1 265574
227191 9216 8 100000000 227176 1 227174
365073 9216 8 100000000 365057 1 365055
195479 9216 8 100000000 195466 1 195464
257658 9216 8 100000000 257641 0 257634
209797 9216 8 100000000 209784 1 209783
207360 9216 8 100000000 207340 0 207331
367676 9216 8 100000000 367664 1 367663
210585 9216 8 100000000 210518 0 210510
397181 9216 8 100000000 397160 0 397152
330959 9216 8 100000000 330894 0 330885
285185 9216 8 100000000 285177 1 285175
326204 9216 8 100000000 326199 0 326191
245401 9216 8 100000000 245393 1 245391
255627 9216 8 100000000 255620 1 255617
210149 9216 8 100000000 210147 1 210146
235569 9216 8 100000000 235562 1 235560
261714 9216 8 100000000 261710 0 261702
348999 9216 8 100000000 348996 0 348987
195624 9216 8 100000000 195616 1 195615
218242 9216 8 100000000 218235 1 218233
221580 9216 8 100000000 221573 1 221571
305651 9216 8 100000000 305644 1 305642
336775 9216 8 100000000 336770 0 336761
209862 9216 8 100000000 209854 1 209852
238672 9216 8 100000000 238664 1 238664
230333 9216 8 100000000 230325 1 230323
209622 9216 8 100000000 209619 0 209610
225418 9216 8 100000000 225409 1 225407
217487 9216 8 100000000 217485 1 217476
272579 9216 8 100000000 272573 1 272571
257265 9216 8 100000000 257261 0 257252
237002 9216 8 100000000 236994 1 236993
246872 9216 8 100000000 246865 1 246864
210459 9216 8 100000000 210452 1 210450
253220 9216 8 100000000 253214 1 253213
187008 9216 8 100000000 187001 1 187000
403912 9216 8 100000000 403909 0 403900
222723 9216 8 100000000 222714 1 222712
189286 9216 8 100000000 189287 1 189275
351111 9216 8 100000000 351104 1 351102
252355 9216 8 100000000 252354 0 252344
287230 9216 8 100000000 287231 0 287221
238539 9216 8 100000000 238531 1 238529
174289 9216 8 100000000 174280 1 174278
213265 9216 8 100000000 213258 1 213255
231449 9216 8 100000000 231443 1 231441
213240 9216 8 100000000 213229 1 213226
214063 9216 8 100000000 214059 0 214048
252315 9216 8 100000000 252308 1 252306
180583 9216 8 100000000 180576 1 180574
267192 9216 8 100000000 267187 1 267186
