382476 9216 8 100000000 382434 1 382434
181517 9216 8 100000000 181499 1 181499
211188 9216 8 100000000 211173 1 211172
187678 9216 8 100000000 187649 0 187643
244215 9216 8 100000000 244170 0 244162
277332 9216 8 100000000 277291 0 277284
203000 9216 8 100000000 202974 1 202974
221220 9216 8 100000000 221185 1 221177
213200 9216 8 100000000 213135 0 213129
392760 9216 8 100000000 392738 1 392735
246894 9216 8 100000000 246868 0 246853
323275 9216 8 100000000 323252 1 323249
255612 9216 8 100000000 255547 1 255544
316188 9216 8 100000000 316169 1 316166
210132 9216 8 100000000 210116 1 210114
261867 9216 8 100000000 261847 1 261844
396132 9216 8 100000000 396115 1 396113
229815 9216 8 100000000 229792 1 229789
228091 9216 8 100000000 228081 1 228071
297085 9216 8 100000000 297058 0 297039
234363 9216 8 100000000 234352 1 234349
220198 9216 8 100000000 220176 1 220173
189556 9216 8 100000000 189533 1 189530
236898 9216 8 100000000 236875 1 236871
202972 9216 8 100000000 202949 1 202947
214841 9216 8 100000000 214818 0 214797
188033 9216 8 100000000 188010 1 188006
223560 9216 8 100000000 223517 1 223497
195684 9216 8 100000000 195655 0 195640
244709 9216 8 100000000 244691 1 244687
339386 9216 8 100000000 339357 1 339351
311471 9216 8 100000000 311452 1 311449
344972 9216 8 100000000 344910 0 344891
340327 9216 8 100000000 340305 1 340302
231291 9216 8 100000000 231261 0 231248
301162 9216 8 100000000 301147 1 301144
236615 9216 8 100000000 236592 1 236588
282927 9216 8 100000000 282904 1 282900
353891 9216 8 100000000 353845 1 353840
322032 9216 8 100000000 322020 1 322019
256801 9216 8 100000000 256780 0 256740
246674 9216 8 100000000 246656 1 246652
201958 9216 8 100000000 201940 1 201936
321617 9216 8 100000000 321599 1 321595
356662 9216 8 100000000 356639 1 356637
356950 9216 8 100000000 356926 1 356923
222356 9216 8 100000000 222337 0 222324
271755 9216 8 100000000 271737 1 271733
258843 9216 8 100000000 258827 0 258815
370405 9216 8 100000000 370398 0 370371
348354 9216 8 100000000 348343 0 348315
372055 9216 8 100000000 372046 1 372034
334129 9216 8 100000000 334118 1 334108
315606 9216 8 100000000 315608 1 315583
342343 9216 8 100000000 342333 1 342321
172009 9216 8 100000000 172001 0 171974
248976 9216 8 100000000 248971 1 248955
246114 9216 8 100000000 246114 1 246090
179931 9216 8 100000000 179931 0 179899
251212 9216 8 100000000 251188 0 251161
290845 9216 8 100000000 290838 1 290826
297719 9216 8 100000000 297710 1 297699
243077 9216 8 100000000 243073 0 243044
265854 9216 8 100000000 265846 1 265835
224150 9216 8 100000000 224139 1 224128
239277 9216 8 100000000 239263 1 239252
196166 9216 8 100000000 196162 0 196139
328233 9216 8 100000000 328222 1 328211
199105 9216 8 100000000 199097 1 199086
248715 9216 8 100000000 248702 0 248677
246687 9216 8 100000000 246674 1 246662
317324 9216 8 100000000 317313 1 317302
387998 9216 8 100000000 387989 1 387978
344858 9216 8 100000000 344845 0 344822
257008 9216 8 100000000 257000 1 256990
220410 9216 8 100000000 220392 0 220367
204109 9216 8 100000000 204100 1 204088
197532 9216 8 100000000 197522 1 197511
251538 9216 8 100000000 251528 1 251517
353900 9216 8 100000000 353893 1 353882
342365 9216 8 100000000 342352 0 342327
317657 9216 8 100000000 317646 1 317634
196021 9216 8 100000000 196012 1 196000
290242 9216 8 100000000 290234 1 290224
253671 9216 8 100000000 253698 0 253641
361763 9216 8 100000000 361744 1 361742
285253 9216 8 100000000 285216 0 285210
206210 9216 8 100000000 206187 1 206178
238347 9216 8 100000000 238324 0 238317
297925 9216 8 100000000 297904 1 297903
239050 9216 8 100000000 239024 0 239016
266947 9216 8 100000000 266932 1 266931
217715 9216 8 100000000 217681 0 217674
213749 9216 8 100000000 213729 1 213722
222723 9216 8 100000000 222700 1 222698
172052 9216 8 100000000 172032 1 172031
236311 9216 8 100000000 236290 1 236282
235465 9216 8 100000000 235441 0 235435
225894 9216 8 100000000 225872 1 225871
287980 9216 8 100000000 287965 0 287960
221260 9216 8 100000000 221242 0 221234
239677 9216 8 100000000 239662 0 239654
280082 9216 8 100000000 280062 1 280061
238786 9216 8 100000000 238770 1 238769
208868 9216 8 100000000 208850 1 208848
231339 9216 8 100000000 231321 1 231319
196361 9216 8 100000000 196339 1 196337
225575 9216 8 100000000 225555 0 225547
224977 9216 8 100000000 224959 0 224951
224768 9216 8 100000000 224742 1 224740
227978 9216 8 100000000 227962 1 227960
190331 9216 8 100000000 190310 1 190308
239993 9216 8 100000000 239970 1 239968
318403 9216 8 100000000 318352 1 318350
316759 9216 8 100000000 316752 1 316751
188445 9216 8 100000000 188433 1 188431
216642 9216 8 100000000 216630 1 216629
273425 9216 8 100000000 273411 0 273404
250252 9216 8 100000000 250239 1 250237
332692 9216 8 100000000 332679 1 332677
344043 9216 8 100000000 344026 0 344018
254746 9216 8 100000000 254732 1 254730
248664 9216 8 100000000 248650 1 248649
216195 9216 8 100000000 216182 1 216180
187766 9216 8 100000000 187752 0 187745
252035 9216 8 100000000 252022 1 252021
210111 9216 8 100000000 210099 1 210097
241939 9216 8 100000000 241924 1 241922
330457 9216 8 100000000 330445 1 330444
202042 9216 8 100000000 202025 0 202018
181414 9216 8 100000000 181402 1 181401
230903 9216 8 100000000 230891 1 230890
296523 9216 8 100000000 296511 1 296509
231214 9216 8 100000000 231200 1 231199
381716 9216 8 100000000 381703 1 381702
217878 9216 8 100000000 217868 0 217861
343829 9216 8 100000000 343811 0 343804
290433 9216 8 100000000 290421 1 290419
240116 9216 8 100000000 240106 1 240105
229227 9216 8 100000000 229213 1 229205
248968 9216 8 100000000 248960 1 248959
203313 9216 8 100000000 203302 1 203300
316922 9216 8 100000000 316910 1 316909
211232 9216 8 100000000 211216 0 211208
303518 9216 8 100000000 303504 1 303502
267353 9216 8 100000000 267342 1 267341
232332 9216 8 100000000 232324 1 232323
181170 9216 8 100000000 181157 0 181151
203732 9216 8 100000000 203722 0 203719
220375 9216 8 100000000 220364 0 220356
251203 9216 8 100000000 251189 1 251188
266328 9216 8 100000000 266312 1 266305
186460 9216 8 100000000 186447 1 186445
351935 9216 8 100000000 351925 0 351920
204875 9216 8 100000000 204865 1 204858
235144 9216 8 100000000 235130 1 235129
242144 9216 8 100000000 242133 1 242131
335314 9216 8 100000000 335303 1 335301
334336 9216 8 100000000 334319 1 334318
217069 9216 8 100000000 217056 1 217054
195159 9216 8 100000000 195146 0 195138
333253 9216 8 100000000 333237 0 333230
210823 9216 8 100000000 210808 1 210807
220335 9216 8 100000000 220317 0 220310
240180 9216 8 100000000 240165 1 240164
283430 9216 8 100000000 283417 1 283416
231604 9216 8 100000000 231591 1 231589
206428 9216 8 100000000 206421 1 206420
244112 9216 8 100000000 244107 1 244105
231156 9216 8 100000000 231148 1 231147
211243 9216 8 100000000 211235 1 211233
258860 9216 8 100000000 258854 1 258853
215289 9216 8 100000000 215286 0 215278
217370 9216 8 100000000 217364 1 217363
241482 9216 8 100000000 241475 1 241474
258520 9216 8 100000000 258518 1 258518
309967 9216 8 100000000 309962 0 309954
251959 9216 8 100000000 251951 1 251950
176463 9216 8 100000000 176456 1 176455
327437 9216 8 100000000 327431 1 327429
221390 9216 8 100000000 221388 0 221382
196166 9216 8 100000000 196158 1 196157
197766 9216 8 100000000 197763 0 197754
261085 9216 8 100000000 261078 1 261076
228981 9216 8 100000000 228979 0 228971
225925 9216 8 100000000 225918 1 225916
238402 9216 8 100000000 238398 1 238398
216377 9216 8 100000000 216370 1 216368
332916 9216 8 100000000 332912 0 332903
252933 9216 8 100000000 252927 0 252919
229089 9216 8 100000000 229083 1 229082
295754 9216 8 100000000 295754 0 295742
281241 9216 8 100000000 281234 1 281233
277658 9216 8 100000000 277654 0 277641
221627 9216 8 100000000 221619 1 221618
255635 9216 8 100000000 255631 0 255623
231906 9216 8 100000000 231901 1 231899
335738 9216 8 100000000 335735 1 335735
199433 9216 8 100000000 199427 0 199417
264223 9216 8 100000000 264214 1 264212
259800 9216 8 100000000 259792 1 259789
304073 9216 8 100000000 304066 1 304065
254299 9216 8 100000000 254295 1 254295
248157 9216 8 100000000 248151 1 248149
222959 9216 8 100000000 222953 1 222952
379427 9216 8 100000000 379423 0 379416
224498 9216 8 100000000 224500 0 224488
286723 9216 8 100000000 286719 0 286712
