222026 9216 8 100000000 222000 1 221999
327150 9216 8 100000000 327130 1 327130
392501 9216 8 100000000 392474 1 392474
226939 9216 8 100000000 226909 0 226897
166006 9216 8 100000000 165986 1 165983
336989 9216 8 100000000 336959 1 336956
205656 9216 8 100000000 205637 1 205635
235659 9216 8 100000000 235634 0 235620
220871 9216 8 100000000 220848 1 220845
253211 9216 8 100000000 253186 1 253183
168907 9216 8 100000000 168882 1 168880
229798 9216 8 100000000 229776 1 229771
223563 9216 8 100000000 223545 1 223541
298972 9216 8 100000000 298952 1 298950
342669 9216 8 100000000 342648 1 342645
209650 9216 8 100000000 209625 1 209623
202576 9216 8 100000000 202554 0 202538
207971 9216 8 100000000 207951 1 207948
309248 9216 8 100000000 309221 1 309219
303453 9216 8 100000000 303355 0 303342
198792 9216 8 100000000 198772 1 198769
241991 9216 8 100000000 241977 1 241974
208795 9216 8 100000000 208778 0 208762
261051 9216 8 100000000 261025 1 261021
228736 9216 8 100000000 228715 1 228712
236430 9216 8 100000000 236409 1 236406
292236 9216 8 100000000 292207 1 292192
289846 9216 8 100000000 289807 0 289790
274635 9216 8 100000000 274613 1 274609
551551 9216 8 100000000 551532 1 551529
200195 9216 8 100000000 200176 1 200172
300705 9216 8 100000000 300684 1 300679
310844 9216 8 100000000 310825 0 310808
212884 9216 8 100000000 212861 1 212857
304887 9216 8 100000000 304857 1 304853
221199 9216 8 100000000 221170 0 221152
204367 9216 8 100000000 204348 1 204345
347403 9216 8 100000000 347379 1 347377
372592 9216 8 100000000 372569 0 372552
305058 9216 8 100000000 305035 1 305031
272277 9216 8 100000000 272179 0 272163
179047 9216 8 100000000 179025 1 179021
275924 9216 8 100000000 275906 1 275902
243256 9216 8 100000000 243262 0 243217
223085 9216 8 100000000 223066 1 223063
385507 9216 8 100000000 385482 1 385476
306112 9216 8 100000000 306095 1 306092
247378 9216 8 100000000 247360 1 247357
259349 9216 8 100000000 259322 0 259308
225341 9216 8 100000000 225333 1 225320
223181 9216 8 100000000 223186 0 223153
248986 9216 8 100000000 248987 0 248954
221157 9216 8 100000000 221138 1 221126
201149 9216 8 100000000 201136 1 201121
246940 9216 8 100000000 246932 1 246919
211530 9216 8 100000000 211526 0 211502
392136 9216 8 100000000 392125 1 392116
210507 9216 8 100000000 210500 1 210491
203530 9216 8 100000000 203517 0 203492
261126 9216 8 100000000 261116 1 261104
282315 9216 8 100000000 282311 1 282284
260647 9216 8 100000000 260637 1 260625
255265 9216 8 100000000 255255 0 255231
247860 9216 8 100000000 247851 1 247837
227577 9216 8 100000000 227570 0 227539
228974 9216 8 100000000 228970 0 228938
261635 9216 8 100000000 261620 0 261591
217382 9216 8 100000000 217369 1 217358
355827 9216 8 100000000 355817 1 355807
221656 9216 8 100000000 221655 0 221629
283242 9216 8 100000000 283228 1 283212
190570 9216 8 100000000 190563 1 190551
200647 9216 8 100000000 200638 1 200626
372870 9216 8 100000000 372860 1 372849
363762 9216 8 100000000 363749 1 363746
195564 9216 8 100000000 195556 1 195547
228958 9216 8 100000000 228950 1 228939
288522 9216 8 100000000 288519 0 288493
230349 9216 8 100000000 230342 1 230332
285549 9216 8 100000000 285516 0 285508
224750 9216 8 100000000 224728 1 224726
217498 9216 8 100000000 217469 0 217462
242182 9216 8 100000000 242163 1 242161
220425 9216 8 100000000 220386 0 220378
325432 9216 8 100000000 325415 1 325413
259413 9216 8 100000000 259392 1 259391
418178 9216 8 100000000 418158 1 418156
394441 9216 8 100000000 394414 0 394406
217123 9216 8 100000000 217105 1 217104
266178 9216 8 100000000 266154 0 266146
290197 9216 8 100000000 290179 1 290177
205757 9216 8 100000000 205739 1 205737
254068 9216 8 100000000 254048 1 254047
204642 9216 8 100000000 204612 0 204604
310942 9216 8 100000000 310919 1 310917
375135 9216 8 100000000 375115 1 375114
303770 9216 8 100000000 303752 1 303751
381191 9216 8 100000000 381174 1 381172
213882 9216 8 100000000 213852 0 213845
217547 9216 8 100000000 217524 0 217516
233139 9216 8 100000000 233121 1 233120
175219 9216 8 100000000 175198 1 175196
242795 9216 8 100000000 242762 0 242753
243101 9216 8 100000000 243026 1 243025
364571 9216 8 100000000 364559 0 364551
172350 9216 8 100000000 172335 0 172328
331588 9216 8 100000000 331568 0 331560
269268 9216 8 100000000 269257 1 269255
215722 9216 8 100000000 215709 1 215708
398426 9216 8 100000000 398411 1 398409
323128 9216 8 100000000 323118 1 323116
230792 9216 8 100000000 230767 1 230764
245929 9216 8 100000000 245907 1 245905
320571 9216 8 100000000 320552 0 320545
339536 9216 8 100000000 339531 1 339531
264469 9216 8 100000000 264456 0 264449
257508 9216 8 100000000 257496 1 257495
303495 9216 8 100000000 303481 1 303479
316467 9216 8 100000000 316455 1 316453
298727 9216 8 100000000 298715 1 298712
245999 9216 8 100000000 245983 0 245973
171627 9216 8 100000000 171613 1 171612
228490 9216 8 100000000 228477 1 228475
328082 9216 8 100000000 328069 1 328068
276506 9216 8 100000000 276494 1 276493
243656 9216 8 100000000 243640 0 243632
263038 9216 8 100000000 263023 1 263021
200716 9216 8 100000000 200708 0 200702
216832 9216 8 100000000 216819 1 216816
212352 9216 8 100000000 212339 1 212337
236449 9216 8 100000000 236437 1 236429
251309 9216 8 100000000 251293 1 251292
332471 9216 8 100000000 332458 1 332457
205876 9216 8 100000000 205864 1 205862
423101 9216 8 100000000 423086 0 423078
270214 9216 8 100000000 270203 1 270202
245608 9216 8 100000000 245597 1 245595
318587 9216 8 100000000 318575 1 318573
220403 9216 8 100000000 220371 1 220369
233154 9216 8 100000000 233139 1 233138
286355 9216 8 100000000 286344 1 286342
230340 9216 8 100000000 230332 1 230332
325788 9216 8 100000000 325773 0 325765
384549 9216 8 100000000 384539 1 384537
231201 9216 8 100000000 231189 1 231187
224049 9216 8 100000000 224039 0 224031
228488 9216 8 100000000 228476 1 228474
352778 9216 8 100000000 352763 0 352756
261823 9216 8 100000000 261811 0 261802
224331 9216 8 100000000 224320 1 224311
212469 9216 8 100000000 212457 0 212448
307814 9216 8 100000000 307808 1 307807
277783 9216 8 100000000 277771 1 277769
351632 9216 8 100000000 351616 0 351608
385073 9216 8 100000000 385057 1 385055
240146 9216 8 100000000 240135 1 240133
336673 9216 8 100000000 336663 1 336662
214768 9216 8 100000000 214762 1 214761
227628 9216 8 100000000 227622 1 227620
288622 9216 8 100000000 288615 1 288613
233402 9216 8 100000000 233396 1 233395
276087 9216 8 100000000 276082 1 276079
317076 9216 8 100000000 317065 0 317058
366767 9216 8 100000000 366760 1 366758
219119 9216 8 100000000 219114 1 219111
348808 9216 8 100000000 348802 1 348800
205594 9216 8 100000000 205587 1 205586
223807 9216 8 100000000 223799 1 223797
326386 9216 8 100000000 326379 1 326376
271412 9216 8 100000000 271404 1 271403
190923 9216 8 100000000 190915 1 190913
329842 9216 8 100000000 329837 1 329829
315307 9216 8 100000000 315299 1 315298
238113 9216 8 100000000 238110 0 238102
197925 9216 8 100000000 197923 1 197914
330585 9216 8 100000000 330576 0 330566
203109 9216 8 100000000 203102 1 203100
327553 9216 8 100000000 327552 0 327543
355751 9216 8 100000000 355738 0 355729
353338 9216 8 100000000 353331 1 353330
301661 9216 8 100000000 301653 1 301652
277536 9216 8 100000000 277527 1 277526
177488 9216 8 100000000 177481 1 177480
250776 9216 8 100000000 250769 1 250767
204536 9216 8 100000000 204529 1 204528
234439 9216 8 100000000 234433 1 234431
366309 9216 8 100000000 366299 1 366298
248245 9216 8 100000000 248238 1 248235
238650 9216 8 100000000 238642 1 238641
310081 9216 8 100000000 310073 1 310072
262056 9216 8 100000000 262049 1 262048
238060 9216 8 100000000 238054 0 238046
323868 9216 8 100000000 323860 1 323858
296690 9216 8 100000000 296687 1 296686
176344 9216 8 100000000 176340 1 176338
173599 9216 8 100000000 173595 1 173594
262328 9216 8 100000000 262325 1 262324
207246 9216 8 100000000 207242 1 207241
232846 9216 8 100000000 232843 0 232839
180683 9216 8 100000000 180682 0 180677
170167 9216 8 100000000 170165 0 170160
181036 9216 8 100000000 181032 1 181032
181725 9216 8 100000000 181720 1 181719
164039 9216 8 100000000 164035 1 164034
180557 9216 8 100000000 180553 1 180552
244406 9216 8 100000000 244401 1 244400
160983 9216 8 100000000 160979 1 160978
