390382 10368 8 1000000000 388210 1 388209
471959 10368 8 1000000000 471863 0 471854
320286 10368 8 1000000000 320261 1 320261
201581 10368 8 1000000000 201481 0 201476
216294 10368 8 1000000000 216271 1 216271
201189 10368 8 1000000000 201157 1 201156
224212 10368 8 1000000000 224189 1 224188
169517 10368 8 1000000000 169494 1 169494
262163 10368 8 1000000000 262140 1 262140
476662 10368 8 1000000000 476649 1 476648
346333 10368 8 1000000000 346311 1 346311
546762 10368 8 1000000000 546741 1 546740
226084 10368 8 1000000000 226025 1 226016
223802 10368 8 1000000000 223773 1 223772
273362 10368 8 1000000000 273298 0 273291
245736 10368 8 1000000000 245589 0 245578
213134 10368 8 1000000000 213065 0 213050
330036 10368 8 1000000000 330011 1 330008
375423 10368 8 1000000000 375395 1 375392
390657 10368 8 1000000000 390632 1 390629
354980 10368 8 1000000000 354947 0 354934
366423 10368 8 1000000000 366395 1 366393
204971 10368 8 1000000000 204945 1 204942
196255 10368 8 1000000000 196229 1 196225
229173 10368 8 1000000000 229154 1 229150
242905 10368 8 1000000000 242880 1 242877
261182 10368 8 1000000000 261155 1 261152
367612 10368 8 1000000000 367571 0 367554
340275 10368 8 1000000000 340226 0 340211
239571 10368 8 1000000000 239545 1 239541
250305 10368 8 1000000000 250277 1 250274
245355 10368 8 1000000000 245333 1 245328
215915 10368 8 1000000000 215892 1 215888
214571 10368 8 1000000000 214553 1 214534
366444 10368 8 1000000000 366418 1 366415
238327 10368 8 1000000000 238288 0 238272
242103 10368 8 1000000000 242092 1 242092
338089 10368 8 1000000000 338043 0 338028
219774 10368 8 1000000000 219749 0 219732
238887 10368 8 1000000000 238861 1 238857
384640 10368 8 1000000000 384613 1 384610
204419 10368 8 1000000000 204392 1 204387
241286 10368 8 1000000000 241262 1 241259
231204 10368 8 1000000000 231183 1 231180
317192 10368 8 1000000000 317160 1 317156
255334 10368 8 1000000000 255300 1 255286
194582 10368 8 1000000000 194560 0 194540
246478 10368 8 1000000000 246447 0 246430
352291 10368 8 1000000000 352264 1 352259
230427 10368 8 1000000000 230401 1 230396
313052 10368 8 1000000000 313023 1 313018
268206 10368 8 1000000000 268188 0 268172
401768 10368 8 1000000000 401719 0 401704
248684 10368 8 1000000000 248654 1 248637
359374 10368 8 1000000000 359361 1 359359
258710 10368 8 1000000000 258687 1 258682
337158 10368 8 1000000000 337148 0 337118
359098 10368 8 1000000000 359083 1 359071
203687 10368 8 1000000000 203673 1 203662
253558 10368 8 1000000000 253542 1 253533
232486 10368 8 1000000000 232466 1 232455
265813 10368 8 1000000000 265797 1 265786
215091 10368 8 1000000000 215029 1 215018
228826 10368 8 1000000000 228825 0 228791
257553 10368 8 1000000000 257507 0 257475
231480 10368 8 1000000000 231465 1 231452
211391 10368 8 1000000000 211376 1 211368
304207 10368 8 1000000000 304187 1 304176
223674 10368 8 1000000000 223659 1 223649
196560 10368 8 1000000000 196552 1 196533
235964 10368 8 1000000000 235960 1 235932
191074 10368 8 1000000000 191065 0 191039
290763 10368 8 1000000000 290753 0 290727
395862 10368 8 1000000000 395843 0 395818
222540 10368 8 1000000000 222525 1 222514
249621 10368 8 1000000000 249607 0 249577
246265 10368 8 1000000000 246255 1 246250
241671 10368 8 1000000000 241645 0 241607
237313 10368 8 1000000000 237297 1 237286
312255 10368 8 1000000000 312241 1 312232
182167 10368 8 1000000000 182155 1 182131
420645 10368 8 1000000000 420637 1 420636
232951 10368 8 1000000000 232934 1 232921
283716 10368 8 1000000000 283699 1 283689
187428 10368 8 1000000000 187418 1 187413
255491 10368 8 1000000000 255479 1 255473
229359 10368 8 1000000000 229343 0 229315
277613 10368 8 1000000000 277599 1 277589
256849 10368 8 1000000000 256832 1 256821
406869 10368 8 1000000000 406847 0 406789
244447 10368 8 1000000000 244424 1 244422
205140 10368 8 1000000000 205116 1 205115
383347 10368 8 1000000000 383320 1 383319
205563 10368 8 1000000000 205539 1 205537
220341 10368 8 1000000000 220317 1 220317
226532 10368 8 1000000000 226512 0 226496
243972 10368 8 1000000000 243922 0 243906
220482 10368 8 1000000000 220454 1 220453
319359 10368 8 1000000000 319331 0 319317
228044 10368 8 1000000000 228025 1 228022
347300 10368 8 1000000000 347276 0 347261
333919 10368 8 1000000000 333896 1 333895
393811 10368 8 1000000000 393787 1 393786
219778 10368 8 1000000000 219754 0 219739
190926 10368 8 1000000000 190917 1 190916
228969 10368 8 1000000000 228945 1 228944
358260 10368 8 1000000000 358232 0 358218
230980 10368 8 1000000000 230952 0 230931
372184 10368 8 1000000000 372162 1 372161
238326 10368 8 1000000000 238305 0 238290
288758 10368 8 1000000000 288736 1 288734
205694 10368 8 1000000000 205661 0 205649
255756 10368 8 1000000000 255737 0 255724
361575 10368 8 1000000000 361504 1 361503
375289 10368 8 1000000000 375004 1 375002
377220 10368 8 1000000000 377195 1 377194
409718 10368 8 1000000000 409691 1 409690
338834 10368 8 1000000000 338795 0 338779
226750 10368 8 1000000000 226728 1 226726
180989 10368 8 1000000000 180964 0 180951
355917 10368 8 1000000000 355903 1 355902
217171 10368 8 1000000000 217145 1 217144
339597 10368 8 1000000000 339531 1 339529
255883 10368 8 1000000000 255866 1 255865
219863 10368 8 1000000000 219841 1 219840
243617 10368 8 1000000000 243607 0 243591
211832 10368 8 1000000000 211815 1 211813
295792 10368 8 1000000000 295774 1 295773
204219 10368 8 1000000000 204200 1 204199
217173 10368 8 1000000000 217147 0 217129
244716 10368 8 1000000000 244707 1 244691
238964 10368 8 1000000000 238944 1 238943
252598 10368 8 1000000000 252587 0 252572
333514 10368 8 1000000000 333496 1 333495
242235 10368 8 1000000000 242219 1 242218
217340 10368 8 1000000000 217322 1 217321
235610 10368 8 1000000000 235593 1 235591
314324 10368 8 1000000000 314306 1 314304
378336 10368 8 1000000000 378320 1 378319
412114 10368 8 1000000000 412103 0 412087
334180 10368 8 1000000000 334162 1 334161
232805 10368 8 1000000000 232786 1 232784
247812 10368 8 1000000000 247795 1 247793
287210 10368 8 1000000000 287201 0 287185
211704 10368 8 1000000000 211688 1 211687
282970 10368 8 1000000000 282953 1 282952
261459 10368 8 1000000000 261444 0 261428
212182 10368 8 1000000000 212162 0 212146
284345 10368 8 1000000000 284328 1 284327
223722 10368 8 1000000000 223699 1 223685
228003 10368 8 1000000000 227987 1 227986
311137 10368 8 1000000000 311113 1 311111
311360 10368 8 1000000000 311348 1 311347
221300 10368 8 1000000000 221292 0 221281
265868 10368 8 1000000000 265852 1 265851
283054 10368 8 1000000000 283036 1 283035
212918 10368 8 1000000000 212906 0 212889
243363 10368 8 1000000000 243350 1 243332
253727 10368 8 1000000000 253712 1 253711
231474 10368 8 1000000000 231459 0 231445
313634 10368 8 1000000000 313623 0 313608
235722 10368 8 1000000000 235713 0 235696
262265 10368 8 1000000000 262246 1 262245
222349 10368 8 1000000000 222332 1 222330
225769 10368 8 1000000000 225752 1 225751
234678 10368 8 1000000000 234661 1 234659
267727 10368 8 1000000000 267719 0 267704
299510 10368 8 1000000000 299503 0 299490
273476 10368 8 1000000000 273459 0 273441
215630 10368 8 1000000000 215610 1 215609
231453 10368 8 1000000000 231435 1 231433
214716 10368 8 1000000000 214698 1 214697
261648 10368 8 1000000000 261641 1 261640
283104 10368 8 1000000000 283111 0 283092
246648 10368 8 1000000000 246652 0 246637
376243 10368 8 1000000000 376236 1 376235
332934 10368 8 1000000000 332939 0 332922
334799 10368 8 1000000000 334806 0 334787
199692 10368 8 1000000000 199685 1 199683
349717 10368 8 1000000000 349709 1 349707
245351 10368 8 1000000000 245345 1 245343
282722 10368 8 1000000000 282730 0 282713
260709 10368 8 1000000000 260716 0 260698
304532 10368 8 1000000000 304525 1 304523
287800 10368 8 1000000000 287807 0 287789
249900 10368 8 1000000000 249892 1 249891
282112 10368 8 1000000000 282106 1 282103
286890 10368 8 1000000000 286894 0 286877
352680 10368 8 1000000000 352674 1 352672
206261 10368 8 1000000000 206265 0 206249
347625 10368 8 1000000000 347633 0 347617
224430 10368 8 1000000000 224422 1 224420
220631 10368 8 1000000000 220633 0 220617
251129 10368 8 1000000000 251120 1 251119
261201 10368 8 1000000000 261199 0 261180
257765 10368 8 1000000000 257766 0 257750
211821 10368 8 1000000000 211814 1 211812
210401 10368 8 1000000000 210397 1 210396
221080 10368 8 1000000000 221071 1 221070
221831 10368 8 1000000000 221833 0 221817
197139 10368 8 1000000000 197140 0 197124
362920 10368 8 1000000000 362912 1 362911
184372 10368 8 1000000000 184365 1 184364
205993 10368 8 1000000000 205998 0 205980
254689 10368 8 1000000000 254682 1 254680
324119 10368 8 1000000000 324111 1 324110
247771 10368 8 1000000000 247763 1 247761
355683 10368 8 1000000000 355674 1 355673
269580 10368 8 1000000000 269574 1 269572
