212493 10368 8 1000000000 212468 1 212468
304514 10368 8 1000000000 304448 0 304443
213893 10368 8 1000000000 213874 1 213873
153910 10368 8 1000000000 153886 0 153869
253646 10368 8 1000000000 253626 1 253626
208898 10368 8 1000000000 208867 0 208862
565092 10368 8 1000000000 565047 0 565041
226508 10368 8 1000000000 226487 0 226481
198243 10368 8 1000000000 198218 1 198217
222905 10368 8 1000000000 222858 1 222852
202044 10368 8 1000000000 202013 0 202005
260987 10368 8 1000000000 260905 0 260899
233079 10368 8 1000000000 232964 0 232954
256607 10368 8 1000000000 256576 0 256562
297595 10368 8 1000000000 297569 1 297567
382696 10368 8 1000000000 382671 1 382668
209623 10368 8 1000000000 209590 1 209586
254586 10368 8 1000000000 254556 1 254553
332698 10368 8 1000000000 332666 1 332662
304738 10368 8 1000000000 304701 0 304690
270683 10368 8 1000000000 270658 1 270655
221570 10368 8 1000000000 221537 1 221535
212759 10368 8 1000000000 212736 0 212724
175078 10368 8 1000000000 175052 0 175037
314766 10368 8 1000000000 314743 1 314740
242173 10368 8 1000000000 242146 0 242134
235289 10368 8 1000000000 235259 0 235244
230315 10368 8 1000000000 230287 1 230284
195554 10368 8 1000000000 195540 0 195528
221535 10368 8 1000000000 221511 0 221497
203914 10368 8 1000000000 203887 0 203868
218967 10368 8 1000000000 218947 1 218943
244249 10368 8 1000000000 244211 0 244194
233448 10368 8 1000000000 233435 1 233432
327461 10368 8 1000000000 327433 1 327429
284800 10368 8 1000000000 284782 0 284771
407828 10368 8 1000000000 407802 1 407799
376765 10368 8 1000000000 376740 1 376735
253152 10368 8 1000000000 253127 1 253123
260136 10368 8 1000000000 260114 1 260110
219402 10368 8 1000000000 219387 1 219385
226929 10368 8 1000000000 226891 0 226874
213433 10368 8 1000000000 213408 1 213404
309213 10368 8 1000000000 309190 1 309187
226111 10368 8 1000000000 226086 1 226079
258767 10368 8 1000000000 258740 1 258736
230957 10368 8 1000000000 230943 0 230933
244130 10368 8 1000000000 244108 1 244103
248537 10368 8 1000000000 248510 1 248505
324638 10368 8 1000000000 324614 1 324611
369198 10368 8 1000000000 369201 0 369152
239945 10368 8 1000000000 239918 1 239911
226130 10368 8 1000000000 226114 1 226112
238955 10368 8 1000000000 238927 1 238923
234681 10368 8 1000000000 234658 0 234640
231699 10368 8 1000000000 231665 1 231660
200189 10368 8 1000000000 200161 1 200156
248476 10368 8 1000000000 248450 1 248445
408252 10368 8 1000000000 408228 0 408207
402259 10368 8 1000000000 402217 1 402202
225769 10368 8 1000000000 225752 1 225739
214181 10368 8 1000000000 214164 1 214153
220998 10368 8 1000000000 220988 0 220963
456342 10368 8 1000000000 456322 1 456309
371046 10368 8 1000000000 371032 1 371021
284046 10368 8 1000000000 284029 1 284017
284592 10368 8 1000000000 284575 0 284549
216502 10368 8 1000000000 216488 1 216476
290856 10368 8 1000000000 290842 1 290832
202876 10368 8 1000000000 202863 1 202852
247155 10368 8 1000000000 247148 0 247117
205157 10368 8 1000000000 205140 1 205128
355629 10368 8 1000000000 355615 0 355587
357730 10368 8 1000000000 357720 1 357718
359706 10368 8 1000000000 359686 0 359653
358033 10368 8 1000000000 358022 0 358010
417567 10368 8 1000000000 417551 1 417542
251054 10368 8 1000000000 251041 1 251031
214817 10368 8 1000000000 214770 0 214745
231018 10368 8 1000000000 231005 1 230992
272224 10368 8 1000000000 272208 1 272200
242277 10368 8 1000000000 242269 1 242266
275679 10368 8 1000000000 275666 1 275655
392517 10368 8 1000000000 392506 1 392495
243455 10368 8 1000000000 243444 1 243439
307199 10368 8 1000000000 307183 0 307153
221540 10368 8 1000000000 221526 1 221517
346216 10368 8 1000000000 346205 1 346193
301822 10368 8 1000000000 301818 1 301796
232642 10368 8 1000000000 232617 0 232601
423462 10368 8 1000000000 423421 0 423399
303282 10368 8 1000000000 303260 1 303258
346148 10368 8 1000000000 346126 1 346124
307738 10368 8 1000000000 307716 1 307715
233783 10368 8 1000000000 233761 1 233742
231462 10368 8 1000000000 231436 0 231422
219685 10368 8 1000000000 219661 1 219660
198779 10368 8 1000000000 198751 1 198750
235144 10368 8 1000000000 235127 1 235120
248852 10368 8 1000000000 248831 1 248830
222748 10368 8 1000000000 222728 0 222714
257303 10368 8 1000000000 257281 1 257279
263796 10368 8 1000000000 263774 1 263773
272901 10368 8 1000000000 272889 1 272888
239750 10368 8 1000000000 239724 1 239722
310767 10368 8 1000000000 310740 0 310726
338057 10368 8 1000000000 338038 1 338037
218478 10368 8 1000000000 218460 0 218445
191389 10368 8 1000000000 191362 1 191361
296657 10368 8 1000000000 296632 0 296619
346728 10368 8 1000000000 346703 1 346701
352313 10368 8 1000000000 352288 1 352287
240153 10368 8 1000000000 240130 1 240129
301621 10368 8 1000000000 301597 0 301580
396961 10368 8 1000000000 396935 1 396934
300078 10368 8 1000000000 300052 1 300050
383595 10368 8 1000000000 383577 0 383561
296500 10368 8 1000000000 296475 0 296459
257065 10368 8 1000000000 257040 1 257038
348831 10368 8 1000000000 348805 1 348803
279595 10368 8 1000000000 279570 1 279568
189038 10368 8 1000000000 189010 0 188995
240106 10368 8 1000000000 240081 1 240079
189161 10368 8 1000000000 189095 1 189093
294144 10368 8 1000000000 294093 1 294073
257048 10368 8 1000000000 257039 0 257024
223509 10368 8 1000000000 223492 0 223477
188993 10368 8 1000000000 188975 1 188973
369009 10368 8 1000000000 369013 0 368998
405978 10368 8 1000000000 405962 0 405946
300467 10368 8 1000000000 300452 1 300451
258254 10368 8 1000000000 258240 0 258230
211831 10368 8 1000000000 211819 1 211819
245710 10368 8 1000000000 245693 1 245691
233140 10368 8 1000000000 233128 0 233111
199322 10368 8 1000000000 199311 0 199294
301193 10368 8 1000000000 301174 1 301173
237380 10368 8 1000000000 237360 1 237358
236833 10368 8 1000000000 236817 0 236803
318956 10368 8 1000000000 318938 1 318937
244401 10368 8 1000000000 244384 1 244383
253179 10368 8 1000000000 253169 0 253153
396400 10368 8 1000000000 396381 1 396379
230647 10368 8 1000000000 230628 1 230627
255617 10368 8 1000000000 255600 1 255599
223409 10368 8 1000000000 223390 1 223389
266733 10368 8 1000000000 266715 1 266713
213916 10368 8 1000000000 213898 1 213897
247097 10368 8 1000000000 247079 1 247077
259786 10368 8 1000000000 259769 1 259768
262047 10368 8 1000000000 262029 1 262028
232391 10368 8 1000000000 232380 1 232379
210485 10368 8 1000000000 210475 0 210460
374957 10368 8 1000000000 374939 1 374939
255189 10368 8 1000000000 255173 1 255172
232554 10368 8 1000000000 232539 0 232523
241473 10368 8 1000000000 241455 1 241453
234068 10368 8 1000000000 234056 0 234041
215643 10368 8 1000000000 215625 1 215624
227481 10368 8 1000000000 227462 1 227461
245045 10368 8 1000000000 245023 1 245021
395822 10368 8 1000000000 395803 1 395801
338284 10368 8 1000000000 338272 0 338256
203121 10368 8 1000000000 203105 1 203104
387704 10368 8 1000000000 387637 0 387622
281250 10368 8 1000000000 281203 0 281188
227561 10368 8 1000000000 227558 1 227558
315544 10368 8 1000000000 315510 0 315502
261464 10368 8 1000000000 261458 1 261457
243758 10368 8 1000000000 243760 0 243744
296561 10368 8 1000000000 296561 0 296541
244534 10368 8 1000000000 244536 0 244521
286730 10368 8 1000000000 286733 1 286716
225429 10368 8 1000000000 225432 0 225417
310602 10368 8 1000000000 310595 1 310594
353130 10368 8 1000000000 353122 1 353120
328819 10368 8 1000000000 328818 0 328804
203240 10368 8 1000000000 203232 1 203231
345015 10368 8 1000000000 345006 1 345005
197450 10368 8 1000000000 197454 0 197437
350761 10368 8 1000000000 350764 0 350746
221546 10368 8 1000000000 221538 1 221536
242713 10368 8 1000000000 242706 1 242705
240321 10368 8 1000000000 240317 1 240316
214864 10368 8 1000000000 214867 0 214849
326267 10368 8 1000000000 326259 1 326257
405964 10368 8 1000000000 405956 1 405954
211394 10368 8 1000000000 211387 1 211386
323202 10368 8 1000000000 323205 1 323190
251402 10368 8 1000000000 251393 1 251392
216222 10368 8 1000000000 216227 0 216210
333980 10368 8 1000000000 333973 1 333971
188411 10368 8 1000000000 188404 1 188402
257613 10368 8 1000000000 257601 1 257598
181375 10368 8 1000000000 181380 0 181363
180208 10368 8 1000000000 180210 0 180195
308168 10368 8 1000000000 308162 1 308159
281730 10368 8 1000000000 281727 1 281726
340160 10368 8 1000000000 340163 0 340149
