264597 10368 8 1000000000 264549 1 264549
324705 10368 8 1000000000 324690 1 324683
433373 10368 8 1000000000 433359 1 433359
522540 10368 8 1000000000 522526 1 522526
197643 10368 8 1000000000 197512 0 197505
293406 10368 8 1000000000 293365 1 293358
186322 10368 8 1000000000 186295 1 186294
200133 10368 8 1000000000 200107 1 200104
244614 10368 8 1000000000 244587 1 244584
254455 10368 8 1000000000 254428 1 254425
239788 10368 8 1000000000 239762 1 239759
297510 10368 8 1000000000 297484 1 297481
426692 10368 8 1000000000 426668 1 426666
198913 10368 8 1000000000 198890 1 198886
222931 10368 8 1000000000 222908 1 222905
229157 10368 8 1000000000 229133 1 229119
238805 10368 8 1000000000 238772 0 238758
220319 10368 8 1000000000 220294 1 220291
237475 10368 8 1000000000 237438 0 237425
213444 10368 8 1000000000 213411 0 213400
232087 10368 8 1000000000 232041 0 232025
218855 10368 8 1000000000 218832 1 218829
262059 10368 8 1000000000 262036 1 262032
212501 10368 8 1000000000 212474 1 212472
222736 10368 8 1000000000 222710 1 222704
236289 10368 8 1000000000 236269 1 236264
239214 10368 8 1000000000 239181 1 239178
302002 10368 8 1000000000 301961 0 301942
236843 10368 8 1000000000 236818 1 236814
237251 10368 8 1000000000 237228 1 237224
318053 10368 8 1000000000 318031 1 318028
283285 10368 8 1000000000 283263 1 283259
317724 10368 8 1000000000 317701 1 317697
211869 10368 8 1000000000 211841 1 211837
252861 10368 8 1000000000 252851 0 252838
219938 10368 8 1000000000 219914 0 219900
224219 10368 8 1000000000 224201 1 224199
243113 10368 8 1000000000 243088 0 243069
311387 10368 8 1000000000 311361 1 311359
246167 10368 8 1000000000 246144 1 246139
233560 10368 8 1000000000 233538 1 233533
221868 10368 8 1000000000 221841 1 221837
217755 10368 8 1000000000 217788 0 217719
384329 10368 8 1000000000 384311 0 384282
233684 10368 8 1000000000 233657 1 233653
332345 10368 8 1000000000 332314 0 332302
215490 10368 8 1000000000 215464 1 215458
261118 10368 8 1000000000 261091 1 261087
247656 10368 8 1000000000 247630 1 247626
386815 10368 8 1000000000 386778 0 386751
416298 10368 8 1000000000 416271 1 416258
422869 10368 8 1000000000 422847 1 422838
326872 10368 8 1000000000 326851 1 326838
337484 10368 8 1000000000 337467 1 337456
239774 10368 8 1000000000 239758 1 239749
363789 10368 8 1000000000 363774 1 363749
274075 10368 8 1000000000 274063 1 274051
232103 10368 8 1000000000 232088 0 232062
242530 10368 8 1000000000 242519 1 242514
368163 10368 8 1000000000 368149 1 368138
321226 10368 8 1000000000 321209 0 321182
298919 10368 8 1000000000 298907 1 298895
226799 10368 8 1000000000 226784 1 226775
249145 10368 8 1000000000 249130 1 249119
333905 10368 8 1000000000 333893 1 333882
308150 10368 8 1000000000 308138 1 308127
222495 10368 8 1000000000 222481 0 222457
219271 10368 8 1000000000 219260 1 219256
354515 10368 8 1000000000 354507 1 354506
221006 10368 8 1000000000 220994 1 220983
330103 10368 8 1000000000 330081 1 330070
212807 10368 8 1000000000 212787 0 212763
187055 10368 8 1000000000 187050 1 187023
344672 10368 8 1000000000 344658 1 344648
206676 10368 8 1000000000 206661 1 206652
237873 10368 8 1000000000 237856 0 237827
195366 10368 8 1000000000 195361 0 195333
298277 10368 8 1000000000 298264 1 298254
293956 10368 8 1000000000 293937 1 293927
233274 10368 8 1000000000 233259 1 233248
202901 10368 8 1000000000 202876 0 202862
256763 10368 8 1000000000 256740 1 256739
214874 10368 8 1000000000 214845 1 214844
266896 10368 8 1000000000 266886 1 266886
348790 10368 8 1000000000 348770 1 348769
251468 10368 8 1000000000 251445 1 251444
433547 10368 8 1000000000 433536 1 433535
237178 10368 8 1000000000 237155 1 237154
284453 10368 8 1000000000 284429 1 284428
240042 10368 8 1000000000 240023 0 240008
225128 10368 8 1000000000 225109 0 225103
252078 10368 8 1000000000 252052 1 252051
283147 10368 8 1000000000 283131 0 283115
260047 10368 8 1000000000 260021 0 260007
358572 10368 8 1000000000 358548 0 358532
305967 10368 8 1000000000 305945 1 305944
392862 10368 8 1000000000 392839 1 392838
252924 10368 8 1000000000 252896 0 252881
314549 10368 8 1000000000 314498 0 314485
234993 10368 8 1000000000 234971 1 234969
251887 10368 8 1000000000 251865 0 251850
386711 10368 8 1000000000 386676 0 386659
378601 10368 8 1000000000 378574 0 378559
272951 10368 8 1000000000 272930 0 272915
344488 10368 8 1000000000 344463 1 344462
252800 10368 8 1000000000 252770 1 252769
209351 10368 8 1000000000 209327 1 209325
221101 10368 8 1000000000 221080 0 221064
238198 10368 8 1000000000 238179 0 238163
244604 10368 8 1000000000 244577 1 244576
221815 10368 8 1000000000 221794 1 221793
257971 10368 8 1000000000 257946 1 257945
215344 10368 8 1000000000 215327 0 215313
199990 10368 8 1000000000 199930 1 199929
231466 10368 8 1000000000 231491 0 231438
172633 10368 8 1000000000 172616 0 172596
390403 10368 8 1000000000 390387 1 390385
208224 10368 8 1000000000 208207 1 208205
226596 10368 8 1000000000 226577 1 226562
304068 10368 8 1000000000 304050 1 304048
418999 10368 8 1000000000 418983 1 418982
240970 10368 8 1000000000 240957 0 240943
410006 10368 8 1000000000 409985 1 409983
260261 10368 8 1000000000 260249 1 260249
314944 10368 8 1000000000 314935 0 314920
214280 10368 8 1000000000 214260 0 214246
244392 10368 8 1000000000 244375 1 244375
243102 10368 8 1000000000 243085 0 243067
221008 10368 8 1000000000 220992 1 220990
229369 10368 8 1000000000 229352 0 229335
381109 10368 8 1000000000 381091 1 381090
228359 10368 8 1000000000 228341 1 228339
226500 10368 8 1000000000 226483 0 226468
199510 10368 8 1000000000 199495 1 199493
208995 10368 8 1000000000 208976 1 208975
247520 10368 8 1000000000 247511 1 247511
240557 10368 8 1000000000 240541 1 240539
346717 10368 8 1000000000 346698 1 346696
294043 10368 8 1000000000 294027 0 294012
236621 10368 8 1000000000 236608 0 236591
411975 10368 8 1000000000 411960 1 411958
347948 10368 8 1000000000 347927 0 347911
339327 10368 8 1000000000 339311 1 339309
270652 10368 8 1000000000 270641 0 270626
219722 10368 8 1000000000 219703 1 219701
158408 10368 8 1000000000 158394 0 158377
256209 10368 8 1000000000 256190 1 256176
319752 10368 8 1000000000 319733 1 319731
316093 10368 8 1000000000 316074 1 316072
229223 10368 8 1000000000 229208 1 229207
421016 10368 8 1000000000 421005 0 420987
237202 10368 8 1000000000 237188 1 237187
303215 10368 8 1000000000 303196 1 303195
229039 10368 8 1000000000 229021 0 229005
264826 10368 8 1000000000 264820 0 264807
349114 10368 8 1000000000 349097 1 349096
193382 10368 8 1000000000 193365 1 193363
260016 10368 8 1000000000 260001 0 259985
347182 10368 8 1000000000 347148 0 347145
363682 10368 8 1000000000 363663 1 363661
217168 10368 8 1000000000 217136 1 217134
415449 10368 8 1000000000 415442 1 415440
183700 10368 8 1000000000 183704 0 183687
243433 10368 8 1000000000 243436 0 243418
239776 10368 8 1000000000 239771 1 239769
195454 10368 8 1000000000 195448 1 195446
233058 10368 8 1000000000 233052 1 233051
181369 10368 8 1000000000 181362 1 181360
376273 10368 8 1000000000 376265 1 376263
291644 10368 8 1000000000 291637 1 291635
253188 10368 8 1000000000 253179 1 253178
255800 10368 8 1000000000 255793 1 255792
279905 10368 8 1000000000 279897 1 279896
339164 10368 8 1000000000 339157 1 339155
203035 10368 8 1000000000 203028 1 203027
321660 10368 8 1000000000 321668 0 321648
232455 10368 8 1000000000 232445 1 232443
178829 10368 8 1000000000 178822 1 178820
220960 10368 8 1000000000 220959 0 220944
252003 10368 8 1000000000 251996 1 251995
314862 10368 8 1000000000 314853 1 314851
311038 10368 8 1000000000 311031 1 311029
320978 10368 8 1000000000 320973 1 320971
206955 10368 8 1000000000 206947 1 206946
263484 10368 8 1000000000 263476 1 263475
359726 10368 8 1000000000 359719 1 359717
225575 10368 8 1000000000 225563 1 225560
248407 10368 8 1000000000 248399 1 248398
291347 10368 8 1000000000 291355 0 291337
237548 10368 8 1000000000 237541 1 237539
284023 10368 8 1000000000 284016 1 284014
228530 10368 8 1000000000 228531 0 228512
206970 10368 8 1000000000 206962 1 206961
241809 10368 8 1000000000 241811 1 241794
320558 10368 8 1000000000 320561 0 320545
208760 10368 8 1000000000 208768 0 208750
273504 10368 8 1000000000 273499 1 273499
323417 10368 8 1000000000 323410 1 323409
216120 10368 8 1000000000 216120 1 216109
294580 10368 8 1000000000 294576 1 294575
