327086 10368 8 1000000000 327064 0 327058
204932 10368 8 1000000000 204891 0 204885
244256 10368 8 1000000000 244239 1 244238
420601 10368 8 1000000000 420583 1 420583
210416 10368 8 1000000000 210392 1 210392
286421 10368 8 1000000000 286398 1 286398
262988 10368 8 1000000000 262963 1 262962
241713 10368 8 1000000000 241693 1 241690
264565 10368 8 1000000000 264542 0 264532
405519 10368 8 1000000000 405492 1 405489
252031 10368 8 1000000000 251993 1 251989
307269 10368 8 1000000000 307244 1 307240
224568 10368 8 1000000000 224534 1 224530
237226 10368 8 1000000000 237201 1 237186
397440 10368 8 1000000000 397415 1 397412
276343 10368 8 1000000000 276311 0 276299
386260 10368 8 1000000000 386233 1 386231
254546 10368 8 1000000000 254518 1 254514
250882 10368 8 1000000000 250861 1 250859
229595 10368 8 1000000000 229489 0 229483
241590 10368 8 1000000000 241562 1 241560
189871 10368 8 1000000000 189842 1 189839
273490 10368 8 1000000000 273458 0 273441
212757 10368 8 1000000000 212725 1 212720
207630 10368 8 1000000000 207622 1 207621
338290 10368 8 1000000000 338242 0 338222
346652 10368 8 1000000000 346632 1 346620
273218 10368 8 1000000000 273195 1 273191
260375 10368 8 1000000000 260347 1 260343
241377 10368 8 1000000000 241332 0 241316
202334 10368 8 1000000000 202309 1 202305
240940 10368 8 1000000000 240915 1 240912
213164 10368 8 1000000000 213135 1 213131
301552 10368 8 1000000000 301510 1 301489
251874 10368 8 1000000000 251852 1 251849
214570 10368 8 1000000000 214547 0 214528
411394 10368 8 1000000000 411364 0 411350
314401 10368 8 1000000000 314378 1 314372
264986 10368 8 1000000000 264962 1 264957
229739 10368 8 1000000000 229714 1 229710
222006 10368 8 1000000000 221966 0 221951
237903 10368 8 1000000000 237881 0 237867
328375 10368 8 1000000000 328335 0 328319
233669 10368 8 1000000000 233643 1 233640
250813 10368 8 1000000000 250785 1 250781
230590 10368 8 1000000000 230563 0 230550
248117 10368 8 1000000000 248090 1 248086
243146 10368 8 1000000000 243123 0 243109
358395 10368 8 1000000000 358365 1 358360
365710 10368 8 1000000000 365694 1 365676
262064 10368 8 1000000000 262046 1 262032
308340 10368 8 1000000000 308323 1 308313
350735 10368 8 1000000000 350728 0 350706
191220 10368 8 1000000000 191205 1 191197
362001 10368 8 1000000000 361983 1 361971
245408 10368 8 1000000000 245396 0 245373
211932 10368 8 1000000000 211846 1 211823
176020 10368 8 1000000000 176009 1 175998
301553 10368 8 1000000000 301540 1 301527
315335 10368 8 1000000000 315310 1 315292
260751 10368 8 1000000000 260740 1 260729
235270 10368 8 1000000000 235255 1 235244
250165 10368 8 1000000000 250161 0 250152
195977 10368 8 1000000000 195961 1 195950
260347 10368 8 1000000000 260339 0 260314
238008 10368 8 1000000000 237992 0 237965
326089 10368 8 1000000000 326074 1 326061
260333 10368 8 1000000000 260320 0 260292
221035 10368 8 1000000000 221029 0 220998
213552 10368 8 1000000000 213538 1 213527
346042 10368 8 1000000000 346031 0 346004
250804 10368 8 1000000000 250771 0 250753
206179 10368 8 1000000000 206173 1 206148
241476 10368 8 1000000000 241472 0 241441
209843 10368 8 1000000000 209839 0 209814
228560 10368 8 1000000000 228553 0 228529
218432 10368 8 1000000000 218417 1 218406
270077 10368 8 1000000000 270065 1 270056
222809 10368 8 1000000000 222822 1 222784
245394 10368 8 1000000000 245367 1 245366
219448 10368 8 1000000000 219424 0 219406
371743 10368 8 1000000000 371721 1 371720
280780 10368 8 1000000000 280759 0 280742
163661 10368 8 1000000000 163638 1 163637
211877 10368 8 1000000000 211852 1 211851
346949 10368 8 1000000000 346923 1 346922
313922 10368 8 1000000000 313876 0 313860
318965 10368 8 1000000000 318949 0 318935
349618 10368 8 1000000000 349595 1 349591
225579 10368 8 1000000000 225558 1 225557
221051 10368 8 1000000000 221023 1 221021
250741 10368 8 1000000000 250720 0 250716
238324 10368 8 1000000000 238296 1 238295
192795 10368 8 1000000000 192762 1 192761
217872 10368 8 1000000000 217857 0 217843
236969 10368 8 1000000000 236961 1 236960
213455 10368 8 1000000000 213437 0 213423
221003 10368 8 1000000000 220977 1 220975
353961 10368 8 1000000000 353934 1 353932
330195 10368 8 1000000000 330168 0 330153
252304 10368 8 1000000000 252279 1 252278
322098 10368 8 1000000000 322072 1 322070
247753 10368 8 1000000000 247730 1 247728
196625 10368 8 1000000000 196605 0 196589
240759 10368 8 1000000000 240735 1 240733
281002 10368 8 1000000000 280968 1 280953
224075 10368 8 1000000000 224057 0 224039
225543 10368 8 1000000000 225527 0 225513
288487 10368 8 1000000000 288471 0 288456
244496 10368 8 1000000000 244476 1 244462
212618 10368 8 1000000000 211789 1 211788
247174 10368 8 1000000000 247152 1 247151
352349 10368 8 1000000000 352337 1 352337
230422 10368 8 1000000000 230355 0 230341
263011 10368 8 1000000000 262986 1 262985
330190 10368 8 1000000000 330174 0 330159
339615 10368 8 1000000000 339556 0 339540
308413 10368 8 1000000000 308396 1 308395
228762 10368 8 1000000000 228744 1 228742
224646 10368 8 1000000000 224634 1 224633
252475 10368 8 1000000000 252455 1 252453
332736 10368 8 1000000000 332720 0 332705
272800 10368 8 1000000000 272786 1 272784
233418 10368 8 1000000000 233398 1 233397
373736 10368 8 1000000000 373720 0 373704
233950 10368 8 1000000000 233934 1 233931
228683 10368 8 1000000000 228678 0 228675
285333 10368 8 1000000000 285314 1 285312
225428 10368 8 1000000000 225414 0 225398
232768 10368 8 1000000000 232752 1 232751
198872 10368 8 1000000000 198854 1 198852
319856 10368 8 1000000000 319838 1 319837
240977 10368 8 1000000000 240961 1 240959
224346 10368 8 1000000000 224332 0 224316
428306 10368 8 1000000000 428296 0 428277
318022 10368 8 1000000000 318006 1 318005
328636 10368 8 1000000000 328622 0 328609
319164 10368 8 1000000000 319145 0 319129
228132 10368 8 1000000000 228115 0 228096
206653 10368 8 1000000000 206642 1 206628
233585 10368 8 1000000000 233575 0 233560
432834 10368 8 1000000000 432811 0 432796
261581 10368 8 1000000000 261566 0 261550
201130 10368 8 1000000000 201113 1 201111
228339 10368 8 1000000000 228326 0 228309
260550 10368 8 1000000000 260533 1 260531
254695 10368 8 1000000000 254679 1 254678
332444 10368 8 1000000000 332429 0 332422
239784 10368 8 1000000000 239769 0 239749
397840 10368 8 1000000000 397822 1 397821
274172 10368 8 1000000000 274161 0 274147
440597 10368 8 1000000000 440581 1 440580
244171 10368 8 1000000000 244158 1 244157
301372 10368 8 1000000000 301357 1 301356
214917 10368 8 1000000000 214898 1 214897
180535 10368 8 1000000000 180513 1 180512
197186 10368 8 1000000000 197180 1 197164
230665 10368 8 1000000000 230645 1 230643
253545 10368 8 1000000000 253539 1 253539
412233 10368 8 1000000000 412215 1 412213
223234 10368 8 1000000000 223223 0 223209
240060 10368 8 1000000000 240049 0 240033
393634 10368 8 1000000000 393620 0 393604
245675 10368 8 1000000000 245661 0 245645
439601 10368 8 1000000000 439592 1 439591
313854 10368 8 1000000000 313858 0 313841
200145 10368 8 1000000000 200141 1 200140
226114 10368 8 1000000000 226116 1 226100
250305 10368 8 1000000000 250295 1 250294
216970 10368 8 1000000000 216963 1 216962
379303 10368 8 1000000000 379311 0 379292
199492 10368 8 1000000000 199487 0 199471
251738 10368 8 1000000000 251729 1 251727
227786 10368 8 1000000000 227788 0 227773
399747 10368 8 1000000000 399741 1 399740
258555 10368 8 1000000000 258547 1 258546
248325 10368 8 1000000000 248327 0 248308
372492 10368 8 1000000000 372484 1 372483
242440 10368 8 1000000000 242444 1 242427
392466 10368 8 1000000000 392457 1 392456
233516 10368 8 1000000000 233520 0 233504
225193 10368 8 1000000000 225195 0 225179
196524 10368 8 1000000000 196533 0 196510
186249 10368 8 1000000000 186241 1 186238
243808 10368 8 1000000000 243809 0 243794
198140 10368 8 1000000000 198140 0 198126
190764 10368 8 1000000000 190756 1 190755
360315 10368 8 1000000000 360320 0 360304
260891 10368 8 1000000000 260882 1 260881
245013 10368 8 1000000000 245008 0 245002
310041 10368 8 1000000000 310033 1 310030
248597 10368 8 1000000000 248598 0 248583
427954 10368 8 1000000000 427962 0 427943
215880 10368 8 1000000000 215872 1 215871
190277 10368 8 1000000000 190270 1 190269
348478 10368 8 1000000000 348471 1 348470
294306 10368 8 1000000000 294307 0 294295
214721 10368 8 1000000000 214716 1 214715
195931 10368 8 1000000000 195927 1 195926
204838 10368 8 1000000000 204834 1 204833
