80083 900 5 100000 78363 1 2 78350
24346 900 5 100000 24337 1 2 24334
27760 900 5 100000 27751 1 1 27751
23536 900 5 100000 23527 1 1 23527
29424 900 5 100000 29405 1 3 29402
28236 900 5 100000 28224 1 2 28221
28437 900 5 100000 28425 1 2 28422
17508 900 5 100000 17500 1 2 17497
9826 900 5 100000 9819 1 1 9819
12265 900 5 100000 12260 1 1 12259
11185 900 5 100000 11176 1 2 11173
9947 900 5 100000 9989 1 2 9936
11362 900 5 100000 11351 1 1 11351
10172 900 5 100000 10161 1 1 10161
9879 900 5 100000 9874 1 1 9873
9905 900 5 100000 9893 1 2 9889
13252 900 5 100000 13244 1 2 13240
10676 900 5 100000 10653 1 3 10650
11570 900 5 100000 11557 1 2 11554
10838 900 5 100000 10828 1 1 10828
10882 900 5 100000 10872 1 2 10869
11970 900 5 100000 11943 1 2 11940
10019 900 5 100000 10005 1 1 10004
9219 900 5 100000 9202 1 2 9199
11532 900 5 100000 11519 1 1 11519
8903 900 5 100000 8890 1 1 8890
11499 900 5 100000 11486 1 1 11485
11649 900 5 100000 11637 1 1 11637
8755 900 5 100000 8749 1 1 8749
8491 900 5 100000 8480 1 1 8480
8376 900 5 100000 8367 1 2 8364
9318 900 5 100000 9308 1 2 9305
7739 900 5 100000 7719 1 1 7719
9436 900 5 100000 9423 1 1 9423
8841 900 5 100000 8832 1 1 8831
9453 900 5 100000 9437 1 2 9434
10749 900 5 100000 10736 1 1 10736
10026 900 5 100000 10017 1 2 10014
9515 900 5 100000 9498 1 3 9495
8225 900 5 100000 8204 1 2 8201
8888 900 5 100000 8878 1 1 8878
10011 900 5 100000 9982 1 2 9979
8142 900 5 100000 8136 1 1 8135
8117 900 5 100000 8108 1 1 8108
8987 900 5 100000 8979 1 1 8979
10020 900 5 100000 9988 1 2 9985
8632 900 5 100000 8626 1 2 8623
9894 900 5 100000 9885 1 1 9885
7903 900 5 100000 7898 1 2 7895
9944 900 5 100000 9939 1 1 9939
9454 900 5 100000 9443 1 2 9439
10889 900 5 100000 10882 1 2 10879
8905 900 5 100000 8900 1 1 8900
8488 900 5 100000 8482 1 1 8482
10482 900 5 100000 10477 1 1 10477
9211 900 5 100000 9205 1 1 9205
8346 900 5 100000 8336 1 2 8332
9594 900 5 100000 9587 1 1 9587
7723 900 5 100000 7716 1 2 7713
11357 900 5 100000 11349 1 2 11346
9001 900 5 100000 8995 1 2 8993
8202 900 5 100000 8198 1 2 8195
10428 900 5 100000 10422 1 1 10422
10398 900 5 100000 10391 1 1 10390
11848 900 5 100000 11842 1 1 11842
16035 900 5 100000 16029 1 2 16026
14070 900 5 100000 14064 1 1 14063
10162 900 5 100000 10138 1 2 10135
7975 900 5 100000 7970 1 2 7968
10396 900 5 100000 10391 1 2 10388
10415 900 5 100000 10411 1 2 10408
8551 900 5 100000 8548 1 1 8547
8128 900 5 100000 8123 1 2 8120
8205 900 5 100000 8200 1 1 8200
8482 900 5 100000 8477 1 2 8475
8525 900 5 100000 8520 1 1 8519
12223 900 5 100000 12219 1 2 12216
8201 900 5 100000 8197 1 2 8194
10136 900 5 100000 10130 1 2 10128
8100 900 5 100000 8097 1 1 8096
8724 900 5 100000 8719 1 1 8719
8328 900 5 100000 8324 1 2 8321
10834 900 5 100000 10831 1 2 10829
8062 900 5 100000 8051 1 2 8047
9365 900 5 100000 9361 1 1 9360
17874 900 5 100000 17866 1 2 17862
11641 900 5 100000 11639 1 1 11638
8611 900 5 100000 8608 1 1 8607
10311 900 5 100000 10306 1 1 10306
9566 900 5 100000 9562 1 1 9561
8881 900 5 100000 8877 1 1 8877
12112 900 5 100000 12106 1 1 12105
8877 900 5 100000 8873 1 3 8870
9461 900 5 100000 9453 1 2 9451
7917 900 5 100000 7913 1 1 7913
11591 900 5 100000 11582 1 2 11579
8488 900 5 100000 8477 1 1 8476
8158 900 5 100000 8152 1 2 8149
10036 900 5 100000 10030 1 1 10029
8336 900 5 100000 8332 1 2 8329
9981 900 5 100000 9975 1 1 9974
8777 900 5 100000 8768 1 2 8764
10614 900 5 100000 10610 1 1 10610
8457 900 5 100000 8428 1 2 8424
10079 900 5 100000 10075 1 2 10071
8427 900 5 100000 8421 1 2 8417
8797 900 5 100000 8795 1 1 8795
8277 900 5 100000 8272 1 1 8272
8337 900 5 100000 8332 1 2 8329
14531 900 5 100000 14525 1 1 14525
14360 900 5 100000 14354 1 1 14354
8277 900 5 100000 8270 1 2 8266
10601 900 5 100000 10594 1 1 10593
43838 900 5 100000 43827 1 2 43823
44251 900 5 100000 44244 1 2 44240
31541 900 5 100000 31535 1 2 31532
33016 900 5 100000 33010 1 2 33007
35381 900 5 100000 35377 1 1 35377
21008 900 5 100000 21000 1 1 20999
10116 900 5 100000 10106 1 2 10102
15182 900 5 100000 15173 1 2 15170
10664 900 5 100000 10652 1 1 10652
8376 900 5 100000 8374 1 2 8371
8464 900 5 100000 8456 1 1 8455
8520 900 5 100000 8518 1 1 8517
9538 900 5 100000 9530 1 1 9529
7579 900 5 100000 7572 1 2 7569
8565 900 5 100000 8562 1 1 8562
8493 900 5 100000 8491 1 1 8491
8604 900 5 100000 8599 1 2 8596
8753 900 5 100000 8750 1 2 8747
9656 900 5 100000 9647 1 2 9643
8246 900 5 100000 8244 1 1 8244
9210 900 5 100000 9205 1 1 9204
9434 900 5 100000 9424 1 1 9424
9343 900 5 100000 9336 1 1 9336
8711 900 5 100000 8702 1 1 8701
8715 900 5 100000 8713 1 2 8710
9452 900 5 100000 9445 1 1 9444
8227 900 5 100000 8224 1 2 8221
9918 900 5 100000 9915 1 2 9913
8534 900 5 100000 8533 1 1 8532
11325 900 5 100000 11323 1 2 11321
7834 900 5 100000 7826 1 2 7821
8331 900 5 100000 8329 1 2 8326
9425 900 5 100000 9415 1 1 9415
9420 900 5 100000 9412 1 2 9406
8978 900 5 100000 8970 1 1 8970
8011 900 5 100000 8008 1 2 8005
10280 900 5 100000 10271 1 1 10271
8195 900 5 100000 8190 1 1 8190
11026 900 5 100000 11020 1 2 11017
8806 900 5 100000 8794 1 2 8787
10120 900 5 100000 10114 1 2 10110
10938 900 5 100000 10919 1 2 10913
9164 900 5 100000 9154 1 1 9153
9775 900 5 100000 9766 1 2 9765
7850 900 5 100000 7844 1 2 7841
9218 900 5 100000 9213 1 1 9212
10593 900 5 100000 10581 1 2 10577
8547 900 5 100000 8542 1 1 8542
8532 900 5 100000 8529 1 2 8526
8486 900 5 100000 8481 1 1 8480
9418 900 5 100000 9408 1 1 9407
7542 900 5 100000 7536 1 2 7532
8005 900 5 100000 7999 1 2 7997
7977 900 5 100000 7969 1 1 7969
8750 900 5 100000 8716 1 2 8706
9429 900 5 100000 9418 1 2 9417
8845 900 5 100000 8823 1 2 8818
8057 900 5 100000 8048 1 1 8047
9272 900 5 100000 9261 1 1 9260
9115 900 5 100000 9095 1 2 9089
10687 900 5 100000 10659 1 2 10652
10961 900 5 100000 10942 1 2 10936
10641 900 5 100000 10622 1 2 10617
9749 900 5 100000 9732 1 1 9731
8298 900 5 100000 8290 1 2 8286
16224 900 5 100000 16213 1 1 16213
11636 900 5 100000 11631 1 1 11631
11468 900 5 100000 11446 1 1 11445
10336 900 5 100000 10328 1 3 10323
10426 900 5 100000 10416 1 1 10416
13685 900 5 100000 13680 1 2 13676
12243 900 5 100000 12227 1 1 12226
9430 900 5 100000 9422 1 3 9418
9162 900 5 100000 9157 1 2 9153
10543 900 5 100000 10522 1 2 10516
10807 900 5 100000 10780 1 1 10779
12089 900 5 100000 12067 1 1 12066
9705 900 5 100000 9693 1 1 9691
11845 900 5 100000 11837 1 1 11837
9499 900 5 100000 9474 1 2 9469
8793 900 5 100000 8777 1 2 8773
9658 900 5 100000 9649 1 2 9646
9377 900 5 100000 9372 1 2 9369
8797 900 5 100000 8791 1 2 8786
9989 900 5 100000 9975 1 2 9970
9619 900 5 100000 9607 1 2 9603
8489 900 5 100000 8483 1 1 8482
13205 900 5 100000 13187 1 2 13182
19701 900 5 100000 19676 1 1 19675
14294 900 5 100000 14288 1 2 14284
9611 900 5 100000 9607 1 2 9603
9095 900 5 100000 9066 1 2 9059
11851 900 5 100000 11825 1 1 11824
11254 900 5 100000 11234 1 1 11233
9806 900 5 100000 9797 1 1 9797
9332 900 5 100000 9317 1 1 9316
10524 900 5 100000 10495 1 2 10488
9642 900 5 100000 9619 1 1 9609
9304 900 5 100000 9287 1 2 9282
9206 900 5 100000 9182 1 3 9163
10738 900 5 100000 10727 1 1 10726
9378 900 5 100000 9367 1 1 9365
10269 900 5 100000 10277 1 2 10262
8727 900 5 100000 8724 1 1 8723
8918 900 5 100000 8924 1 2 8910
10100 900 5 100000 10105 1 2 10094
8795 900 5 100000 8787 1 2 8782
9920 900 5 100000 9932 1 2 9911
10586 900 5 100000 10605 1 2 10578
13791 900 5 100000 13804 1 2 13770
10130 900 5 100000 10149 1 2 10118
9705 900 5 100000 9698 1 1 9697
9527 900 5 100000 9523 1 1 9522
11223 900 5 100000 11235 1 3 11212
10553 900 5 100000 10548 1 1 10547
9499 900 5 100000 9505 1 2 9487
10815 900 5 100000 10825 1 2 10805
9743 900 5 100000 9739 1 1 9738
10270 900 5 100000 10280 1 2 10257
10316 900 5 100000 10309 1 1 10307
9551 900 5 100000 9544 1 1 9542
11697 900 5 100000 11716 1 2 11686
10077 900 5 100000 10071 1 1 10070
9897 900 5 100000 9898 1 2 9890
10180 900 5 100000 10186 1 2 10167
10753 900 5 100000 10760 1 2 10740
12933 900 5 100000 12928 1 1 12927
10595 900 5 100000 10596 1 2 10592
8775 900 5 100000 8777 1 2 8771
9688 900 5 100000 9692 1 2 9684
11149 900 5 100000 11138 1 1 11137
11755 900 5 100000 11753 1 1 11753
9287 900 5 100000 9282 1 1 9281
9116 900 5 100000 9114 1 1 9113
17692 900 5 100000 17697 1 2 17685
10592 900 5 100000 10596 1 2 10589
