48363 5625 5 100000 48356 1 1 48355
30277 5625 5 100000 30267 1 1 30267
44731 5625 5 100000 44497 5 5 44496
30771 5625 5 100000 30764 1 1 30764
50695 5625 5 100000 50689 1 1 50688
34813 5625 5 100000 34718 2 2 34716
39760 5625 5 100000 39750 1 1 39750
36847 5625 5 100000 36842 1 1 36842
36163 5625 5 100000 36159 1 1 36159
27799 5625 5 100000 27792 1 1 27792
30134 5625 5 100000 30129 1 1 30128
29640 5625 5 100000 29634 2 2 29634
32735 5625 5 100000 32728 1 1 32728
26958 5625 5 100000 26953 1 1 26953
50553 5625 5 100000 50398 2 2 50397
28750 5625 5 100000 28744 1 1 28744
27514 5625 5 100000 27504 2 2 27504
39483 5625 5 100000 39480 2 2 39480
35304 5625 5 100000 35297 1 1 35297
32110 5625 5 100000 31959 2 2 31958
31456 5625 5 100000 31373 2 2 31372
45448 5625 5 100000 45446 2 2 45446
33496 5625 5 100000 33446 2 2 33444
52424 5625 5 100000 52264 2 2 52263
51743 5625 5 100000 51575 2 2 51573
43172 5625 5 100000 42930 4 4 42928
34786 5625 5 100000 34783 5 5 34783
35627 5625 5 100000 35623 1 1 35623
38982 5625 5 100000 38974 1 1 38974
37176 5625 5 100000 37169 1 1 37169
31525 5625 5 100000 31522 3 3 31522
40291 5625 5 100000 40283 2 2 40283
36189 5625 5 100000 36183 2 2 36183
50843 5625 5 100000 50837 1 1 50837
44081 5625 5 100000 43924 2 2 43922
29133 5625 5 100000 29128 1 1 29128
27431 5625 5 100000 27428 1 1 27428
32715 5625 5 100000 32394 3 3 32392
33955 5625 5 100000 33949 1 1 33949
29880 5625 5 100000 29874 2 2 29874
31870 5625 5 100000 31865 1 1 31865
33716 5625 5 100000 33713 1 1 33713
29896 5625 5 100000 29890 1 1 29890
32820 5625 5 100000 32812 2 2 32812
35257 5625 5 100000 35251 1 1 35251
26149 5625 5 100000 26142 2 2 26142
30090 5625 5 100000 30083 1 1 30083
40657 5625 5 100000 40653 1 1 40652
37275 5625 5 100000 37272 1 1 37272
57077 5625 5 100000 57069 1 1 57069
41965 5625 5 100000 41787 3 3 41786
38372 5625 5 100000 38362 2 2 38361
43994 5625 5 100000 43987 1 1 43987
44395 5625 5 100000 44219 2 2 44218
30678 5625 5 100000 30673 1 1 30673
41230 5625 5 100000 41228 1 1 41228
30796 5625 5 100000 30707 2 2 30705
37792 5625 5 100000 37784 1 1 37783
51481 5625 5 100000 51478 1 1 51478
34233 5625 5 100000 34081 2 2 34080
25382 5625 5 100000 25376 2 2 25376
35902 5625 5 100000 35896 1 1 35896
32769 5625 5 100000 32766 1 1 32766
47238 5625 5 100000 47232 1 1 47232
35184 5625 5 100000 35101 2 2 35099
50564 5625 5 100000 50406 2 2 50405
54508 5625 5 100000 54501 1 1 54501
27066 5625 5 100000 27060 1 1 27060
100235 5625 5 100000 100141 2 2 100139
51569 5625 5 100000 51562 1 1 51562
41865 5625 5 100000 41856 2 2 41855
50258 5625 5 100000 50251 1 1 50251
41022 5625 5 100000 41012 1 1 41012
76808 5625 5 100000 76604 2 2 76601
46732 5625 5 100000 46557 2 2 46555
53496 5625 5 100000 53484 2 2 53482
37117 5625 5 100000 37110 1 1 37110
62074 5625 5 100000 62065 1 1 62064
32905 5625 5 100000 32902 1 1 32902
32488 5625 5 100000 32480 4 4 32480
37347 5625 5 100000 29964 4 4 29962
41595 5625 5 100000 41586 1 1 41586
53511 5625 5 100000 53498 1 1 53498
42278 5625 5 100000 42093 1 1 42092
59671 5625 5 100000 59486 3 3 59485
43747 5625 5 100000 43739 3 3 43739
42122 5625 5 100000 42112 2 2 42112
41268 5625 5 100000 41260 2 2 41260
44984 5625 5 100000 44928 2 2 44926
34774 5625 5 100000 34771 2 2 34771
67857 5625 5 100000 67683 1 1 67682
28308 5625 5 100000 28290 2 2 28289
42942 5625 5 100000 42929 2 2 42929
32499 5625 5 100000 32496 1 1 32496
35678 5625 5 100000 35504 1 1 35502
38939 5625 5 100000 38931 2 2 38931
47177 5625 5 100000 47169 1 1 47169
47085 5625 5 100000 47078 1 1 47078
38975 5625 5 100000 38881 1 1 38879
30576 5625 5 100000 30569 2 2 30569
28803 5625 5 100000 28794 1 1 28794
37895 5625 5 100000 37885 1 1 37885
39602 5625 5 100000 39596 1 1 39596
42749 5625 5 100000 42740 1 1 42740
61481 5625 5 100000 61179 1 1 61177
41431 5625 5 100000 41427 3 3 41427
41553 5625 5 100000 41544 1 1 41544
47069 5625 5 100000 47059 1 1 47059
38029 5625 5 100000 37774 1 1 37771
39535 5625 5 100000 39532 3 3 39532
40419 5625 5 100000 40405 1 1 40403
39352 5625 5 100000 39343 2 2 39343
28719 5625 5 100000 28686 1 1 28685
31127 5625 5 100000 31119 5 5 31119
42181 5625 5 100000 42176 1 1 42176
27031 5625 5 100000 27023 1 1 27023
26932 5625 5 100000 26927 1 1 26927
40614 5625 5 100000 40605 1 1 40605
35852 5625 5 100000 35675 1 1 35673
39200 5625 5 100000 39196 3 3 39196
53484 5625 5 100000 53476 1 1 53476
32104 5625 5 100000 32092 1 1 32092
31447 5625 5 100000 31438 1 1 31438
50338 5625 5 100000 50163 1 1 50161
65927 5625 5 100000 65751 2 2 65750
42783 5625 5 100000 42684 2 2 42683
39529 5625 5 100000 39527 2 2 39527
37379 5625 5 100000 37375 2 2 37375
54791 5625 5 100000 54783 1 1 54783
37904 5625 5 100000 37725 1 1 37723
35726 5625 5 100000 35711 2 2 35708
41075 5625 5 100000 41067 2 2 41067
50525 5625 5 100000 50330 1 1 50329
36129 5625 5 100000 36118 2 2 36118
32786 5625 5 100000 32778 1 1 32778
46505 5625 5 100000 46491 2 2 46490
37494 5625 5 100000 37492 3 3 37492
44851 5625 5 100000 44684 1 1 44682
38738 5625 5 100000 38730 2 2 38730
38628 5625 5 100000 38620 1 1 38620
52392 5625 5 100000 52389 2 2 52389
46190 5625 5 100000 46186 1 1 46186
52314 5625 5 100000 52306 1 1 52306
45269 5625 5 100000 45262 1 1 45262
31903 5625 5 100000 31894 1 1 31894
43802 5625 5 100000 43790 1 1 43790
61345 5625 5 100000 61342 1 1 61342
36416 5625 5 100000 36413 2 2 36413
41757 5625 5 100000 41750 1 1 41750
43386 5625 5 100000 43378 1 1 43378
35190 5625 5 100000 35182 2 2 35182
43279 5625 5 100000 43272 1 1 43272
42969 5625 5 100000 42961 1 1 42960
39724 5625 5 100000 39717 1 1 39717
35904 5625 5 100000 35899 1 1 35899
39371 5625 5 100000 39363 2 2 39363
46767 5625 5 100000 46761 2 2 46761
45740 5625 5 100000 45347 1 1 45344
68549 5625 5 100000 68541 2 2 68540
44513 5625 5 100000 44502 2 2 44502
57363 5625 5 100000 57356 1 1 57356
46006 5625 5 100000 46003 1 1 46003
39550 5625 5 100000 39538 1 1 39537
60159 5625 5 100000 60154 3 3 60154
32863 5625 5 100000 32807 2 2 32806
41248 5625 5 100000 41238 3 3 41238
45762 5625 5 100000 45759 2 2 45759
56256 5625 5 100000 56084 1 1 56083
58268 5625 5 100000 58262 3 3 58262
39151 5625 5 100000 38983 1 1 38982
63339 5625 5 100000 63329 4 4 63329
45860 5625 5 100000 45855 1 1 45855
41254 5625 5 100000 40998 1 1 40996
47234 5625 5 100000 47062 4 4 47061
38124 5625 5 100000 38116 2 2 38116
41094 5625 5 100000 41083 1 1 41083
34829 5625 5 100000 34826 1 1 34826
50756 5625 5 100000 49905 1 1 49903
47505 5625 5 100000 47497 2 2 47497
59811 5625 5 100000 59805 1 1 59805
50713 5625 5 100000 50705 1 1 50705
53134 5625 5 100000 53126 2 2 53126
60569 5625 5 100000 60560 1 1 60560
67844 5625 5 100000 67836 1 1 67836
42478 5625 5 100000 42468 1 1 42468
61507 5625 5 100000 61501 1 1 61501
53745 5625 5 100000 53555 1 1 53553
58910 5625 5 100000 58738 1 1 58737
34914 5625 5 100000 34739 3 3 34737
45475 5625 5 100000 45467 1 1 45467
27873 5625 5 100000 27865 2 2 27865
60689 5625 5 100000 60687 2 2 60687
32916 5625 5 100000 32908 1 1 32908
39240 5625 5 100000 39214 1 1 39213
41149 5625 5 100000 41097 1 1 41095
59818 5625 5 100000 59811 1 1 59811
32795 5625 5 100000 32621 4 4 32618
40936 5625 5 100000 40766 2 2 40764
35386 5625 5 100000 35380 1 1 35380
58512 5625 5 100000 58506 3 3 58506
45887 5625 5 100000 45878 2 2 45878
62408 5625 5 100000 62404 1 1 62403
38394 5625 5 100000 38390 1 1 38390
30085 5625 5 100000 30083 1 1 30083
28224 5625 5 100000 28220 1 1 28220
33209 5625 5 100000 33202 2 2 33202
38269 5625 5 100000 38267 1 1 38267
28068 5625 5 100000 28059 4 4 28058
37012 5625 5 100000 36835 1 1 36834
43246 5625 5 100000 43241 1 1 43241
