55142 5625 5 100000 55139 2 2 55139
39734 5625 5 100000 39719 1 1 39719
39591 5625 5 100000 39588 2 2 39588
36034 5625 5 100000 36030 1 1 36030
37499 5625 5 100000 37496 1 1 37495
37574 5625 5 100000 37571 1 1 37571
33802 5625 5 100000 33795 1 1 33795
33869 5625 5 100000 33866 1 1 33866
33323 5625 5 100000 33317 1 1 33317
36989 5625 5 100000 36942 2 2 36940
27955 5625 5 100000 27950 1 1 27950
52693 5625 5 100000 52689 1 1 52689
47910 5625 5 100000 47904 3 3 47904
35871 5625 5 100000 35706 2 2 35705
48087 5625 5 100000 46644 2 2 46643
35273 5625 5 100000 35101 2 2 35100
34603 5625 5 100000 34600 2 2 34600
35279 5625 5 100000 35271 2 2 35271
37413 5625 5 100000 37406 1 1 37406
39435 5625 5 100000 39208 4 4 39206
21587 5625 5 100000 21581 1 1 21581
32997 5625 5 100000 32989 1 1 32989
33262 5625 5 100000 33105 3 3 33103
51487 5625 5 100000 51480 1 1 51480
35855 5625 5 100000 35852 2 2 35852
26593 5625 5 100000 26589 1 1 26589
35728 5625 5 100000 35726 1 1 35726
45893 5625 5 100000 45722 2 2 45721
57422 5625 5 100000 57412 1 1 57412
38620 5625 5 100000 38615 1 1 38615
61678 5625 5 100000 61508 3 3 61506
34822 5625 5 100000 34815 1 1 34815
34223 5625 5 100000 34215 1 1 34215
46048 5625 5 100000 46041 2 2 46041
35730 5625 5 100000 35572 2 2 35571
39853 5625 5 100000 39703 2 2 39702
36634 5625 5 100000 36622 2 2 36620
45488 5625 5 100000 45483 1 1 45482
30799 5625 5 100000 30793 1 1 30793
23921 5625 5 100000 23914 1 1 23914
29180 5625 5 100000 29174 2 2 29174
34158 5625 5 100000 34152 1 1 34152
32574 5625 5 100000 32419 2 2 32418
37719 5625 5 100000 37722 2 2 37708
39097 5625 5 100000 39090 1 1 39090
113570 5625 5 100000 113561 1 1 113561
41497 5625 5 100000 41381 3 3 41379
75972 5625 5 100000 75784 3 3 75781
79107 5625 5 100000 79012 2 2 79009
68099 5625 5 100000 68092 2 2 68091
42360 5625 5 100000 42356 2 2 42356
36475 5625 5 100000 36300 3 3 36298
36056 5625 5 100000 36051 1 1 36051
27142 5625 5 100000 27133 2 2 27133
42680 5625 5 100000 42505 3 3 42503
36686 5625 5 100000 36678 3 3 36678
40268 5625 5 100000 40261 1 1 40261
64867 5625 5 100000 64683 2 2 64682
44276 5625 5 100000 44267 1 1 44267
38685 5625 5 100000 38677 1 1 38677
34097 5625 5 100000 34089 1 1 34089
41601 5625 5 100000 41596 1 1 41596
83041 5625 5 100000 82855 3 3 82853
31799 5625 5 100000 31763 1 1 31763
35085 5625 5 100000 35031 2 2 35029
47113 5625 5 100000 47103 2 2 47103
45170 5625 5 100000 44993 2 2 44991
60555 5625 5 100000 60382 2 2 60380
54011 5625 5 100000 54009 1 1 54008
39534 5625 5 100000 39527 3 3 39527
43179 5625 5 100000 43003 2 2 43001
30147 5625 5 100000 30136 2 2 30135
33803 5625 5 100000 33795 1 1 33795
42519 5625 5 100000 42263 5 5 42261
64448 5625 5 100000 64442 1 1 64442
36717 5625 5 100000 36709 1 1 36709
68757 5625 5 100000 68582 2 2 68580
39283 5625 5 100000 39276 1 1 39276
36577 5625 5 100000 36403 3 3 36402
46333 5625 5 100000 46301 2 2 46300
43056 5625 5 100000 43049 2 2 43048
61786 5625 5 100000 61779 1 1 61779
38831 5625 5 100000 38577 3 3 38574
35180 5625 5 100000 35152 4 4 35150
36340 5625 5 100000 36333 2 2 36333
30967 5625 5 100000 30960 1 1 30960
63937 5625 5 100000 63928 1 1 63928
30986 5625 5 100000 30934 2 2 30933
31478 5625 5 100000 31475 1 1 31475
29776 5625 5 100000 29770 1 1 29770
33978 5625 5 100000 33974 1 1 33974
39341 5625 5 100000 39334 2 2 39333
39606 5625 5 100000 39428 2 2 39426
35530 5625 5 100000 35523 2 2 35523
39224 5625 5 100000 39221 1 1 39221
59991 5625 5 100000 59983 1 1 59983
42133 5625 5 100000 41953 3 3 41951
46270 5625 5 100000 46261 1 1 46261
33321 5625 5 100000 33313 1 1 33313
37874 5625 5 100000 37776 2 2 37775
37513 5625 5 100000 37505 1 1 37505
40093 5625 5 100000 39680 3 3 39678
57199 5625 5 100000 57194 1 1 57194
54043 5625 5 100000 54037 1 1 54037
39101 5625 5 100000 39094 1 1 39094
43877 5625 5 100000 43699 2 2 43698
52610 5625 5 100000 52606 2 2 52606
41157 5625 5 100000 41148 1 1 41148
35645 5625 5 100000 35637 4 4 35637
53831 5625 5 100000 53822 1 1 53822
53875 5625 5 100000 53866 1 1 53866
46057 5625 5 100000 46054 2 2 46054
49984 5625 5 100000 49977 1 1 49977
44623 5625 5 100000 44613 1 1 44613
39627 5625 5 100000 39456 2 2 39454
42421 5625 5 100000 42324 3 3 42323
41039 5625 5 100000 41033 2 2 41033
53834 5625 5 100000 53666 2 2 53665
36215 5625 5 100000 36207 1 1 36207
39212 5625 5 100000 39036 2 2 39035
48449 5625 5 100000 48435 4 4 48434
53774 5625 5 100000 53771 2 2 53771
51289 5625 5 100000 51114 2 2 51112
37865 5625 5 100000 37854 3 3 37852
45385 5625 5 100000 45378 1 1 45378
42662 5625 5 100000 41839 2 2 41837
44199 5625 5 100000 44191 1 1 44191
56721 5625 5 100000 47738 2 3 47734
51864 5625 5 100000 51856 1 1 51856
36199 5625 5 100000 36195 1 1 36195
39952 5625 5 100000 39773 2 2 39771
34385 5625 5 100000 34378 2 2 34378
39280 5625 5 100000 39265 2 2 39263
39972 5625 5 100000 39790 3 3 39788
80119 5625 5 100000 80112 2 2 80112
35486 5625 5 100000 35479 1 1 35479
43607 5625 5 100000 43434 2 2 43434
35144 5625 5 100000 35136 2 2 35136
32264 5625 5 100000 32261 1 1 32261
54524 5625 5 100000 54274 2 2 54272
36764 5625 5 100000 36755 1 1 36755
63831 5625 5 100000 63629 2 2 63628
44461 5625 5 100000 44453 1 1 44453
44087 5625 5 100000 44080 1 1 44080
41985 5625 5 100000 41976 1 1 41976
41595 5625 5 100000 41586 1 1 41586
36927 5625 5 100000 36918 1 1 36917
35065 5625 5 100000 35052 7 7 35050
47702 5625 5 100000 47694 1 1 47694
43551 5625 5 100000 43548 2 2 43548
46922 5625 5 100000 46741 3 3 46738
38385 5625 5 100000 38204 4 4 38203
53132 5625 5 100000 53123 1 1 53123
33634 5625 5 100000 33539 2 2 33536
42833 5625 5 100000 42822 1 1 42822
39829 5625 5 100000 39660 2 2 39659
39706 5625 5 100000 39456 3 3 39455
45414 5625 5 100000 45371 2 2 45368
43844 5625 5 100000 43745 2 2 43743
48124 5625 5 100000 48031 2 2 48030
33702 5625 5 100000 33693 1 1 33693
64124 5625 5 100000 63945 2 2 63943
32813 5625 5 100000 32809 1 1 32809
53784 5625 5 100000 53607 2 2 53606
34536 5625 5 100000 34529 1 1 34529
42810 5625 5 100000 42803 3 3 42803
65174 5625 5 100000 64998 2 2 64997
53031 5625 5 100000 53019 1 1 53019
60987 5625 5 100000 60977 1 1 60977
47518 5625 5 100000 47335 2 2 47333
29436 5625 5 100000 29428 1 1 29427
38305 5625 5 100000 38301 1 1 38301
48693 5625 5 100000 48691 1 1 48691
37224 5625 5 100000 37138 3 3 37136
34597 5625 5 100000 34418 2 2 34417
43395 5625 5 100000 43039 3 3 43038
36744 5625 5 100000 36578 2 2 36577
30399 5625 5 100000 30396 1 1 30396
54469 5625 5 100000 54466 1 1 54466
56683 5625 5 100000 56514 2 2 56513
35489 5625 5 100000 35480 1 1 35480
40595 5625 5 100000 35254 2 3 35253
30017 5625 5 100000 30012 1 1 30012
41345 5625 5 100000 41338 1 1 41338
62414 5625 5 100000 62411 1 1 62411
31782 5625 5 100000 31780 1 1 31780
42351 5625 5 100000 42345 1 1 42345
55511 5625 5 100000 55507 1 1 55507
34305 5625 5 100000 34293 2 2 34293
30729 5625 5 100000 30722 1 1 30722
32811 5625 5 100000 32806 1 1 32806
36819 5625 5 100000 36808 1 1 36808
36229 5625 5 100000 36220 1 1 36220
45470 5625 5 100000 45262 2 2 45260
37846 5625 5 100000 37675 2 2 37674
31527 5625 5 100000 31524 1 1 31524
40897 5625 5 100000 40894 2 2 40894
50310 5625 5 100000 50306 1 1 50306
31378 5625 5 100000 31375 2 2 31375
30679 5625 5 100000 30677 1 1 30677
31615 5625 5 100000 31606 1 1 31606
52034 5625 5 100000 52029 1 1 52029
50402 5625 5 100000 50236 2 2 50235
56308 5625 5 100000 56298 1 1 56298
56916 5625 5 100000 56744 2 2 56742
35770 5625 5 100000 35767 1 1 35767
56800 5625 5 100000 56797 2 2 56797
42202 5625 5 100000 42192 1 1 42192
33235 5625 5 100000 33231 1 1 33231
36750 5625 5 100000 36658 3 3 36656
39836 5625 5 100000 39832 3 3 39832
34947 5625 5 100000 34941 1 1 34941
30775 5625 5 100000 30772 1 1 30772
55348 5625 5 100000 55343 1 1 55343
57593 5625 5 100000 57588 2 2 57588
30888 5625 5 100000 30886 2 2 30885
35147 5625 5 100000 35144 1 1 35144
33567 5625 5 100000 33564 1 1 33564
32981 5625 5 100000 32977 1 1 32977
55069 5625 5 100000 54967 3 3 54965
