37913 5625 5 100000 37905 1 1 37905
40532 5625 5 100000 40281 3 3 40280
51895 5625 5 100000 51723 2 2 51722
39170 5625 5 100000 39162 1 1 39162
32197 5625 5 100000 32191 2 2 32191
42463 5625 5 100000 42456 1 1 42455
40511 5625 5 100000 40502 1 1 40502
55656 5625 5 100000 55648 1 1 55648
62094 5625 5 100000 54229 2 3 54226
55601 5625 5 100000 55433 2 2 55431
42163 5625 5 100000 42157 1 1 42157
40328 5625 5 100000 40242 3 3 40240
27239 5625 5 100000 27235 1 1 27235
37711 5625 5 100000 37705 2 2 37705
30698 5625 5 100000 30691 1 1 30691
25711 5625 5 100000 25705 2 2 25704
30871 5625 5 100000 30828 4 4 30826
38171 5625 5 100000 38164 1 1 38164
43375 5625 5 100000 43363 1 1 43363
46441 5625 5 100000 46438 2 2 46438
33599 5625 5 100000 33592 1 1 33592
37418 5625 5 100000 37259 3 3 37257
35604 5625 5 100000 35511 2 2 35509
76350 5625 5 100000 76342 1 1 76342
52195 5625 5 100000 52182 3 3 52180
49725 5625 5 100000 49719 4 4 49718
76401 5625 5 100000 76392 2 2 76392
58726 5625 5 100000 58719 1 1 58719
46941 5625 5 100000 46765 2 2 46764
38616 5625 5 100000 38564 2 2 38564
38344 5625 5 100000 38337 1 1 38337
43667 5625 5 100000 43660 2 2 43660
53332 5625 5 100000 53159 2 2 53157
36390 5625 5 100000 36386 4 4 36386
31876 5625 5 100000 31872 2 2 31872
36468 5625 5 100000 36295 2 2 36294
58043 5625 5 100000 58037 1 1 58037
41998 5625 5 100000 41798 3 3 41797
43013 5625 5 100000 43005 1 1 43004
33364 5625 5 100000 33356 2 2 33356
34817 5625 5 100000 34809 4 4 34809
43280 5625 5 100000 43248 3 3 43246
33026 5625 5 100000 33012 4 4 33011
61070 5625 5 100000 61059 1 1 61059
43927 5625 5 100000 43924 1 1 43924
39319 5625 5 100000 39316 3 3 39316
40353 5625 5 100000 40339 1 1 40339
49160 5625 5 100000 49157 1 1 49157
41415 5625 5 100000 41406 1 1 41406
35925 5625 5 100000 35552 3 3 35550
29730 5625 5 100000 29721 1 1 29721
34929 5625 5 100000 34923 1 1 34923
54121 5625 5 100000 53950 2 2 53948
29226 5625 5 100000 29223 1 1 29223
32635 5625 5 100000 32631 1 1 32630
37867 5625 5 100000 37860 2 2 37860
32815 5625 5 100000 32641 3 3 32639
31100 5625 5 100000 31084 3 3 31083
35837 5625 5 100000 35831 1 1 35831
50557 5625 5 100000 50552 1 1 50552
42535 5625 5 100000 42528 1 1 42528
56732 5625 5 100000 56724 1 1 56724
36019 5625 5 100000 36015 1 1 36015
34919 5625 5 100000 34912 3 3 34912
54436 5625 5 100000 46170 2 3 46168
36937 5625 5 100000 36702 2 2 36701
52095 5625 5 100000 52092 1 1 52092
52334 5625 5 100000 52327 1 1 52327
37750 5625 5 100000 37742 2 2 37742
69785 5625 5 100000 69607 3 3 69605
35342 5625 5 100000 35331 3 3 35329
55389 5625 5 100000 55381 1 1 55381
38714 5625 5 100000 38709 1 1 38709
62429 5625 5 100000 62427 1 1 62427
35963 5625 5 100000 35961 1 1 35961
39118 5625 5 100000 39111 1 1 39111
60361 5625 5 100000 60186 2 2 60185
37668 5625 5 100000 37658 1 1 37658
35610 5625 5 100000 33935 4 4 33931
42711 5625 5 100000 42704 1 1 42703
31989 5625 5 100000 31961 3 3 31960
27685 5625 5 100000 27681 2 2 27681
43371 5625 5 100000 43186 2 2 43184
54973 5625 5 100000 54963 1 1 54963
37399 5625 5 100000 37390 1 1 37390
54575 5625 5 100000 54568 2 2 54568
37138 5625 5 100000 36878 3 3 36876
60827 5625 5 100000 60818 2 2 60817
53149 5625 5 100000 53139 1 1 53139
40608 5625 5 100000 40556 4 4 40555
27413 5625 5 100000 27409 1 1 27409
33502 5625 5 100000 33451 3 3 33449
58856 5625 5 100000 58687 2 2 58686
45014 5625 5 100000 45006 1 1 45006
46963 5625 5 100000 46956 1 1 46956
58886 5625 5 100000 58879 2 2 58879
32741 5625 5 100000 32733 4 4 32733
37442 5625 5 100000 37434 1 1 37434
41859 5625 5 100000 41853 2 2 41852
43786 5625 5 100000 43539 3 3 43537
38881 5625 5 100000 38709 3 3 38707
58951 5625 5 100000 58943 1 1 58943
54463 5625 5 100000 54456 1 1 54456
33289 5625 5 100000 33286 2 2 33286
42250 5625 5 100000 42244 1 1 42244
51421 5625 5 100000 51411 3 3 51410
44908 5625 5 100000 44900 1 1 44900
67827 5625 5 100000 67819 2 2 67819
41200 5625 5 100000 41101 2 2 41100
46113 5625 5 100000 46106 2 2 46106
40681 5625 5 100000 40673 1 1 40673
71010 5625 5 100000 71002 1 1 71002
43488 5625 5 100000 43478 1 1 43478
53443 5625 5 100000 53207 2 2 53204
58174 5625 5 100000 58168 1 1 58168
45200 5625 5 100000 45193 1 1 45193
69138 5625 5 100000 60074 2 3 60071
37002 5625 5 100000 36821 3 3 36820
49965 5625 5 100000 49950 5 5 49949
37236 5625 5 100000 37230 1 1 37230
43713 5625 5 100000 43705 2 2 43704
57859 5625 5 100000 57675 2 2 57673
53618 5625 5 100000 53442 2 2 53440
57225 5625 5 100000 57052 2 2 57050
38946 5625 5 100000 38939 1 1 38939
37428 5625 5 100000 37419 2 2 37419
34309 5625 5 100000 34051 3 3 34049
32896 5625 5 100000 32887 1 1 32887
67404 5625 5 100000 67397 1 1 67397
42989 5625 5 100000 42821 2 2 42820
36061 5625 5 100000 35896 2 2 35894
37552 5625 5 100000 37382 2 2 37380
48492 5625 5 100000 48479 1 1 48479
68191 5625 5 100000 68183 1 1 68183
38927 5625 5 100000 38673 3 3 38671
39949 5625 5 100000 39854 3 3 39852
44705 5625 5 100000 44442 3 3 44440
73183 5625 5 100000 73003 2 2 73002
36933 5625 5 100000 36928 1 1 36928
36057 5625 5 100000 36037 2 2 36035
58898 5625 5 100000 58891 1 1 58891
43994 5625 5 100000 43974 2 2 43972
78414 5625 5 100000 78411 1 1 78411
48243 5625 5 100000 48068 2 2 48066
28589 5625 5 100000 28580 1 1 28580
51371 5625 5 100000 51276 2 2 51275
35746 5625 5 100000 35571 2 2 35569
60933 5625 5 100000 60924 1 1 60924
33004 5625 5 100000 33001 1 1 33001
29085 5625 5 100000 29082 2 2 29082
42524 5625 5 100000 42522 1 1 42522
42792 5625 5 100000 42783 1 1 42783
46561 5625 5 100000 46388 3 3 46386
65255 5625 5 100000 65253 1 1 65253
38602 5625 5 100000 38429 2 2 38428
40359 5625 5 100000 40272 2 2 40271
30799 5625 5 100000 30794 2 2 30793
44168 5625 5 100000 43995 2 2 43994
37233 5625 5 100000 37225 1 1 37225
44632 5625 5 100000 44629 1 1 44629
30207 5625 5 100000 30201 1 1 30201
33263 5625 5 100000 33255 1 1 33255
56406 5625 5 100000 56399 1 1 56399
31487 5625 5 100000 31482 1 1 31482
42332 5625 5 100000 42324 1 1 42324
33355 5625 5 100000 33347 1 1 33346
38133 5625 5 100000 38122 3 3 38121
44735 5625 5 100000 44728 1 1 44727
47501 5625 5 100000 47491 1 1 47491
35768 5625 5 100000 35711 2 2 35710
38209 5625 5 100000 38201 1 1 38200
44550 5625 5 100000 44389 2 2 44386
37990 5625 5 100000 37982 2 2 37982
34549 5625 5 100000 34546 1 1 34546
48769 5625 5 100000 48761 1 1 48761
45374 5625 5 100000 45282 2 2 45279
28254 5625 5 100000 28248 2 2 28247
40130 5625 5 100000 40038 3 3 40036
40341 5625 5 100000 40334 2 2 40334
41222 5625 5 100000 41213 1 1 41213
39576 5625 5 100000 39478 2 2 39476
59731 5625 5 100000 59725 1 1 59725
36451 5625 5 100000 36446 1 1 36446
35990 5625 5 100000 35822 2 2 35820
37278 5625 5 100000 37270 2 2 37270
40523 5625 5 100000 40359 3 3 40358
59991 5625 5 100000 59981 2 2 59981
38866 5625 5 100000 38766 2 2 38764
40272 5625 5 100000 40262 1 1 40261
51226 5625 5 100000 51212 1 1 51212
37125 5625 5 100000 37117 1 1 37117
32757 5625 5 100000 32586 2 2 32585
59926 5625 5 100000 59916 1 1 59916
42285 5625 5 100000 42115 2 2 42111
35784 5625 5 100000 35780 2 2 35780
49112 5625 5 100000 48942 3 3 48940
28879 5625 5 100000 28870 1 1 28870
34770 5625 5 100000 34684 2 2 34682
34452 5625 5 100000 34445 1 1 34445
39570 5625 5 100000 39564 1 1 39564
32572 5625 5 100000 32561 1 2 32560
46980 5625 5 100000 46886 3 3 46884
39617 5625 5 100000 39611 1 1 39611
38053 5625 5 100000 38048 4 4 38048
32620 5625 5 100000 32613 2 2 32613
33798 5625 5 100000 33794 2 2 33794
46373 5625 5 100000 46205 2 2 46203
50919 5625 5 100000 50909 1 1 50909
31620 5625 5 100000 31610 1 1 31610
32283 5625 5 100000 32197 3 3 32196
48011 5625 5 100000 48002 2 2 48002
38517 5625 5 100000 38335 2 2 38333
33659 5625 5 100000 33481 3 3 33478
55797 5625 5 100000 55613 2 2 55612
45599 5625 5 100000 45499 2 2 45497
38438 5625 5 100000 38430 1 1 38430
36306 5625 5 100000 36123 3 3 36121
