51049 5625 5 100000 51039 4 4 51039
48379 5625 5 100000 48369 1 1 48369
34712 5625 5 100000 34704 2 2 34704
36663 5625 5 100000 36656 1 1 36656
50188 5625 5 100000 50010 2 2 50009
48145 5625 5 100000 47970 2 2 47968
45986 5625 5 100000 45804 3 3 45803
59938 5625 5 100000 59929 1 1 59929
44647 5625 5 100000 44638 2 2 44637
37366 5625 5 100000 37360 1 1 37360
35659 5625 5 100000 35653 1 1 35653
54895 5625 5 100000 54888 1 1 54888
38263 5625 5 100000 38259 1 1 38259
38284 5625 5 100000 38276 1 1 38276
56361 5625 5 100000 56354 1 1 56354
42377 5625 5 100000 42368 1 1 42368
51452 5625 5 100000 51445 1 1 51445
34036 5625 5 100000 34027 2 2 34027
59286 5625 5 100000 59278 1 1 59277
35156 5625 5 100000 35147 1 1 35147
41941 5625 5 100000 41930 1 1 41930
38619 5625 5 100000 38613 1 1 38613
35473 5625 5 100000 35418 2 2 35417
45761 5625 5 100000 45583 2 2 45581
35709 5625 5 100000 35697 1 1 35697
49263 5625 5 100000 49073 2 2 49071
34824 5625 5 100000 34817 2 2 34817
41841 5625 5 100000 41668 2 2 41667
28507 5625 5 100000 28499 1 1 28499
55290 5625 5 100000 55288 2 2 55288
56792 5625 5 100000 56615 2 2 56614
33421 5625 5 100000 33418 1 1 33418
38937 5625 5 100000 38933 1 1 38933
62189 5625 5 100000 62011 3 3 62010
40484 5625 5 100000 40473 1 1 40473
59015 5625 5 100000 59013 1 1 59013
36905 5625 5 100000 36736 2 2 36734
34507 5625 5 100000 34500 1 1 34500
32489 5625 5 100000 32481 1 1 32481
51129 5625 5 100000 51122 3 3 51121
35765 5625 5 100000 35752 1 1 35751
41954 5625 5 100000 41946 2 2 41946
37531 5625 5 100000 37526 1 1 37526
39324 5625 5 100000 39314 1 1 39313
44922 5625 5 100000 44913 2 2 44913
37235 5625 5 100000 37229 1 1 37229
38893 5625 5 100000 38887 1 1 38887
36571 5625 5 100000 36407 3 3 36406
51427 5625 5 100000 51421 1 1 51421
36266 5625 5 100000 36262 1 1 36262
54694 5625 5 100000 54687 1 1 54687
69947 5625 5 100000 69941 2 2 69940
35142 5625 5 100000 34961 2 2 34960
59013 5625 5 100000 58834 2 2 58833
35701 5625 5 100000 35694 1 1 35693
55987 5625 5 100000 55979 2 2 55979
33252 5625 5 100000 33247 2 2 33247
55030 5625 5 100000 55023 2 2 55023
55634 5625 5 100000 55631 1 1 55631
43860 5625 5 100000 43683 2 2 43681
34185 5625 5 100000 34180 1 1 34180
39138 5625 5 100000 39135 1 1 39135
30166 5625 5 100000 30158 4 4 30158
45979 5625 5 100000 45975 1 1 45975
46185 5625 5 100000 46177 2 2 46177
34428 5625 5 100000 34425 1 1 34425
38619 5625 5 100000 38610 1 1 38610
31787 5625 5 100000 31780 2 2 31780
61930 5625 5 100000 61757 2 2 61755
41157 5625 5 100000 40983 2 2 40981
46275 5625 5 100000 46272 1 1 46272
57139 5625 5 100000 56964 2 2 56962
39316 5625 5 100000 39307 1 1 39307
45630 5625 5 100000 45624 1 1 45624
38770 5625 5 100000 38765 1 1 38765
32104 5625 5 100000 32101 2 2 32101
41160 5625 5 100000 41152 1 1 41152
38614 5625 5 100000 38606 1 1 38606
56288 5625 5 100000 56112 2 2 56111
45612 5625 5 100000 45608 2 2 45608
32249 5625 5 100000 32243 1 1 32243
39346 5625 5 100000 39337 1 1 39337
39827 5625 5 100000 39645 2 2 39643
42818 5625 5 100000 42635 2 2 42633
50595 5625 5 100000 50217 4 4 50216
41047 5625 5 100000 40944 3 3 40943
54041 5625 5 100000 54034 1 1 54034
63836 5625 5 100000 63828 2 2 63828
47366 5625 5 100000 47187 2 2 47185
43007 5625 5 100000 42833 3 3 42832
44667 5625 5 100000 44660 1 1 44660
71642 5625 5 100000 71629 2 2 71629
69121 5625 5 100000 69111 2 2 69111
49813 5625 5 100000 39653 2 3 39650
39305 5625 5 100000 39297 1 1 39297
55308 5625 5 100000 55304 1 1 55304
38441 5625 5 100000 38433 1 1 38433
62575 5625 5 100000 62566 1 1 62566
67832 5625 5 100000 67825 1 1 67825
37233 5625 5 100000 37220 2 2 37218
36705 5625 5 100000 36698 1 1 36698
48410 5625 5 100000 48404 1 1 48403
67640 5625 5 100000 67632 1 1 67632
58574 5625 5 100000 58401 2 2 58400
35069 5625 5 100000 35060 2 2 35058
32193 5625 5 100000 32183 1 1 32183
42610 5625 5 100000 42514 3 3 42513
40080 5625 5 100000 40073 1 1 40073
47493 5625 5 100000 47311 2 2 47309
32185 5625 5 100000 32179 1 1 32178
37427 5625 5 100000 37424 1 1 37424
42938 5625 5 100000 42888 2 2 42886
32405 5625 5 100000 32398 1 1 32398
40656 5625 5 100000 40482 2 2 40480
38152 5625 5 100000 38144 1 1 38144
41396 5625 5 100000 41391 2 2 41391
48477 5625 5 100000 48469 1 1 48469
62796 5625 5 100000 62610 2 2 62608
63470 5625 5 100000 63463 1 1 63463
60445 5625 5 100000 60432 1 1 60431
36586 5625 5 100000 36583 1 1 36582
40308 5625 5 100000 40301 3 3 40300
64621 5625 5 100000 64442 2 2 64441
44038 5625 5 100000 43853 2 2 43852
74480 5625 5 100000 74474 2 2 74474
40699 5625 5 100000 40686 4 4 40686
40882 5625 5 100000 40707 2 2 40707
37083 5625 5 100000 37075 1 1 37075
37580 5625 5 100000 37571 1 1 37571
42924 5625 5 100000 42730 2 2 42728
38545 5625 5 100000 38533 2 2 38532
40832 5625 5 100000 40827 1 1 40827
30333 5625 5 100000 30329 1 1 30329
63657 5625 5 100000 63485 3 3 63482
31949 5625 5 100000 31936 2 2 31934
35406 5625 5 100000 35395 1 1 35395
34413 5625 5 100000 34409 1 1 34409
36798 5625 5 100000 36754 5 5 36754
41191 5625 5 100000 41183 2 2 41183
30482 5625 5 100000 30474 1 1 30474
52270 5625 5 100000 52263 1 1 52263
36668 5625 5 100000 36249 4 4 36248
30458 5625 5 100000 30452 1 1 30452
37074 5625 5 100000 37066 1 1 37066
35332 5625 5 100000 35323 1 1 35323
29499 5625 5 100000 29491 2 2 29491
31109 5625 5 100000 31101 1 1 31101
26650 5625 5 100000 26648 1 1 26648
38111 5625 5 100000 38108 1 1 38108
29716 5625 5 100000 29708 1 1 29708
51127 5625 5 100000 50774 2 2 50772
43443 5625 5 100000 43439 4 4 43439
36864 5625 5 100000 36693 1 1 36691
29947 5625 5 100000 29921 2 2 29920
36395 5625 5 100000 36301 2 2 36299
50426 5625 5 100000 50419 2 2 50418
28612 5625 5 100000 28604 2 2 28604
34005 5625 5 100000 33996 1 1 33996
34334 5625 5 100000 34322 1 1 34320
54133 5625 5 100000 54124 2 2 54124
36683 5625 5 100000 36678 2 2 36678
41996 5625 5 100000 41992 2 2 41992
51232 5625 5 100000 51226 2 2 51225
35608 5625 5 100000 35598 1 1 35598
41484 5625 5 100000 41309 2 2 41307
43348 5625 5 100000 43342 1 1 43341
40773 5625 5 100000 40770 2 2 40770
36377 5625 5 100000 36373 1 1 36373
25903 5625 5 100000 25896 1 1 25895
33320 5625 5 100000 33316 1 1 33316
56724 5625 5 100000 56547 3 3 56545
26913 5625 5 100000 26910 1 1 26910
37241 5625 5 100000 36694 2 2 36692
40971 5625 5 100000 40954 2 2 40954
34910 5625 5 100000 34901 2 2 34901
40593 5625 5 100000 40585 1 1 40585
40876 5625 5 100000 40872 1 1 40872
33273 5625 5 100000 33269 2 2 33269
46003 5625 5 100000 45994 2 2 45994
35448 5625 5 100000 35199 1 1 35198
30925 5625 5 100000 30921 1 1 30921
32580 5625 5 100000 32573 3 3 32573
41401 5625 5 100000 41206 1 1 41204
30806 5625 5 100000 30642 2 2 30640
40273 5625 5 100000 40264 2 2 40264
66426 5625 5 100000 66422 2 2 66422
42012 5625 5 100000 42005 3 3 42004
35000 5625 5 100000 34996 2 2 34996
30389 5625 5 100000 30379 1 1 30379
40183 5625 5 100000 40017 2 2 40015
34556 5625 5 100000 34550 1 1 34550
31051 5625 5 100000 30889 2 2 30888
33046 5625 5 100000 33031 1 1 33030
36691 5625 5 100000 36684 3 3 36684
29370 5625 5 100000 29362 1 1 29362
33245 5625 5 100000 33237 1 1 33237
38473 5625 5 100000 38419 2 2 38417
45679 5625 5 100000 45510 1 1 45508
34958 5625 5 100000 34948 2 2 34948
55761 5625 5 100000 55757 2 2 55757
35924 5625 5 100000 35918 1 1 35918
38059 5625 5 100000 38051 2 2 38051
35108 5625 5 100000 35105 1 1 35105
50875 5625 5 100000 50868 1 1 50868
35841 5625 5 100000 35678 1 1 35676
54751 5625 5 100000 54744 1 1 54744
51925 5625 5 100000 51759 2 2 51757
32960 5625 5 100000 32952 1 1 32951
36788 5625 5 100000 36781 2 2 36781
36536 5625 5 100000 36532 1 1 36532
32543 5625 5 100000 32535 1 1 32535
53606 5625 5 100000 53599 1 1 53599
40605 5625 5 100000 40597 1 1 40597
32595 5625 5 100000 32586 2 2 32586
38444 5625 5 100000 38277 1 1 38275
45073 5625 5 100000 44902 2 2 44900
42164 5625 5 100000 42154 2 2 42153
46020 5625 5 100000 46011 2 2 46011
