38023 6400 5 100000 38014 3 3 38014
24898 6400 5 100000 24895 2 2 24895
40179 6400 5 100000 40171 1 1 40171
39986 6400 5 100000 39670 2 2 39668
36773 6400 5 100000 36770 1 1 36770
42732 6400 5 100000 42722 3 3 42722
34874 6400 5 100000 34864 3 3 34863
40389 6400 5 100000 40380 1 1 40380
39406 6400 5 100000 39397 1 1 39397
57375 6400 5 100000 57367 1 1 57367
48773 6400 5 100000 48763 1 1 48763
34495 6400 5 100000 34480 3 3 34478
31120 6400 5 100000 31117 2 2 31117
42414 6400 5 100000 42407 1 1 42407
34838 6400 5 100000 34744 2 2 34742
34658 6400 5 100000 34655 1 1 34655
37517 6400 5 100000 37514 1 1 37514
41532 6400 5 100000 41523 2 2 41522
55304 6400 5 100000 55296 1 1 55296
37955 6400 5 100000 37948 1 1 37948
40001 6400 5 100000 39818 2 2 39816
30821 6400 5 100000 30815 1 1 30815
38487 6400 5 100000 38481 2 2 38481
67891 6400 5 100000 67881 1 1 67881
62056 6400 5 100000 61566 2 2 61564
35431 6400 5 100000 35425 1 1 35425
62647 6400 5 100000 62311 2 2 62309
39037 6400 5 100000 39033 1 1 39033
60357 6400 5 100000 60348 1 1 60347
43181 6400 5 100000 43174 1 1 43174
30787 6400 5 100000 30780 1 1 30780
41197 6400 5 100000 41194 1 1 41194
48576 6400 5 100000 48565 2 2 48563
68997 6400 5 100000 68995 2 2 68995
41361 6400 5 100000 41351 2 2 41351
56445 6400 5 100000 56437 1 1 56437
43615 6400 5 100000 43611 2 2 43611
49178 6400 5 100000 48694 3 3 48693
39217 6400 5 100000 39209 2 2 39209
30328 6400 5 100000 30236 3 3 30234
36329 6400 5 100000 36322 1 1 36322
37847 6400 5 100000 37838 1 1 37838
64798 6400 5 100000 64455 3 3 64454
40337 6400 5 100000 40322 1 1 40322
40186 6400 5 100000 40177 1 1 40177
44043 6400 5 100000 43711 2 2 43709
61499 6400 5 100000 61496 1 1 61496
37622 6400 5 100000 37617 1 1 37617
58365 6400 5 100000 58042 3 3 58040
40696 6400 5 100000 40686 2 2 40686
38162 6400 5 100000 38153 2 2 38152
59920 6400 5 100000 59918 1 1 59918
48425 6400 5 100000 48417 2 2 48417
39294 6400 5 100000 39282 1 1 39282
52621 6400 5 100000 52614 1 1 52614
37598 6400 5 100000 37591 1 1 37591
59619 6400 5 100000 59609 2 2 59609
43923 6400 5 100000 43920 2 2 43920
46186 6400 5 100000 45864 2 2 45863
39177 6400 5 100000 39169 1 1 39169
52398 6400 5 100000 52395 1 1 52395
64661 6400 5 100000 64657 1 1 64657
46911 6400 5 100000 46904 1 1 46904
35697 6400 5 100000 35692 1 1 35692
44547 6400 5 100000 44539 1 1 44539
44400 6400 5 100000 44392 1 1 44392
36221 6400 5 100000 36217 4 4 36217
41893 6400 5 100000 41167 4 4 41165
43783 6400 5 100000 43776 1 1 43775
40487 6400 5 100000 40479 2 2 40479
38144 6400 5 100000 38137 1 1 38137
35872 6400 5 100000 35818 3 3 35817
52390 6400 5 100000 52381 2 2 52381
41608 6400 5 100000 41599 1 1 41599
40423 6400 5 100000 40419 1 1 40419
46536 6400 5 100000 46203 2 2 46201
62268 6400 5 100000 62264 1 1 62264
51037 6400 5 100000 51029 1 1 51028
73441 6400 5 100000 73093 4 4 73091
51246 6400 5 100000 51239 1 1 51238
31928 6400 5 100000 31753 2 2 31751
45644 6400 5 100000 45632 2 2 45630
27202 6400 5 100000 27193 2 2 27192
37497 6400 5 100000 37158 3 3 37156
36332 6400 5 100000 36328 1 1 36328
36747 6400 5 100000 36742 2 2 36742
40672 6400 5 100000 40479 2 2 40477
36356 6400 5 100000 36347 1 1 36347
58553 6400 5 100000 58544 1 1 58544
59376 6400 5 100000 59023 2 2 59021
32486 6400 5 100000 32480 1 1 32479
40347 6400 5 100000 40342 2 2 40342
58627 6400 5 100000 58624 1 1 58624
48053 6400 5 100000 48044 1 1 48044
41698 6400 5 100000 41690 2 2 41690
44319 6400 5 100000 44311 1 1 44310
62596 6400 5 100000 62594 1 1 62594
36332 6400 5 100000 36329 1 1 36329
59559 6400 5 100000 59554 1 1 59554
48249 6400 5 100000 48242 1 1 48240
66536 6400 5 100000 66528 2 2 66528
45391 6400 5 100000 45386 1 1 45386
42590 6400 5 100000 42587 1 1 42587
47725 6400 5 100000 47164 1 1 47161
47872 6400 5 100000 47529 2 2 47526
62832 6400 5 100000 62499 3 3 62498
36136 6400 5 100000 36132 2 2 36132
39394 6400 5 100000 39386 1 1 39386
40736 6400 5 100000 40734 1 1 40734
39032 6400 5 100000 39025 2 2 39025
36425 6400 5 100000 36417 4 4 36417
43451 6400 5 100000 43118 2 2 43116
45514 6400 5 100000 45505 2 2 45505
46538 6400 5 100000 46152 1 1 46149
46247 6400 5 100000 45495 2 2 45493
36891 6400 5 100000 36886 3 3 36886
30861 6400 5 100000 30852 1 1 30852
46104 6400 5 100000 45752 1 1 45750
39482 6400 5 100000 39303 2 2 39302
61912 6400 5 100000 61910 2 2 61910
38102 6400 5 100000 38094 1 1 38094
61072 6400 5 100000 61064 1 1 61064
70665 6400 5 100000 70657 1 1 70657
44015 6400 5 100000 44009 1 1 44009
53774 6400 5 100000 53766 1 1 53766
52704 6400 5 100000 52697 1 1 52695
60421 6400 5 100000 60415 1 1 60415
61869 6400 5 100000 61541 3 3 61539
35278 6400 5 100000 35275 1 1 35275
65473 6400 5 100000 65468 2 2 65468
36193 6400 5 100000 36162 1 1 36161
44178 6400 5 100000 43842 1 1 43840
37410 6400 5 100000 37075 2 2 37074
43334 6400 5 100000 43332 2 2 43332
40604 6400 5 100000 40602 3 3 40602
43501 6400 5 100000 43493 1 1 43493
39271 6400 5 100000 39267 2 2 39266
43010 6400 5 100000 43006 1 1 43006
44550 6400 5 100000 44543 1 1 44543
45949 6400 5 100000 45946 1 1 45946
34695 6400 5 100000 34684 1 1 34682
45765 6400 5 100000 45756 2 2 45756
30056 6400 5 100000 29911 2 2 29909
67299 6400 5 100000 66948 3 3 66946
31843 6400 5 100000 31838 3 3 31838
42885 6400 5 100000 42878 2 2 42877
58418 6400 5 100000 58409 1 1 58409
62941 6400 5 100000 62933 2 2 62933
34216 6400 5 100000 34210 1 1 34210
47854 6400 5 100000 47480 1 1 47479
37324 6400 5 100000 37318 2 2 37318
51291 6400 5 100000 50953 3 3 50952
42124 6400 5 100000 42113 1 1 42112
41055 6400 5 100000 41048 2 2 41048
55059 6400 5 100000 55055 2 2 55055
52206 6400 5 100000 52199 4 4 52199
42988 6400 5 100000 42646 1 1 42644
42947 6400 5 100000 42939 2 2 42939
36062 6400 5 100000 36053 2 2 36053
42809 6400 5 100000 42405 2 2 42403
32538 6400 5 100000 32534 2 2 32534
41242 6400 5 100000 41208 5 5 41206
74585 6400 5 100000 74248 1 1 74246
51311 6400 5 100000 51306 2 2 51306
48918 6400 5 100000 48911 3 3 48911
59730 6400 5 100000 59389 1 1 59388
39767 6400 5 100000 39758 2 2 39758
49102 6400 5 100000 49090 2 2 49090
57595 6400 5 100000 57591 1 1 57591
34764 6400 5 100000 34755 1 1 34755
54043 6400 5 100000 54033 1 1 54033
43774 6400 5 100000 43772 1 1 43772
43501 6400 5 100000 43165 2 2 43164
35824 6400 5 100000 35820 1 1 35820
45320 6400 5 100000 44985 2 2 44983
36816 6400 5 100000 36808 1 1 36808
36361 6400 5 100000 36358 2 2 36358
35765 6400 5 100000 35760 1 1 35760
35890 6400 5 100000 35552 2 2 35550
58481 6400 5 100000 58479 1 1 58479
36034 6400 5 100000 36030 2 2 36030
36028 6400 5 100000 36021 1 1 36021
54805 6400 5 100000 54796 1 1 54796
46326 6400 5 100000 46320 1 1 46320
27486 6400 5 100000 27478 1 1 27477
35723 6400 5 100000 35548 1 1 35547
68297 6400 5 100000 68289 2 2 68289
47826 6400 5 100000 47819 4 4 47819
33877 6400 5 100000 33872 1 1 33872
40133 6400 5 100000 40127 1 1 40126
42009 6400 5 100000 42004 1 1 42004
47583 6400 5 100000 47246 3 3 47244
45866 6400 5 100000 45860 1 1 45860
46817 6400 5 100000 46810 2 2 46810
65934 6400 5 100000 65924 2 2 65924
61159 6400 5 100000 61149 2 2 61149
46296 6400 5 100000 40351 1 1 40350
31146 6400 5 100000 31137 1 1 31137
30758 6400 5 100000 30753 3 3 30753
44372 6400 5 100000 44363 1 1 44363
39263 6400 5 100000 39256 1 1 39256
60346 6400 5 100000 60342 3 3 60342
30471 6400 5 100000 30133 1 1 30131
39567 6400 5 100000 39562 2 2 39562
49869 6400 5 100000 49860 2 2 49860
41080 6400 5 100000 40748 1 1 40747
35952 6400 5 100000 35943 2 2 35943
64741 6400 5 100000 64731 2 2 64731
41614 6400 5 100000 41605 1 1 41605
64838 6400 5 100000 64481 1 1 64479
67748 6400 5 100000 67738 2 2 67738
43963 6400 5 100000 43952 2 2 43952
41508 6400 5 100000 41496 1 1 41496
50034 6400 5 100000 50025 1 1 50025
43224 6400 5 100000 43218 1 1 43218
45329 6400 5 100000 45271 1 1 45269
41062 6400 5 100000 41058 2 2 41058
39617 6400 5 100000 39137 2 2 39135
50098 6400 5 100000 50082 1 1 50080
36514 6400 5 100000 36505 2 2 36505
44256 6400 5 100000 44252 2 2 44252
41334 6400 5 100000 40992 1 1 40990
51327 6400 5 100000 51319 1 1 51319
54548 6400 5 100000 54540 3 3 54540
35284 6400 5 100000 35280 1 1 35280
