44440 6400 5 100000 44432 1 1 44432
92671 6400 5 100000 92329 2 2 92328
37013 6400 5 100000 36684 2 2 36682
48395 6400 5 100000 48387 1 1 48387
42387 6400 5 100000 42381 2 2 42381
48611 6400 5 100000 48516 3 3 48515
59116 6400 5 100000 59112 1 1 59112
41251 6400 5 100000 40919 3 3 40917
43784 6400 5 100000 43782 2 2 43782
62968 6400 5 100000 62959 1 1 62959
62409 6400 5 100000 62084 2 2 62082
35213 6400 5 100000 35206 1 1 35206
41581 6400 5 100000 41569 2 3 41567
46329 6400 5 100000 46239 2 2 46238
43010 6400 5 100000 42680 2 2 42679
54238 6400 5 100000 38557 3 3 38553
45007 6400 5 100000 44999 2 2 44999
39564 6400 5 100000 39554 1 1 39554
50903 6400 5 100000 50558 3 3 50556
42761 6400 5 100000 42752 1 1 42752
45109 6400 5 100000 45106 1 1 45106
35090 6400 5 100000 35084 3 3 35084
44623 6400 5 100000 44618 2 2 44618
36552 6400 5 100000 36548 2 2 36548
70468 6400 5 100000 70460 1 1 70460
41141 6400 5 100000 39310 2 2 39307
32739 6400 5 100000 32732 2 2 32732
48778 6400 5 100000 48457 2 2 48455
59573 6400 5 100000 59570 1 1 59570
56750 6400 5 100000 56427 3 3 56425
43759 6400 5 100000 43756 2 2 43756
37484 6400 5 100000 37470 3 3 37469
43505 6400 5 100000 43497 2 2 43496
65603 6400 5 100000 41966 3 4 41963
71643 6400 5 100000 71635 1 1 71635
58320 6400 5 100000 58310 1 1 58310
40383 6400 5 100000 40372 1 1 40372
48283 6400 5 100000 48102 2 2 48100
42133 6400 5 100000 42126 2 2 42126
39033 6400 5 100000 39030 2 2 39030
42726 6400 5 100000 42391 2 2 42390
64926 6400 5 100000 64921 1 1 64921
39533 6400 5 100000 39523 1 1 39523
37864 6400 5 100000 37856 1 1 37855
47069 6400 5 100000 47065 1 1 47065
45468 6400 5 100000 45460 1 1 45460
61889 6400 5 100000 61886 2 2 61886
51725 6400 5 100000 51231 4 4 51229
36411 6400 5 100000 36398 1 1 36398
65178 6400 5 100000 65171 1 1 65171
52754 6400 5 100000 52747 2 2 52747
38088 6400 5 100000 38081 1 1 38081
38922 6400 5 100000 38918 3 3 38918
54221 6400 5 100000 54214 1 1 54214
32251 6400 5 100000 32246 2 2 32246
40656 6400 5 100000 40650 1 1 40650
44690 6400 5 100000 44685 1 1 44685
42447 6400 5 100000 42441 1 1 42441
42413 6400 5 100000 42408 1 1 42408
46709 6400 5 100000 46705 1 1 46705
43310 6400 5 100000 43127 2 2 43125
41467 6400 5 100000 41462 2 2 41462
58135 6400 5 100000 57784 3 3 57782
43010 6400 5 100000 42675 2 2 42674
36791 6400 5 100000 36305 2 2 36303
40497 6400 5 100000 40490 2 2 40490
44077 6400 5 100000 44070 1 1 44070
37076 6400 5 100000 37072 1 1 37072
32132 6400 5 100000 32124 1 1 32124
37911 6400 5 100000 37568 2 2 37567
61640 6400 5 100000 61632 2 2 61632
32567 6400 5 100000 32558 1 1 32558
38312 6400 5 100000 38294 2 2 38293
43904 6400 5 100000 43898 1 1 43897
39705 6400 5 100000 39375 3 3 39373
43778 6400 5 100000 43772 1 1 43772
42371 6400 5 100000 42365 1 1 42365
47369 6400 5 100000 47361 2 2 47361
42619 6400 5 100000 42613 2 2 42612
30823 6400 5 100000 30814 1 1 30814
40830 6400 5 100000 40822 1 1 40822
62485 6400 5 100000 62133 3 3 62131
44001 6400 5 100000 43994 2 2 43994
42168 6400 5 100000 41827 2 2 41826
33801 6400 5 100000 33791 2 2 33789
50148 6400 5 100000 49815 2 2 49814
54993 6400 5 100000 54989 1 1 54988
37766 6400 5 100000 37757 2 2 37757
60522 6400 5 100000 60517 1 1 60516
48494 6400 5 100000 48486 1 1 48486
44009 6400 5 100000 43998 1 1 43998
38318 6400 5 100000 37240 3 3 37239
62115 6400 5 100000 61777 3 3 61775
32322 6400 5 100000 31988 2 2 31986
50370 6400 5 100000 50363 1 1 50363
34473 6400 5 100000 34467 1 1 34467
41845 6400 5 100000 41838 1 1 41838
64595 6400 5 100000 64239 2 2 64236
51036 6400 5 100000 50699 2 2 50697
40098 6400 5 100000 40089 2 2 40089
34848 6400 5 100000 34843 2 2 34843
67314 6400 5 100000 67307 1 1 67306
51254 6400 5 100000 51247 1 1 51246
65890 6400 5 100000 65883 1 1 65883
46277 6400 5 100000 46269 1 1 46269
36576 6400 5 100000 36568 2 2 36568
42173 6400 5 100000 41836 3 3 41834
53215 6400 5 100000 52868 2 2 52866
34427 6400 5 100000 34420 1 1 34420
41673 6400 5 100000 41670 1 1 41670
43453 6400 5 100000 43445 1 1 43445
48611 6400 5 100000 48425 4 4 48423
41765 6400 5 100000 41762 1 1 41762
42302 6400 5 100000 42294 1 1 42294
41686 6400 5 100000 41507 2 2 41506
36665 6400 5 100000 36661 1 1 36661
48785 6400 5 100000 48781 1 1 48781
46723 6400 5 100000 46718 1 1 46718
37315 6400 5 100000 37135 2 2 37133
43414 6400 5 100000 43233 2 2 43232
38940 6400 5 100000 38597 4 4 38595
39487 6400 5 100000 39390 3 3 39388
42936 6400 5 100000 42924 2 2 42922
32984 6400 5 100000 32973 3 3 32972
35070 6400 5 100000 35064 2 2 35064
65411 6400 5 100000 65403 1 1 65403
43081 6400 5 100000 43072 1 1 43072
44680 6400 5 100000 44676 1 1 44676
38462 6400 5 100000 38365 3 3 38363
38288 6400 5 100000 37942 2 2 37941
35047 6400 5 100000 35038 1 1 35038
44818 6400 5 100000 44806 4 4 44804
46973 6400 5 100000 46793 2 2 46792
25244 6400 5 100000 25241 1 1 25241
65006 6400 5 100000 65000 2 2 65000
36317 6400 5 100000 35978 2 2 35976
43607 6400 5 100000 43601 1 1 43601
40786 6400 5 100000 40783 1 1 40783
36728 6400 5 100000 36720 1 1 36720
32275 6400 5 100000 31938 1 1 31936
69673 6400 5 100000 69669 2 2 69669
42860 6400 5 100000 42855 1 1 42855
42071 6400 5 100000 42066 1 1 42066
37495 6400 5 100000 37490 1 1 37489
39832 6400 5 100000 39828 1 1 39828
58268 6400 5 100000 57911 1 1 57909
63850 6400 5 100000 63845 2 2 63845
50176 6400 5 100000 50174 1 1 50174
43101 6400 5 100000 42753 2 2 42751
49723 6400 5 100000 49715 3 3 49715
41827 6400 5 100000 41823 1 1 41823
37538 6400 5 100000 37531 1 1 37531
66081 6400 5 100000 65741 2 2 65739
36125 6400 5 100000 36117 2 2 36117
42343 6400 5 100000 42339 1 1 42339
51269 6400 5 100000 51260 1 1 51260
45294 6400 5 100000 45286 1 1 45286
36564 6400 5 100000 36558 1 1 36558
38023 6400 5 100000 38012 1 1 38012
38904 6400 5 100000 38901 2 2 38901
46609 6400 5 100000 46606 1 1 46606
64980 6400 5 100000 64971 2 2 64970
47398 6400 5 100000 47389 1 1 47389
32172 6400 5 100000 32165 1 1 32165
61921 6400 5 100000 61916 2 2 61916
45328 6400 5 100000 45320 2 2 45320
71555 6400 5 100000 71221 1 1 71219
37216 6400 5 100000 37209 2 2 37209
54017 6400 5 100000 53678 1 1 53677
40817 6400 5 100000 40473 2 2 40471
61171 6400 5 100000 60850 3 3 60848
37260 6400 5 100000 37255 2 2 37255
47218 6400 5 100000 47195 1 1 47193
42659 6400 5 100000 42314 2 2 42313
45065 6400 5 100000 45060 2 2 45060
36259 6400 5 100000 36254 1 1 36254
42914 6400 5 100000 42905 1 1 42905
40426 6400 5 100000 40417 4 4 40417
31468 6400 5 100000 31415 1 1 31414
36914 6400 5 100000 36570 3 3 36568
39282 6400 5 100000 39280 3 3 39280
61088 6400 5 100000 37110 2 2 37106
53510 6400 5 100000 53502 2 3 53502
76786 6400 5 100000 76782 2 2 76781
44312 6400 5 100000 44303 1 1 44303
74875 6400 5 100000 74514 1 1 74512
39334 6400 5 100000 39323 2 2 39323
51901 6400 5 100000 51897 1 1 51897
45294 6400 5 100000 45290 1 1 45290
42313 6400 5 100000 42309 3 3 42309
38844 6400 5 100000 38836 1 1 38836
33788 6400 5 100000 33783 1 1 33783
43039 6400 5 100000 43031 3 3 43031
38521 6400 5 100000 38426 2 2 38424
40876 6400 5 100000 40870 1 1 40870
33024 6400 5 100000 33021 2 2 33020
49155 6400 5 100000 49152 1 1 49152
63812 6400 5 100000 63464 1 1 63462
37603 6400 5 100000 37597 1 1 37597
40546 6400 5 100000 40542 2 2 40542
39845 6400 5 100000 39493 1 1 39491
63547 6400 5 100000 63539 1 1 63539
43761 6400 5 100000 43751 2 2 43751
37208 6400 5 100000 37201 1 1 37201
49435 6400 5 100000 49423 2 2 49423
45317 6400 5 100000 45300 2 2 45298
41514 6400 5 100000 41502 1 1 41502
48634 6400 5 100000 48622 3 3 48622
45595 6400 5 100000 45587 2 2 45587
70357 6400 5 100000 70354 1 1 70354
43521 6400 5 100000 43512 1 1 43512
59856 6400 5 100000 59845 1 1 59845
71092 6400 5 100000 71084 1 1 71084
80246 6400 5 100000 79848 1 1 79846
38782 6400 5 100000 38676 1 1 38674
47141 6400 5 100000 46594 2 2 46592
41757 6400 5 100000 41752 5 5 41752
