40195 6400 5 100000 40182 1 1 40182
30967 6400 5 100000 30962 2 2 30961
38972 6400 5 100000 38964 1 1 38964
44830 6400 5 100000 44826 1 1 44826
33764 6400 5 100000 33756 1 1 33756
33210 6400 5 100000 33205 1 1 33205
66359 6400 5 100000 66351 1 1 66351
41065 6400 5 100000 41057 1 1 41057
60981 6400 5 100000 60971 1 1 60971
40927 6400 5 100000 40919 2 2 40919
48101 6400 5 100000 48094 1 1 48094
61623 6400 5 100000 61617 1 1 61616
64443 6400 5 100000 64435 1 1 64435
43602 6400 5 100000 42923 4 4 42922
41365 6400 5 100000 41360 2 2 41360
37261 6400 5 100000 37257 1 1 37257
48731 6400 5 100000 48200 3 3 48199
57486 6400 5 100000 57481 2 2 57481
40420 6400 5 100000 40414 1 1 40414
54481 6400 5 100000 54474 1 1 54474
40933 6400 5 100000 40925 1 1 40925
43191 6400 5 100000 43010 3 3 43008
55639 6400 5 100000 55633 1 1 55633
45540 6400 5 100000 45355 2 2 45354
46336 6400 5 100000 46322 1 1 46322
40187 6400 5 100000 40004 3 3 40002
30662 6400 5 100000 30654 1 1 30654
38275 6400 5 100000 37935 2 2 37933
39600 6400 5 100000 39593 1 1 39593
40648 6400 5 100000 40639 1 1 40639
56272 6400 5 100000 56267 1 1 56267
41614 6400 5 100000 41612 1 1 41612
40513 6400 5 100000 40508 1 1 40508
39824 6400 5 100000 39815 1 1 39815
41676 6400 5 100000 41656 2 2 41655
39712 6400 5 100000 39705 1 1 39705
34625 6400 5 100000 34617 1 1 34617
50822 6400 5 100000 50813 1 1 50813
60692 6400 5 100000 60685 1 1 60685
48864 6400 5 100000 48853 2 2 48853
55872 6400 5 100000 55862 2 2 55862
43620 6400 5 100000 43611 2 2 43611
43498 6400 5 100000 43489 1 1 43489
36501 6400 5 100000 36498 1 1 36498
43370 6400 5 100000 43367 1 1 43366
46414 6400 5 100000 46406 1 1 46406
39752 6400 5 100000 39750 1 1 39750
44108 6400 5 100000 43774 2 2 43773
57556 6400 5 100000 57223 2 2 57222
64265 6400 5 100000 63931 2 2 63928
39053 6400 5 100000 39046 1 1 39046
35674 6400 5 100000 35670 1 1 35670
43389 6400 5 100000 43384 1 1 43384
62879 6400 5 100000 62872 1 1 62872
42733 6400 5 100000 42551 3 3 42549
43329 6400 5 100000 42989 2 2 42986
38328 6400 5 100000 37983 2 2 37981
57346 6400 5 100000 57001 2 2 56999
36553 6400 5 100000 36059 4 4 36057
41778 6400 5 100000 41765 4 4 41763
30676 6400 5 100000 30670 1 1 30670
55684 6400 5 100000 55347 2 2 55345
67397 6400 5 100000 67389 1 1 67389
31169 6400 5 100000 31162 1 1 31162
36337 6400 5 100000 36330 1 1 36330
34518 6400 5 100000 34515 1 1 34515
40189 6400 5 100000 40182 1 1 40182
44258 6400 5 100000 44249 3 3 44249
44860 6400 5 100000 44673 2 2 44672
41055 6400 5 100000 41048 1 1 41048
66895 6400 5 100000 66556 3 3 66554
38088 6400 5 100000 38076 2 2 38073
38517 6400 5 100000 38513 1 1 38513
44820 6400 5 100000 44815 1 1 44815
36420 6400 5 100000 36415 1 1 36415
53659 6400 5 100000 53321 2 2 53319
34046 6400 5 100000 34039 1 1 34039
63912 6400 5 100000 63903 1 1 63903
33685 6400 5 100000 33681 1 1 33681
52064 6400 5 100000 52056 2 2 52056
38373 6400 5 100000 38364 1 1 38364
52284 6400 5 100000 52281 1 1 52281
45322 6400 5 100000 44987 2 2 44985
51037 6400 5 100000 51030 2 2 51030
47224 6400 5 100000 47115 2 2 47114
32936 6400 5 100000 32928 1 1 32928
33766 6400 5 100000 33761 1 1 33761
56452 6400 5 100000 56443 1 1 56443
63837 6400 5 100000 63830 1 1 63830
65432 6400 5 100000 65097 2 2 65095
43900 6400 5 100000 43891 1 1 43891
41044 6400 5 100000 41035 4 4 41035
46827 6400 5 100000 46820 1 1 46820
41845 6400 5 100000 33349 3 3 33346
40375 6400 5 100000 40197 2 2 40195
55610 6400 5 100000 55605 1 1 55605
38639 6400 5 100000 38632 2 2 38632
37043 6400 5 100000 37038 2 2 37038
70479 6400 5 100000 44669 2 3 44666
44422 6400 5 100000 44417 2 2 44417
48103 6400 5 100000 48095 1 1 48095
40613 6400 5 100000 40607 3 3 40607
42143 6400 5 100000 41800 2 2 41798
43494 6400 5 100000 43485 1 1 43485
39689 6400 5 100000 39682 1 1 39681
38763 6400 5 100000 38758 1 1 38758
42833 6400 5 100000 42479 2 2 42477
52785 6400 5 100000 52448 3 3 52447
63271 6400 5 100000 63268 1 1 63268
58949 6400 5 100000 58946 1 1 58946
41012 6400 5 100000 41005 2 2 41005
46956 6400 5 100000 46949 1 1 46949
61000 6400 5 100000 60992 2 2 60991
49935 6400 5 100000 49453 1 1 49451
37090 6400 5 100000 37083 3 3 37083
37847 6400 5 100000 37842 1 1 37840
57752 6400 5 100000 57744 2 2 57744
44846 6400 5 100000 44841 1 1 44841
34986 6400 5 100000 34979 1 1 34979
44828 6400 5 100000 44825 2 2 44825
42157 6400 5 100000 42153 1 1 42153
33459 6400 5 100000 33455 1 1 33455
67726 6400 5 100000 67718 1 1 67718
60789 6400 5 100000 60778 1 1 60778
43694 6400 5 100000 43678 1 1 43677
36002 6400 5 100000 35656 1 1 35651
41201 6400 5 100000 41194 2 2 41194
35239 6400 5 100000 34900 1 1 34898
38935 6400 5 100000 38448 4 4 38446
40134 6400 5 100000 40126 3 3 40126
39360 6400 5 100000 39352 1 1 39352
41532 6400 5 100000 41524 1 1 41524
39976 6400 5 100000 39968 1 1 39968
48351 6400 5 100000 48343 1 1 48343
45147 6400 5 100000 45139 1 1 45139
62555 6400 5 100000 62546 1 1 62546
46639 6400 5 100000 46636 1 1 46636
40907 6400 5 100000 40896 2 2 40896
55882 6400 5 100000 55868 2 2 55866
33258 6400 5 100000 32907 3 3 32905
42691 6400 5 100000 42679 2 2 42679
53064 6400 5 100000 52733 1 1 52732
46603 6400 5 100000 46595 3 3 46595
39780 6400 5 100000 39776 2 2 39776
44649 6400 5 100000 44641 1 1 44641
44300 6400 5 100000 44291 1 1 44291
72812 6400 5 100000 72805 2 2 72805
44085 6400 5 100000 44081 1 1 44080
40685 6400 5 100000 40665 1 1 40663
72121 6400 5 100000 72115 3 3 72115
44815 6400 5 100000 44808 1 1 44808
60415 6400 5 100000 59969 1 1 59967
38440 6400 5 100000 38432 2 2 38432
65282 6400 5 100000 64924 2 2 64922
43328 6400 5 100000 43321 3 3 43321
42964 6400 5 100000 42955 1 1 42955
39801 6400 5 100000 39793 1 1 39793
36287 6400 5 100000 36280 1 1 36280
54319 6400 5 100000 53984 1 1 53982
29770 6400 5 100000 29762 2 2 29762
41923 6400 5 100000 41915 1 1 41915
53676 6400 5 100000 53670 1 1 53670
37658 6400 5 100000 37651 1 1 37651
37970 6400 5 100000 37956 1 1 37954
76150 6400 5 100000 75802 3 3 75800
57414 6400 5 100000 57406 2 2 57405
34221 6400 5 100000 34217 1 1 34217
67910 6400 5 100000 67907 1 1 67907
49715 6400 5 100000 49711 1 1 49711
41271 6400 5 100000 41267 3 3 41267
47576 6400 5 100000 39289 1 1 39284
47960 6400 5 100000 47946 3 4 47946
44582 6400 5 100000 44572 1 1 44572
40183 6400 5 100000 40172 1 1 40172
46388 6400 5 100000 46379 2 2 46379
40218 6400 5 100000 40216 1 1 40216
49035 6400 5 100000 49030 2 2 49030
41151 6400 5 100000 41143 2 2 41143
45105 6400 5 100000 45098 1 1 45098
42853 6400 5 100000 42849 1 1 42849
40714 6400 5 100000 40236 2 2 40235
36919 6400 5 100000 36726 4 4 36724
43773 6400 5 100000 43765 2 2 43765
70001 6400 5 100000 69990 1 1 69990
55842 6400 5 100000 55459 1 1 55455
40828 6400 5 100000 40816 2 2 40816
31450 6400 5 100000 31444 1 1 31444
60940 6400 5 100000 60933 4 4 60933
45389 6400 5 100000 45379 1 1 45379
48226 6400 5 100000 48219 1 1 48218
67574 6400 5 100000 67561 2 2 67561
39136 6400 5 100000 39126 1 1 39125
45521 6400 5 100000 45161 1 1 45159
40465 6400 5 100000 40452 2 2 40452
49793 6400 5 100000 49184 1 1 49182
61276 6400 5 100000 61274 2 2 61274
46427 6400 5 100000 46087 1 1 46083
36503 6400 5 100000 36490 2 2 36490
49259 6400 5 100000 49251 1 1 49251
42272 6400 5 100000 41912 1 1 41909
54300 6400 5 100000 54291 2 2 54291
69374 6400 5 100000 69369 1 1 69369
51507 6400 5 100000 51497 1 1 51497
42067 6400 5 100000 42062 3 3 42061
41590 6400 5 100000 41586 4 4 41586
59439 6400 5 100000 59430 2 2 59430
48051 6400 5 100000 47626 1 1 47624
47192 6400 5 100000 46634 2 2 46632
48175 6400 5 100000 48166 3 3 48166
39529 6400 5 100000 39518 1 1 39518
45076 6400 5 100000 45064 1 1 45064
64416 6400 5 100000 64406 1 1 64406
43548 6400 5 100000 43542 1 1 43542
70533 6400 5 100000 70529 2 2 70529
42166 6400 5 100000 42160 3 3 42160
63486 6400 5 100000 63475 1 1 63475
38150 6400 5 100000 38143 1 1 38143
48526 6400 5 100000 48523 3 3 48523
65292 6400 5 100000 65282 1 1 65282
73870 6400 5 100000 73514 1 1 73512
56492 6400 5 100000 56481 3 3 56481
39603 6400 5 100000 39594 2 2 39594
49870 6400 5 100000 49860 1 1 49860
79794 6400 5 100000 47745 3 3 47741
70293 6400 5 100000 69730 3 4 69728
90922 6400 5 100000 90917 3 3 90917
