59133 6400 5 100000 59127 1 1 59127
65702 6400 5 100000 65697 2 2 65697
51518 6400 5 100000 51516 1 1 51516
41701 6400 5 100000 41350 2 2 41349
60263 6400 5 100000 60260 1 1 60260
41956 6400 5 100000 41950 1 1 41950
39400 6400 5 100000 39387 2 2 39386
61936 6400 5 100000 61576 2 2 61575
89981 6400 5 100000 89624 2 2 89622
42329 6400 5 100000 42320 2 2 42320
45224 6400 5 100000 45215 1 1 45215
35360 6400 5 100000 35352 3 3 35352
29183 6400 5 100000 29175 2 2 29175
44832 6400 5 100000 44475 2 2 44473
36994 6400 5 100000 36987 2 2 36987
33343 6400 5 100000 33338 1 1 33338
46219 6400 5 100000 46215 2 2 46214
67097 6400 5 100000 67088 1 1 67088
47296 6400 5 100000 47292 1 1 47292
44215 6400 5 100000 44212 2 2 44212
37454 6400 5 100000 37448 1 1 37448
30831 6400 5 100000 30823 2 2 30823
38298 6400 5 100000 38290 1 1 38289
63822 6400 5 100000 63814 1 1 63814
63106 6400 5 100000 62772 3 3 62771
42486 6400 5 100000 42480 2 2 42480
38175 6400 5 100000 37999 3 3 37997
41811 6400 5 100000 41800 1 1 41800
67398 6400 5 100000 67394 1 1 67394
30907 6400 5 100000 30904 1 1 30903
48666 6400 5 100000 48485 3 3 48483
37295 6400 5 100000 37288 3 3 37286
60081 6400 5 100000 59748 2 2 59746
46462 6400 5 100000 46452 1 1 46452
62890 6400 5 100000 62281 2 2 62279
41176 6400 5 100000 40830 2 2 40828
33413 6400 5 100000 33409 2 2 33409
40159 6400 5 100000 40154 1 1 40154
45009 6400 5 100000 45001 1 1 45001
64051 6400 5 100000 63685 3 3 63683
44662 6400 5 100000 44659 1 1 44659
24646 6400 5 100000 24642 1 1 24642
62045 6400 5 100000 61710 2 2 61708
37016 6400 5 100000 37010 1 1 37010
44765 6400 5 100000 44762 1 1 44762
57087 6400 5 100000 57077 2 2 57077
35873 6400 5 100000 35870 1 1 35870
37523 6400 5 100000 37516 3 3 37516
64021 6400 5 100000 64017 1 1 64017
30466 6400 5 100000 30448 2 2 30448
35449 6400 5 100000 35439 3 3 35438
43929 6400 5 100000 43593 2 2 43592
37368 6400 5 100000 37364 1 1 37364
36285 6400 5 100000 36280 1 1 36280
39911 6400 5 100000 39904 1 1 39904
55443 6400 5 100000 55437 1 1 55437
32901 6400 5 100000 32893 1 1 32893
39292 6400 5 100000 39281 3 3 39279
29850 6400 5 100000 29508 3 3 29506
59513 6400 5 100000 59122 2 2 59120
61420 6400 5 100000 61082 2 2 61080
45140 6400 5 100000 45101 5 5 45099
42514 6400 5 100000 42511 1 1 42511
49416 6400 5 100000 49412 1 1 49411
38131 6400 5 100000 38126 1 1 38126
37934 6400 5 100000 37603 3 3 37602
44758 6400 5 100000 44748 2 2 44746
36920 6400 5 100000 36913 4 4 36912
56838 6400 5 100000 56836 1 1 56836
57773 6400 5 100000 57427 3 3 57426
31640 6400 5 100000 31631 1 1 31631
43902 6400 5 100000 43900 1 1 43900
34861 6400 5 100000 34856 1 1 34856
42332 6400 5 100000 42323 2 2 42323
43666 6400 5 100000 43658 1 1 43657
62580 6400 5 100000 62577 1 1 62577
43251 6400 5 100000 43248 1 1 43248
48131 6400 5 100000 47789 2 2 47787
46134 6400 5 100000 46127 1 1 46126
43651 6400 5 100000 43645 1 1 43645
40057 6400 5 100000 40048 1 1 40048
40759 6400 5 100000 40755 2 2 40755
52278 6400 5 100000 52271 2 2 52271
45748 6400 5 100000 45740 1 1 45740
37586 6400 5 100000 37578 2 2 37578
65685 6400 5 100000 65677 1 1 65677
51500 6400 5 100000 51159 2 2 51158
40916 6400 5 100000 40838 1 1 40838
41851 6400 5 100000 41846 1 1 41846
47043 6400 5 100000 47036 1 1 47036
35836 6400 5 100000 35774 2 2 35773
45590 6400 5 100000 45581 1 1 45581
37273 6400 5 100000 37269 2 2 37269
52362 6400 5 100000 52028 3 3 52027
37248 6400 5 100000 37241 1 1 37241
51767 6400 5 100000 51763 1 1 51763
33503 6400 5 100000 33496 1 1 33496
40842 6400 5 100000 40834 2 2 40834
64911 6400 5 100000 64902 1 1 64902
49599 6400 5 100000 49589 3 3 49589
47774 6400 5 100000 47770 1 1 47770
63446 6400 5 100000 63105 2 2 63103
42927 6400 5 100000 42918 1 1 42918
37854 6400 5 100000 37846 3 3 37844
42535 6400 5 100000 42204 2 2 42202
48050 6400 5 100000 48045 1 1 48045
42385 6400 5 100000 42375 1 1 42375
41690 6400 5 100000 41353 2 2 41352
37670 6400 5 100000 37666 2 2 37666
53379 6400 5 100000 53046 2 2 53045
39805 6400 5 100000 39798 1 1 39798
43655 6400 5 100000 43646 1 1 43645
55229 6400 5 100000 55225 1 1 55225
48726 6400 5 100000 48721 1 1 48721
43829 6400 5 100000 43496 2 2 43494
51123 6400 5 100000 50770 2 2 50767
35088 6400 5 100000 35079 1 1 35079
54327 6400 5 100000 54320 1 1 54320
54965 6400 5 100000 54958 2 2 54958
41164 6400 5 100000 41152 2 2 41151
31576 6400 5 100000 31563 2 2 31563
52204 6400 5 100000 52199 2 2 52199
46176 6400 5 100000 46168 1 1 46168
51732 6400 5 100000 51725 4 4 51725
40898 6400 5 100000 40890 3 3 40889
35343 6400 5 100000 35334 1 1 35333
35237 6400 5 100000 35230 1 1 35230
39451 6400 5 100000 39442 2 2 39442
48928 6400 5 100000 48593 2 2 48593
57792 6400 5 100000 57790 2 2 57789
68608 6400 5 100000 68278 2 2 68275
42364 6400 5 100000 42357 1 1 42357
41064 6400 5 100000 41056 1 1 41056
43112 6400 5 100000 43108 1 1 43108
38254 6400 5 100000 38244 2 2 38243
39020 6400 5 100000 39015 2 2 39015
48888 6400 5 100000 48881 1 1 48880
38974 6400 5 100000 38635 2 2 38635
74528 6400 5 100000 74522 1 1 74522
39603 6400 5 100000 39597 1 1 39597
53165 6400 5 100000 53155 1 1 53155
45313 6400 5 100000 44966 3 3 44964
70804 6400 5 100000 70793 2 2 70793
40242 6400 5 100000 40238 4 4 40238
65869 6400 5 100000 65861 1 1 65861
43257 6400 5 100000 43249 1 1 43248
68674 6400 5 100000 68664 1 1 68664
56136 6400 5 100000 56127 1 1 56127
60047 6400 5 100000 60040 2 2 60040
54205 6400 5 100000 54194 1 1 54194
34809 6400 5 100000 34801 1 1 34801
54084 6400 5 100000 53675 3 3 53673
40557 6400 5 100000 40138 5 5 40136
46477 6400 5 100000 46469 2 2 46469
43931 6400 5 100000 43608 3 3 43607
34935 6400 5 100000 34924 2 2 34924
74023 6400 5 100000 49260 2 3 49254
46723 6400 5 100000 46716 3 3 46716
42081 6400 5 100000 42072 1 1 42072
50866 6400 5 100000 50860 1 1 50860
42549 6400 5 100000 42543 1 1 42543
70323 6400 5 100000 70315 1 1 70315
37221 6400 5 100000 37213 1 1 37212
52550 6400 5 100000 52199 3 3 52198
81478 6400 5 100000 81475 1 1 81475
33638 6400 5 100000 33629 4 4 33627
46227 6400 5 100000 46218 1 1 46217
47169 6400 5 100000 47160 1 1 47159
37857 6400 5 100000 37852 1 1 37852
35780 6400 5 100000 35772 1 1 35772
41644 6400 5 100000 41302 2 2 41299
51409 6400 5 100000 51404 3 3 51402
44489 6400 5 100000 44479 2 2 44479
50893 6400 5 100000 50886 2 2 50886
41757 6400 5 100000 41750 1 1 41750
54585 6400 5 100000 54198 2 2 54195
55314 6400 5 100000 54915 2 2 54913
82856 6400 5 100000 82482 2 2 82480
58308 6400 5 100000 58304 1 1 58304
51342 6400 5 100000 51338 3 3 51338
42339 6400 5 100000 42329 1 1 42328
47637 6400 5 100000 47633 1 1 47633
46832 6400 5 100000 46823 1 1 46823
35808 6400 5 100000 35618 2 2 35617
54598 6400 5 100000 54588 1 1 54587
40915 6400 5 100000 40533 2 2 40531
42534 6400 5 100000 42526 1 1 42526
58339 6400 5 100000 57848 3 3 57847
66083 6400 5 100000 66078 1 1 66078
37355 6400 5 100000 37350 1 1 37350
33938 6400 5 100000 33927 2 2 33927
65822 6400 5 100000 65452 3 3 65450
46249 6400 5 100000 46244 2 2 46244
59658 6400 5 100000 59645 1 1 59644
45660 6400 5 100000 45647 3 3 45647
61072 6400 5 100000 61061 1 1 61061
50649 6400 5 100000 50643 1 1 50643
43828 6400 5 100000 43454 4 4 43453
85573 6400 5 100000 85186 2 2 85184
49443 6400 5 100000 49436 1 1 49436
72608 6400 5 100000 72598 2 2 72598
41142 6400 5 100000 40764 2 2 40762
45178 6400 5 100000 45166 1 1 45165
55908 6400 5 100000 55548 3 3 55547
34070 6400 5 100000 34065 1 1 34065
44229 6400 5 100000 44220 2 2 44220
58470 6400 5 100000 58277 3 3 58276
41015 6400 5 100000 40831 3 3 40830
44552 6400 5 100000 44549 1 1 44549
51704 6400 5 100000 51697 1 1 51696
72495 6400 5 100000 72485 1 1 72485
43356 6400 5 100000 43349 1 1 43349
62448 6400 5 100000 62091 3 3 62090
44818 6400 5 100000 44809 1 1 44808
41558 6400 5 100000 41554 1 1 41554
44078 6400 5 100000 44073 1 1 44073
57854 6400 5 100000 57363 2 2 57361
38502 6400 5 100000 38148 2 2 38146
49015 6400 5 100000 49006 2 2 49006
71199 6400 5 100000 68476 2 2 68475
38345 6400 5 100000 38338 1 1 38338
55752 6400 5 100000 55740 1 1 55740
59682 6400 5 100000 59324 2 2 59323
