58802 7225 5 100000 58022 3 3 58019
82367 7225 5 100000 82360 1 1 82360
57158 7225 5 100000 57149 2 2 57149
63361 7225 5 100000 62680 2 2 62677
53407 7225 5 100000 52727 3 3 52726
47570 7225 5 100000 47563 1 1 47563
75066 7225 5 100000 75058 1 1 75058
48213 7225 5 100000 48208 1 1 48208
37227 7225 5 100000 36862 2 2 36859
66834 7225 5 100000 66831 2 2 66831
78976 7225 5 100000 78268 2 2 78266
49201 7225 5 100000 48485 3 3 48483
75033 7225 5 100000 75027 2 2 75027
39005 7225 5 100000 38996 1 1 38996
44133 7225 5 100000 44123 2 2 44123
72180 7225 5 100000 72177 1 1 72177
50466 7225 5 100000 50459 2 2 50459
46527 7225 5 100000 45847 2 2 45845
50071 7225 5 100000 49706 2 2 49704
44878 7225 5 100000 44871 2 2 44871
52321 7225 5 100000 51482 2 2 51480
59489 7225 5 100000 58792 2 2 58790
73105 7225 5 100000 72300 2 2 72298
71714 7225 5 100000 71705 1 1 71705
43605 7225 5 100000 43595 1 1 43595
55688 7225 5 100000 55680 1 1 55680
77824 7225 5 100000 77814 1 1 77814
47194 7225 5 100000 47184 1 1 47184
83978 7225 5 100000 83271 2 2 83269
44541 7225 5 100000 44534 3 3 44534
56921 7225 5 100000 56900 1 1 56900
128005 7225 5 100000 43302 3 4 43300
59612 7225 5 100000 59602 2 2 59602
53379 7225 5 100000 53369 1 1 53368
81986 7225 5 100000 81973 1 1 81973
61755 7225 5 100000 61746 1 1 61746
39576 7225 5 100000 39567 4 4 39566
47070 7225 5 100000 47048 2 2 47046
55206 7225 5 100000 55198 1 1 55198
45286 7225 5 100000 44916 2 2 44913
56750 7225 5 100000 56061 2 2 56060
50724 7225 5 100000 50714 2 2 50714
54386 7225 5 100000 54377 1 1 54377
71760 7225 5 100000 71466 1 1 71466
64705 7225 5 100000 63947 3 3 63945
50021 7225 5 100000 50014 2 2 50014
63918 7225 5 100000 63908 2 2 63908
63367 7225 5 100000 62601 2 2 62598
57182 7225 5 100000 57173 2 2 57173
59319 7225 5 100000 59311 1 1 59311
66267 7225 5 100000 62529 2 2 62527
46181 7225 5 100000 45398 2 2 45395
41536 7225 5 100000 41529 1 1 41529
46372 7225 5 100000 46358 2 2 46356
50535 7225 5 100000 50526 1 1 50526
41950 7225 5 100000 41940 1 1 41940
55298 7225 5 100000 55290 1 1 55290
46207 7225 5 100000 46198 1 1 46198
35216 7225 5 100000 35207 1 1 35207
42772 7225 5 100000 42761 1 1 42761
54437 7225 5 100000 54428 1 1 54427
51827 7225 5 100000 50256 3 3 50253
45686 7225 5 100000 45679 2 2 45679
54031 7225 5 100000 53650 2 2 53648
43769 7225 5 100000 43031 2 2 43028
49225 7225 5 100000 49216 4 4 49216
47716 7225 5 100000 46998 2 2 46996
53486 7225 5 100000 53480 1 1 53480
43547 7225 5 100000 42730 2 2 42728
58322 7225 5 100000 57650 2 2 57647
44200 7225 5 100000 44193 1 1 44193
42213 7225 5 100000 42203 1 1 42203
46565 7225 5 100000 45894 2 2 45893
71626 7225 5 100000 71616 1 1 71616
54131 7225 5 100000 53439 2 2 53437
45139 7225 5 100000 45135 1 1 45135
58380 7225 5 100000 58372 1 1 58372
72692 7225 5 100000 72023 3 3 72021
54235 7225 5 100000 54230 1 1 54230
45549 7225 5 100000 45541 3 3 45540
50126 7225 5 100000 50119 1 1 50119
32798 7225 5 100000 32444 3 3 32442
40972 7225 5 100000 40965 1 1 40965
38953 7225 5 100000 38946 2 2 38946
59874 7225 5 100000 59187 2 2 59185
74208 7225 5 100000 74203 2 2 74203
50257 7225 5 100000 50252 1 1 50252
67698 7225 5 100000 67030 2 2 67029
41718 7225 5 100000 41709 1 1 41709
43954 7225 5 100000 43945 1 1 43945
54727 7225 5 100000 54719 1 1 54719
50192 7225 5 100000 50182 1 1 50182
69716 7225 5 100000 69708 1 1 69707
40673 7225 5 100000 40326 2 2 40325
70139 7225 5 100000 70135 2 2 70135
64196 7225 5 100000 63527 2 2 63525
38467 7225 5 100000 38463 1 1 38463
48253 7225 5 100000 48245 1 1 48245
47527 7225 5 100000 47523 1 1 47523
44104 7225 5 100000 44095 1 1 44094
35508 7225 5 100000 35505 1 1 35505
48974 7225 5 100000 48968 1 1 48968
48691 7225 5 100000 47969 2 2 47966
42434 7225 5 100000 42431 1 1 42431
64236 7225 5 100000 64228 1 1 64228
39615 7225 5 100000 38929 2 2 38927
72090 7225 5 100000 72083 1 1 72083
39130 7225 5 100000 39120 2 2 39119
49773 7225 5 100000 49765 1 1 49765
47692 7225 5 100000 47684 1 1 47684
60791 7225 5 100000 60782 2 2 60782
50877 7225 5 100000 50213 1 1 50211
40181 7225 5 100000 40173 2 2 40173
49807 7225 5 100000 49788 1 1 49786
66551 7225 5 100000 65862 5 5 65861
35059 7225 5 100000 35050 2 2 35050
67559 7225 5 100000 67552 1 1 67552
48223 7225 5 100000 47554 1 1 47552
44396 7225 5 100000 44391 2 2 44391
45210 7225 5 100000 45207 2 2 45207
53077 7225 5 100000 52396 1 1 52395
45419 7225 5 100000 45410 2 2 45410
39924 7225 5 100000 39919 1 1 39919
74794 7225 5 100000 74786 1 1 74786
69637 7225 5 100000 69628 1 1 69628
50278 7225 5 100000 50267 1 1 50266
50125 7225 5 100000 49145 1 1 49144
39184 7225 5 100000 39179 3 3 39179
47973 7225 5 100000 47967 1 1 47967
78138 7225 5 100000 78130 1 1 78130
53953 7225 5 100000 53945 1 1 53945
55211 7225 5 100000 54869 1 1 54868
41668 7225 5 100000 41659 2 2 41659
49712 7225 5 100000 49022 1 1 49020
43020 7225 5 100000 43006 2 2 43004
72699 7225 5 100000 72694 2 2 72694
38165 7225 5 100000 38157 1 1 38157
52853 7225 5 100000 52845 1 1 52845
42421 7225 5 100000 42064 1 1 42062
49217 7225 5 100000 49209 3 3 49209
43261 7225 5 100000 42595 1 1 42594
48117 7225 5 100000 48114 2 2 48114
48992 7225 5 100000 48987 3 3 48987
48023 7225 5 100000 48015 1 1 48015
34987 7225 5 100000 34979 1 1 34979
67172 7225 5 100000 67163 2 2 67163
50974 7225 5 100000 50966 2 2 50966
42175 7225 5 100000 41817 2 2 41816
52101 7225 5 100000 52091 4 4 52091
41298 7225 5 100000 41289 1 1 41289
43053 7225 5 100000 42698 4 4 42696
40364 7225 5 100000 40360 2 2 40360
71575 7225 5 100000 71570 1 1 71570
57492 7225 5 100000 57485 1 1 57485
50579 7225 5 100000 49909 1 1 49908
41352 7225 5 100000 41344 3 3 41344
70978 7225 5 100000 70969 1 1 70969
42713 7225 5 100000 42708 2 2 42708
48778 7225 5 100000 48770 1 1 48769
38574 7225 5 100000 38569 3 3 38569
43853 7225 5 100000 43844 1 1 43844
43875 7225 5 100000 43866 1 1 43866
35560 7225 5 100000 35553 1 1 35553
40968 7225 5 100000 40960 1 1 40960
54715 7225 5 100000 54707 1 1 54705
55039 7225 5 100000 55035 4 4 55035
42073 7225 5 100000 42067 1 1 42067
50049 7225 5 100000 50047 1 1 50047
56502 7225 5 100000 55838 2 2 55837
44456 7225 5 100000 44449 3 3 44449
52212 7225 5 100000 52209 1 1 52209
72559 7225 5 100000 71863 2 2 71861
39156 7225 5 100000 39152 3 3 39151
67988 7225 5 100000 67312 1 1 67311
45533 7225 5 100000 45522 3 3 45522
66344 7225 5 100000 66335 1 1 66335
48773 7225 5 100000 48768 1 1 48768
51271 7225 5 100000 51263 1 1 51263
42253 7225 5 100000 42244 1 1 42244
57025 7225 5 100000 57022 1 1 57022
63264 7225 5 100000 63255 1 1 63255
47985 7225 5 100000 46949 1 1 46945
76616 7225 5 100000 76612 3 3 76612
75623 7225 5 100000 74853 1 1 74851
44224 7225 5 100000 44215 2 2 44215
47373 7225 5 100000 47365 1 1 47365
49611 7225 5 100000 49604 3 3 49604
45288 7225 5 100000 45278 1 1 45278
44171 7225 5 100000 44167 2 2 44167
44105 7225 5 100000 44098 2 2 44098
54064 7225 5 100000 54054 1 1 54054
63950 7225 5 100000 63942 1 1 63942
57580 7225 5 100000 57566 1 1 57563
46128 7225 5 100000 46109 2 2 46106
54509 7225 5 100000 54502 2 2 54502
57973 7225 5 100000 57966 2 2 57966
41026 7225 5 100000 40825 1 1 40822
57174 7225 5 100000 57168 2 2 57168
105447 7225 5 100000 105438 2 2 105438
48682 7225 5 100000 48677 1 1 48677
95305 7225 5 100000 95295 2 2 95295
40231 7225 5 100000 40222 2 2 40222
48526 7225 5 100000 48519 2 2 48519
58951 7225 5 100000 58945 1 1 58944
74001 7225 5 100000 73994 3 3 73994
52531 7225 5 100000 52519 1 1 52518
69317 7225 5 100000 69312 2 2 69312
83243 7225 5 100000 81342 1 1 81339
86125 7225 5 100000 86118 3 3 86118
77581 7225 5 100000 77574 1 1 77574
51820 7225 5 100000 51811 1 1 51811
103650 7225 5 100000 102728 1 1 102726
