47932 7225 5 100000 47922 2 2 47922
75443 7225 5 100000 75434 1 1 75434
50777 7225 5 100000 50769 1 1 50769
56975 7225 5 100000 56284 3 3 56282
44472 7225 5 100000 44461 2 2 44461
78224 7225 5 100000 78216 1 1 78216
42427 7225 5 100000 42422 1 1 42422
54337 7225 5 100000 54326 1 1 54326
63673 7225 5 100000 62784 2 2 62782
57991 7225 5 100000 57986 1 1 57986
54739 7225 5 100000 54731 2 2 54731
45938 7225 5 100000 45929 4 4 45927
83791 7225 5 100000 83784 1 1 83784
94683 7225 5 100000 94671 1 1 94671
73567 7225 5 100000 72766 2 2 72763
54244 7225 5 100000 54232 1 1 54232
59893 7225 5 100000 59889 2 2 59889
45516 7225 5 100000 45510 1 1 45510
54067 7225 5 100000 54058 3 3 54058
46745 7225 5 100000 46735 2 2 46735
77962 7225 5 100000 77238 3 3 77236
42598 7225 5 100000 42589 2 2 42588
84111 7225 5 100000 84099 1 1 84099
62462 7225 5 100000 62452 1 1 62452
44890 7225 5 100000 44882 4 4 44881
48738 7225 5 100000 48724 1 1 48724
34038 7225 5 100000 34033 2 2 34033
75549 7225 5 100000 74867 2 2 74865
39599 7225 5 100000 39589 2 2 39589
44960 7225 5 100000 44950 1 1 44950
65931 7225 5 100000 65923 1 1 65923
53170 7225 5 100000 53167 1 1 53167
49201 7225 5 100000 49195 2 2 49195
64186 7225 5 100000 64171 2 2 64171
81648 7225 5 100000 80433 2 2 80431
51203 7225 5 100000 51195 1 1 51195
57843 7225 5 100000 57835 1 1 57835
62910 7225 5 100000 62906 1 1 62906
47554 7225 5 100000 47346 3 3 47345
50410 7225 5 100000 50402 1 1 50402
49128 7225 5 100000 49124 1 1 49124
47961 7225 5 100000 47950 1 1 47950
48796 7225 5 100000 48793 2 2 48793
57855 7225 5 100000 57847 1 1 57847
67087 7225 5 100000 66364 2 2 66362
76194 7225 5 100000 75447 2 2 75444
53883 7225 5 100000 52848 3 3 52846
53599 7225 5 100000 53591 1 1 53591
39273 7225 5 100000 39258 5 5 39257
51024 7225 5 100000 51014 1 1 51014
57218 7225 5 100000 57016 2 2 57015
49568 7225 5 100000 48854 2 2 48852
58542 7225 5 100000 57789 3 3 57787
49827 7225 5 100000 49818 1 1 49818
78184 7225 5 100000 77501 2 2 77499
42764 7225 5 100000 42665 2 2 42664
47698 7225 5 100000 47690 1 1 47690
48104 7225 5 100000 48094 1 1 48094
41031 7225 5 100000 40363 2 2 40362
39039 7225 5 100000 39037 8 8 39037
58629 7225 5 100000 58620 1 1 58620
77230 7225 5 100000 77211 1 1 77211
41924 7225 5 100000 41916 1 1 41916
42218 7225 5 100000 42210 1 1 42210
63957 7225 5 100000 63951 2 2 63951
43239 7225 5 100000 43234 2 2 43234
56607 7225 5 100000 55919 2 2 55917
36817 7225 5 100000 36712 2 2 36710
66547 7225 5 100000 65885 2 2 65883
46078 7225 5 100000 46069 1 1 46069
60076 7225 5 100000 60067 1 1 60067
52416 7225 5 100000 52410 1 1 52410
71985 7225 5 100000 71974 1 1 71974
40810 7225 5 100000 40805 1 1 40805
52663 7225 5 100000 52660 2 2 52660
43141 7225 5 100000 43135 1 1 43135
47472 7225 5 100000 47463 1 1 47463
52336 7225 5 100000 51643 1 1 51642
45119 7225 5 100000 45111 3 3 45111
54305 7225 5 100000 54296 1 1 54296
35742 7225 5 100000 34718 1 1 34717
57793 7225 5 100000 57787 3 3 57787
44541 7225 5 100000 44533 2 2 44533
47538 7225 5 100000 47531 2 2 47531
57184 7225 5 100000 57176 1 1 57176
72424 7225 5 100000 72415 1 1 72415
50835 7225 5 100000 49987 1 1 49985
34803 7225 5 100000 34796 3 3 34796
56440 7225 5 100000 56428 1 1 56428
40082 7225 5 100000 40067 1 1 40065
37176 7225 5 100000 37165 2 2 37165
60880 7225 5 100000 59911 7 7 59909
42724 7225 5 100000 42719 3 3 42719
47879 7225 5 100000 47871 1 1 47870
40184 7225 5 100000 40179 1 1 40179
61109 7225 5 100000 61101 1 1 61101
50558 7225 5 100000 50548 1 1 50548
65230 7225 5 100000 65222 1 1 65222
41411 7225 5 100000 41404 1 1 41403
46557 7225 5 100000 46553 1 1 46553
33847 7225 5 100000 33842 1 1 33842
44299 7225 5 100000 44288 1 1 44288
64533 7225 5 100000 63855 1 1 63853
55439 7225 5 100000 55431 2 2 55431
50546 7225 5 100000 49881 1 1 49879
45492 7225 5 100000 45489 2 2 45489
44589 7225 5 100000 44576 2 2 44573
70396 7225 5 100000 70389 3 3 70389
46028 7225 5 100000 45354 1 1 45352
52873 7225 5 100000 52864 2 2 52864
49574 7225 5 100000 49566 1 1 49566
44281 7225 5 100000 44276 2 2 44276
53222 7225 5 100000 52553 2 2 52552
43209 7225 5 100000 43199 3 3 43199
50263 7225 5 100000 49901 2 2 49900
70895 7225 5 100000 70027 2 2 70025
43739 7225 5 100000 43081 2 2 43079
49218 7225 5 100000 49209 2 2 49209
41160 7225 5 100000 40498 1 1 40497
59960 7225 5 100000 59616 3 3 59615
56033 7225 5 100000 56026 2 2 56026
49218 7225 5 100000 49211 3 3 49210
51461 7225 5 100000 51453 2 2 51452
54147 7225 5 100000 54141 1 1 54141
44319 7225 5 100000 44311 2 2 44311
61881 7225 5 100000 61875 1 1 61875
48978 7225 5 100000 48971 1 1 48971
66947 7225 5 100000 66213 1 1 66211
49796 7225 5 100000 49791 2 2 49791
38803 7225 5 100000 38136 1 1 38135
77542 7225 5 100000 77538 2 2 77538
47898 7225 5 100000 47890 1 1 47890
69261 7225 5 100000 69257 1 1 69257
53773 7225 5 100000 53767 1 1 53767
61530 7225 5 100000 60757 3 3 60754
44772 7225 5 100000 44583 2 2 44581
45427 7225 5 100000 45418 2 2 45418
69660 7225 5 100000 69652 2 2 69651
50744 7225 5 100000 50737 1 1 50737
41304 7225 5 100000 41296 1 1 41296
40996 7225 5 100000 40339 2 2 40337
47952 7225 5 100000 47602 2 2 47601
45034 7225 5 100000 44368 3 3 44366
51224 7225 5 100000 51221 3 3 51221
49155 7225 5 100000 49152 1 1 49152
37024 7225 5 100000 37015 1 1 37015
43793 7225 5 100000 43773 1 1 43771
51409 7225 5 100000 51401 2 2 51401
54885 7225 5 100000 54880 1 1 54880
50254 7225 5 100000 50250 2 2 50249
44500 7225 5 100000 44497 4 4 44497
61243 7225 5 100000 61238 1 1 61238
42986 7225 5 100000 42978 1 1 42978
52684 7225 5 100000 52676 1 1 52676
68180 7225 5 100000 67519 1 1 67517
43205 7225 5 100000 43183 3 3 43181
63515 7225 5 100000 62838 3 3 62837
46604 7225 5 100000 46599 2 2 46599
72890 7225 5 100000 72883 2 2 72883
74154 7225 5 100000 74147 1 1 74147
83687 7225 5 100000 83679 1 1 83679
55726 7225 5 100000 55033 1 1 55031
54752 7225 5 100000 54747 3 3 54747
84358 7225 5 100000 84352 3 3 84352
47396 7225 5 100000 47392 1 1 47391
45451 7225 5 100000 45447 1 1 45447
39220 7225 5 100000 39209 2 2 39209
50000 7225 5 100000 49993 1 1 49993
85426 7225 5 100000 85416 1 1 85416
70415 7225 5 100000 69715 1 1 69712
51972 7225 5 100000 51962 2 2 51962
77681 7225 5 100000 77668 1 1 77667
82113 7225 5 100000 82103 2 2 82103
47347 7225 5 100000 47334 1 1 47334
135730 7225 5 100000 54806 1 1 54801
40619 7225 5 100000 40608 3 4 40606
47075 7225 5 100000 47064 2 3 47064
52181 7225 5 100000 52169 1 1 52169
70311 7225 5 100000 70300 1 1 70300
154040 7225 5 100000 70126 2 2 70120
65721 7225 5 100000 65706 2 3 65706
40840 7225 5 100000 40829 2 2 40829
52412 7225 5 100000 52400 1 1 52400
96159 7225 5 100000 96152 1 1 96152
56828 7225 5 100000 56002 2 2 56000
64290 7225 5 100000 64279 3 3 64279
87578 7225 5 100000 87567 1 1 87567
78307 7225 5 100000 78294 1 1 78294
93620 7225 5 100000 52969 2 2 52963
115344 7225 5 100000 57218 2 3 57214
61439 7225 5 100000 61433 2 3 61433
60118 7225 5 100000 59276 1 1 59274
52897 7225 5 100000 52883 4 4 52881
60027 7225 5 100000 59642 3 3 59638
56827 7225 5 100000 56455 2 2 56453
53580 7225 5 100000 53573 2 2 53573
50351 7225 5 100000 50340 1 1 50340
77883 7225 5 100000 77875 2 2 77875
76520 7225 5 100000 76507 1 1 76507
103824 7225 5 100000 102729 1 1 102726
58809 7225 5 100000 58404 3 3 58402
121566 7225 5 100000 66307 2 2 66300
54681 7225 5 100000 54667 3 3 54667
55998 7225 5 100000 55988 1 1 55988
70926 7225 5 100000 70913 2 2 70913
47799 7225 5 100000 47784 2 2 47783
64057 7225 5 100000 64049 2 2 64049
90357 7225 5 100000 90344 1 1 90344
73486 7225 5 100000 72715 2 2 72713
83203 7225 5 100000 83193 2 2 83193
60056 7225 5 100000 60048 1 1 60048
58783 7225 5 100000 58775 1 1 58775
