65200 7225 5 100000 64406 2 2 64404
81039 7225 5 100000 81029 2 2 81029
53733 7225 5 100000 53726 2 2 53726
50188 7225 5 100000 50184 1 1 50184
50324 7225 5 100000 49588 2 2 49587
82702 7225 5 100000 81968 2 2 81965
66320 7225 5 100000 66314 1 1 66314
53608 7225 5 100000 53596 1 1 53596
33727 7225 5 100000 33718 1 1 33718
41568 7225 5 100000 41558 2 2 41558
55032 7225 5 100000 55023 1 1 55023
70029 7225 5 100000 69349 2 2 69347
75177 7225 5 100000 75172 1 1 75172
41232 7225 5 100000 40680 4 4 40678
51196 7225 5 100000 51182 2 2 51180
46523 7225 5 100000 46515 4 4 46515
61594 7225 5 100000 61587 1 1 61587
67956 7225 5 100000 67953 1 1 67953
55606 7225 5 100000 55601 2 2 55601
56111 7225 5 100000 55357 3 3 55355
44125 7225 5 100000 44118 1 1 44118
56902 7225 5 100000 56893 2 2 56893
62270 7225 5 100000 62259 2 2 62259
50153 7225 5 100000 50141 4 4 50140
49973 7225 5 100000 49968 1 1 49968
59002 7225 5 100000 58995 2 2 58995
67502 7225 5 100000 67492 1 1 67492
52525 7225 5 100000 52518 1 1 52518
51224 7225 5 100000 50850 2 2 50848
33689 7225 5 100000 33492 2 2 33490
50874 7225 5 100000 50865 1 1 50865
50376 7225 5 100000 50366 1 1 50366
57390 7225 5 100000 57378 1 1 57378
46357 7225 5 100000 46348 2 2 46348
55367 7225 5 100000 55357 2 2 55357
51749 7225 5 100000 51737 1 1 51737
44449 7225 5 100000 44438 2 2 44438
55652 7225 5 100000 55646 1 1 55646
50423 7225 5 100000 50415 1 1 50415
47568 7225 5 100000 47458 2 2 47457
43906 7225 5 100000 43895 1 1 43895
54196 7225 5 100000 53485 2 2 53484
63129 7225 5 100000 63120 1 1 63119
49393 7225 5 100000 49385 2 2 49385
47380 7225 5 100000 47018 2 2 47016
41765 7225 5 100000 41761 1 1 41761
38257 7225 5 100000 38071 2 2 38070
45036 7225 5 100000 44076 4 4 44075
52815 7225 5 100000 52800 2 2 52798
42586 7225 5 100000 42577 1 1 42577
39841 7225 5 100000 39830 1 1 39830
48879 7225 5 100000 48870 1 1 48870
68306 7225 5 100000 68300 1 1 68300
65256 7225 5 100000 65249 1 1 65249
48095 7225 5 100000 48087 1 1 48086
65724 7225 5 100000 65720 2 2 65720
40436 7225 5 100000 40428 2 2 40428
66995 7225 5 100000 66987 1 1 66987
43234 7225 5 100000 43227 2 2 43227
57321 7225 5 100000 57134 2 2 57133
63633 7225 5 100000 63630 1 1 63630
35022 7225 5 100000 35010 1 1 35009
43660 7225 5 100000 43624 3 3 43622
48372 7225 5 100000 47703 2 2 47701
38454 7225 5 100000 38446 1 1 38445
45085 7225 5 100000 44424 2 2 44422
69484 7225 5 100000 68816 3 3 68815
45632 7225 5 100000 45626 1 1 45626
38535 7225 5 100000 38524 2 2 38524
72650 7225 5 100000 72642 1 1 72642
52915 7225 5 100000 52252 2 2 52250
35155 7225 5 100000 35146 1 1 35146
51279 7225 5 100000 51270 1 1 51270
56958 7225 5 100000 56951 1 1 56951
50627 7225 5 100000 50619 1 1 50619
55257 7225 5 100000 54573 3 3 54570
46806 7225 5 100000 46134 4 4 46132
43591 7225 5 100000 43582 1 1 43582
49024 7225 5 100000 48353 2 2 48351
50549 7225 5 100000 50541 1 1 50541
78266 7225 5 100000 78254 1 1 78254
69530 7225 5 100000 69522 1 1 69522
44840 7225 5 100000 44836 3 3 44835
56640 7225 5 100000 56632 1 1 56632
46679 7225 5 100000 46672 1 1 46671
49601 7225 5 100000 49592 1 1 49592
53575 7225 5 100000 53571 1 1 53571
74142 7225 5 100000 74138 1 1 74138
45543 7225 5 100000 45535 1 1 45535
43288 7225 5 100000 43281 1 1 43281
58921 7225 5 100000 58912 1 1 58912
38658 7225 5 100000 38004 2 2 38002
53105 7225 5 100000 53095 1 1 53095
67969 7225 5 100000 67285 2 2 67284
35186 7225 5 100000 34986 3 3 34984
46658 7225 5 100000 46654 1 1 46654
63122 7225 5 100000 62455 2 2 62453
52697 7225 5 100000 52694 1 1 52694
43867 7225 5 100000 43580 3 3 43579
44296 7225 5 100000 44286 3 3 44285
68407 7225 5 100000 68400 1 1 68399
68936 7225 5 100000 68289 2 2 68287
45347 7225 5 100000 44334 3 3 44332
50974 7225 5 100000 50966 1 1 50966
66812 7225 5 100000 66808 1 1 66808
51967 7225 5 100000 51960 1 1 51960
65738 7225 5 100000 65730 1 1 65730
72800 7225 5 100000 72792 1 1 72792
56088 7225 5 100000 55427 2 2 55426
49291 7225 5 100000 49284 1 1 49284
39445 7225 5 100000 39437 4 4 39437
46649 7225 5 100000 46641 1 1 46641
68573 7225 5 100000 68564 1 1 68564
66558 7225 5 100000 66550 2 2 66549
48045 7225 5 100000 48035 1 1 48035
46634 7225 5 100000 45935 1 1 45932
45197 7225 5 100000 45195 2 2 45195
49055 7225 5 100000 48365 2 2 48363
55204 7225 5 100000 54211 2 2 54210
43913 7225 5 100000 43909 4 4 43909
51021 7225 5 100000 51013 1 1 51013
42712 7225 5 100000 42707 1 1 42707
56718 7225 5 100000 56710 1 1 56710
37004 7225 5 100000 36340 2 2 36339
62335 7225 5 100000 62332 2 2 62332
41300 7225 5 100000 41296 2 2 41296
50255 7225 5 100000 50247 1 1 50247
42906 7225 5 100000 42561 1 1 42560
58109 7225 5 100000 58101 2 2 58101
45966 7225 5 100000 45952 1 1 45951
48225 7225 5 100000 48222 1 1 48222
45152 7225 5 100000 45144 1 1 45143
48402 7225 5 100000 48394 1 1 48394
49279 7225 5 100000 49275 1 1 49275
49436 7225 5 100000 49054 2 2 49052
56683 7225 5 100000 56674 2 2 56674
46376 7225 5 100000 46360 1 1 46358
36151 7225 5 100000 36144 3 3 36144
54781 7225 5 100000 54776 1 1 54776
41279 7225 5 100000 41275 1 1 41275
70551 7225 5 100000 70542 1 1 70542
57701 7225 5 100000 57694 1 1 57694
51860 7225 5 100000 51207 1 1 51206
43644 7225 5 100000 43636 2 2 43636
47129 7225 5 100000 47025 2 2 47023
51147 7225 5 100000 51139 3 3 51139
45566 7225 5 100000 44881 2 2 44880
43055 7225 5 100000 42996 2 2 42995
36650 7225 5 100000 36640 2 2 36640
47093 7225 5 100000 47084 1 1 47084
62501 7225 5 100000 62494 1 1 62494
57942 7225 5 100000 57929 1 1 57928
54463 7225 5 100000 53758 3 3 53757
48847 7225 5 100000 48840 2 2 48840
37583 7225 5 100000 37578 2 2 37578
50763 7225 5 100000 49769 2 2 49766
56563 7225 5 100000 55837 3 3 55834
89595 7225 5 100000 89589 3 3 89589
44317 7225 5 100000 44303 1 1 44303
45648 7225 5 100000 45644 1 1 45644
47182 7225 5 100000 47175 1 1 47175
49258 7225 5 100000 49254 4 4 49254
50743 7225 5 100000 50065 1 1 50063
52573 7225 5 100000 51876 4 4 51874
61390 7225 5 100000 61381 2 2 61381
45572 7225 5 100000 45568 1 1 45568
46713 7225 5 100000 46043 1 1 46041
51377 7225 5 100000 51366 2 2 51366
72391 7225 5 100000 71648 2 2 71646
44436 7225 5 100000 44432 2 2 44432
59740 7225 5 100000 59729 2 2 59729
50396 7225 5 100000 50390 1 1 50390
61751 7225 5 100000 60997 2 2 60995
62601 7225 5 100000 62591 3 3 62591
52339 7225 5 100000 52330 1 1 52329
48614 7225 5 100000 48608 1 1 48608
53926 7225 5 100000 53721 2 2 53720
65989 7225 5 100000 65513 2 2 65499
49887 7225 5 100000 49881 2 2 49881
52200 7225 5 100000 52190 1 1 52190
59012 7225 5 100000 59002 2 2 59002
86548 7225 5 100000 86543 2 2 86543
56095 7225 5 100000 55286 1 1 55283
72750 7225 5 100000 72743 2 2 72743
102070 7225 5 100000 102060 1 1 102060
96076 7225 5 100000 96066 1 1 96066
66365 7225 5 100000 66359 1 1 66359
76633 7225 5 100000 75772 2 2 75770
62517 7225 5 100000 62502 2 2 62502
102626 7225 5 100000 92600 1 1 92596
50054 7225 5 100000 50051 2 3 50045
49443 7225 5 100000 49428 1 1 49428
59377 7225 5 100000 58683 1 1 58681
57588 7225 5 100000 57583 3 3 57583
50450 7225 5 100000 50441 2 2 50441
64006 7225 5 100000 63986 1 1 63983
86349 7225 5 100000 86343 8 8 86343
104954 7225 5 100000 104944 2 2 104944
81782 7225 5 100000 81772 1 1 81772
76853 7225 5 100000 76845 1 1 76845
60753 7225 5 100000 60747 1 1 60747
64546 7225 5 100000 64542 2 2 64542
93035 7225 5 100000 92602 1 1 92599
85842 7225 5 100000 85827 1 1 85826
59918 7225 5 100000 59906 3 3 59906
62827 7225 5 100000 61826 1 1 61824
58009 7225 5 100000 57999 2 2 57999
70571 7225 5 100000 70560 2 2 70560
66851 7225 5 100000 66842 4 4 66842
64044 7225 5 100000 64028 1 1 64026
54822 7225 5 100000 54813 1 1 54813
63512 7225 5 100000 63118 2 2 63114
58784 7225 5 100000 58387 1 1 58385
54577 7225 5 100000 54572 2 2 54571
56427 7225 5 100000 56417 2 2 56417
65768 7225 5 100000 65765 1 1 65764
67703 7225 5 100000 67696 2 2 67696
51262 7225 5 100000 51251 1 1 51250
52059 7225 5 100000 52051 1 1 52051
