65120 7225 5 100000 64380 2 2 64378
70068 7225 5 100000 68944 3 3 68942
56545 7225 5 100000 56541 1 1 56541
67176 7225 5 100000 67169 1 1 67169
45644 7225 5 100000 45633 2 2 45633
57170 7225 5 100000 56748 2 2 56746
58205 7225 5 100000 57144 3 3 57142
49463 7225 5 100000 49454 1 1 49454
59697 7225 5 100000 59689 2 2 59689
34845 7225 5 100000 34840 1 1 34840
49383 7225 5 100000 46264 2 2 46260
51050 7225 5 100000 51041 2 2 51041
35266 7225 5 100000 35262 1 1 35262
43936 7225 5 100000 43926 1 1 43926
64159 7225 5 100000 63444 2 2 63442
53331 7225 5 100000 53325 2 2 53325
51093 7225 5 100000 51086 2 2 51086
62471 7225 5 100000 62463 1 1 62462
53874 7225 5 100000 53870 1 1 53870
48558 7225 5 100000 48554 1 1 48554
50091 7225 5 100000 50087 1 1 50087
58027 7225 5 100000 58019 1 1 58019
54366 7225 5 100000 54359 1 1 54359
58357 7225 5 100000 57673 2 2 57671
59355 7225 5 100000 59351 1 1 59351
46738 7225 5 100000 46642 3 3 46641
48999 7225 5 100000 48992 3 3 48992
43723 7225 5 100000 43011 4 4 43009
51318 7225 5 100000 51308 1 1 51308
39620 7225 5 100000 39607 2 2 39606
68203 7225 5 100000 68200 1 1 68200
38338 7225 5 100000 38322 1 2 38320
42220 7225 5 100000 42215 1 1 42215
38784 7225 5 100000 38777 1 1 38777
54018 7225 5 100000 53328 3 3 53326
57730 7225 5 100000 57060 3 3 57058
64274 7225 5 100000 64265 1 1 64265
46296 7225 5 100000 46289 2 2 46289
65224 7225 5 100000 64368 2 2 64366
46956 7225 5 100000 46953 1 1 46953
51308 7225 5 100000 50461 3 3 50459
40996 7225 5 100000 40987 1 1 40987
53742 7225 5 100000 53734 1 1 53734
73522 7225 5 100000 73514 1 1 73514
43085 7225 5 100000 43072 7 7 43072
45832 7225 5 100000 45823 4 4 45823
65355 7225 5 100000 65349 1 1 65349
40351 7225 5 100000 40331 2 2 40327
36561 7225 5 100000 36552 1 1 36552
49421 7225 5 100000 49410 1 1 49410
36591 7225 5 100000 35916 3 3 35914
38328 7225 5 100000 38320 1 1 38320
43999 7225 5 100000 43991 2 2 43991
42116 7225 5 100000 42107 1 1 42107
44562 7225 5 100000 43898 2 2 43897
47199 7225 5 100000 47188 2 2 47188
60256 7225 5 100000 60253 1 1 60253
62576 7225 5 100000 62568 2 2 62568
73506 7225 5 100000 69984 2 2 69980
49457 7225 5 100000 49444 3 3 49443
49087 7225 5 100000 49083 1 1 49083
71093 7225 5 100000 70420 3 3 70418
56370 7225 5 100000 56362 1 1 56362
43205 7225 5 100000 43201 1 1 43201
46984 7225 5 100000 46306 2 2 46305
37091 7225 5 100000 37086 1 1 37086
45211 7225 5 100000 44529 2 2 44527
39372 7225 5 100000 39364 2 2 39363
44396 7225 5 100000 43725 4 4 43724
40896 7225 5 100000 40893 1 1 40893
41678 7225 5 100000 41670 1 1 41670
53860 7225 5 100000 53165 2 2 53164
69161 7225 5 100000 68472 2 2 68471
44260 7225 5 100000 44251 1 1 44251
53230 7225 5 100000 53226 2 2 53226
45825 7225 5 100000 45148 2 2 45146
33753 7225 5 100000 33745 1 1 33745
49426 7225 5 100000 49417 1 1 49417
41924 7225 5 100000 41914 1 1 41914
61347 7225 5 100000 60675 2 2 60674
43062 7225 5 100000 43049 3 3 43047
42642 7225 5 100000 42447 2 2 42445
62593 7225 5 100000 62584 1 1 62584
39873 7225 5 100000 39206 2 2 39205
42951 7225 5 100000 42943 1 1 42943
38856 7225 5 100000 38847 4 4 38847
42319 7225 5 100000 42121 2 2 42120
61443 7225 5 100000 60773 2 2 60771
47739 7225 5 100000 47735 1 1 47735
80219 7225 5 100000 80215 1 1 80215
55781 7225 5 100000 55775 1 1 55775
45982 7225 5 100000 45015 3 3 45012
50624 7225 5 100000 50616 1 1 50616
42459 7225 5 100000 42450 1 1 42450
53727 7225 5 100000 53719 1 1 53719
40526 7225 5 100000 40516 3 3 40516
70498 7225 5 100000 69823 2 2 69821
51008 7225 5 100000 50824 3 3 50822
53347 7225 5 100000 53152 2 2 53150
55259 7225 5 100000 55255 1 1 55255
36898 7225 5 100000 36894 3 3 36893
52911 7225 5 100000 52903 2 2 52903
38636 7225 5 100000 38621 1 1 38621
32926 7225 5 100000 32916 1 1 32916
43961 7225 5 100000 43905 2 2 43905
48186 7225 5 100000 48183 2 2 48183
44514 7225 5 100000 44505 1 1 44505
48216 7225 5 100000 48209 1 1 48209
38758 7225 5 100000 38751 2 2 38751
53737 7225 5 100000 53729 1 1 53729
42307 7225 5 100000 42300 2 2 42300
46760 7225 5 100000 46756 1 1 46756
65358 7225 5 100000 64688 2 2 64686
47919 7225 5 100000 47907 4 4 47905
44718 7225 5 100000 44711 1 1 44711
68270 7225 5 100000 68263 2 2 68263
48493 7225 5 100000 48486 1 1 48485
34778 7225 5 100000 34770 2 2 34770
41271 7225 5 100000 41268 3 3 41268
49665 7225 5 100000 49656 2 2 49656
39922 7225 5 100000 39915 2 2 39915
38208 7225 5 100000 38203 1 1 38203
44599 7225 5 100000 44316 3 3 44314
43110 7225 5 100000 43108 1 1 43108
48851 7225 5 100000 48189 2 2 48187
36812 7225 5 100000 36805 3 3 36805
43071 7225 5 100000 43063 1 1 43063
46369 7225 5 100000 45458 2 2 45452
43134 7225 5 100000 43120 3 3 43118
51912 7225 5 100000 51905 1 1 51905
59454 7225 5 100000 58786 2 2 58784
68499 7225 5 100000 68495 1 1 68495
49734 7225 5 100000 49730 1 1 49730
73166 7225 5 100000 73157 1 1 73157
70418 7225 5 100000 69667 2 2 69665
52818 7225 5 100000 52140 3 3 52138
68435 7225 5 100000 67741 3 3 67739
47960 7225 5 100000 47951 2 2 47949
40459 7225 5 100000 40453 2 2 40453
53475 7225 5 100000 53466 1 1 53466
53606 7225 5 100000 53593 1 1 53593
47813 7225 5 100000 47804 1 1 47804
150500 7225 5 100000 45373 3 4 45370
52397 7225 5 100000 52010 3 3 52008
42160 7225 5 100000 42050 2 2 42048
55613 7225 5 100000 55605 2 2 55605
34746 7225 5 100000 34737 1 1 34736
54811 7225 5 100000 54124 2 2 54122
68252 7225 5 100000 67569 2 2 67568
49084 7225 5 100000 49058 1 1 49058
57569 7225 5 100000 57558 1 1 57558
45046 7225 5 100000 45032 3 3 45030
47138 7225 5 100000 47135 1 1 47135
59527 7225 5 100000 59523 1 1 59523
58288 7225 5 100000 58280 2 2 58279
48590 7225 5 100000 48576 2 2 48574
68403 7225 5 100000 68392 2 2 68392
46706 7225 5 100000 45976 2 2 45975
79534 7225 5 100000 79521 1 1 79521
44718 7225 5 100000 44689 2 2 44687
92851 7225 5 100000 92838 1 1 92838
70777 7225 5 100000 70764 1 1 70764
79798 7225 5 100000 79786 2 2 79786
48334 7225 5 100000 48222 3 3 48220
48308 7225 5 100000 48302 1 1 48302
54873 7225 5 100000 54868 1 1 54868
57739 7225 5 100000 56877 2 2 56875
106194 7225 5 100000 106175 1 1 106175
162942 7225 5 100000 74137 2 3 74133
72299 7225 5 100000 71585 2 2 71583
72897 7225 5 100000 72890 2 2 72890
60173 7225 5 100000 60171 1 1 60171
58406 7225 5 100000 58395 1 1 58395
54656 7225 5 100000 54643 7 7 54642
83021 7225 5 100000 83012 1 1 83012
76843 7225 5 100000 76426 2 2 76423
65045 7225 5 100000 65034 2 2 65032
67301 7225 5 100000 67290 2 2 67289
92848 7225 5 100000 92837 1 1 92837
61202 7225 5 100000 61194 1 1 61194
73892 7225 5 100000 73888 2 2 73888
78785 7225 5 100000 78771 1 1 78771
64840 7225 5 100000 64829 1 1 64829
62005 7225 5 100000 61995 1 1 61995
104433 7225 5 100000 104423 1 1 104423
99113 7225 5 100000 98283 1 1 98279
86112 7225 5 100000 86106 2 2 86106
82509 7225 5 100000 81703 1 1 81701
67018 7225 5 100000 66251 2 2 66249
49873 7225 5 100000 49861 2 2 49858
44239 7225 5 100000 44228 2 2 44228
48745 7225 5 100000 48738 1 1 48738
62407 7225 5 100000 62396 1 1 62396
73888 7225 5 100000 73875 1 1 73872
53800 7225 5 100000 53784 2 2 53783
56997 7225 5 100000 56986 2 2 56986
70258 7225 5 100000 70248 1 1 70248
76542 7225 5 100000 76530 2 2 76530
39376 7225 5 100000 39366 1 1 39366
40069 7225 5 100000 40064 1 1 40064
56022 7225 5 100000 52209 2 2 52205
47094 7225 5 100000 47091 2 2 47091
67380 7225 5 100000 66613 1 1 66611
63193 7225 5 100000 62430 4 4 62427
42964 7225 5 100000 41919 2 2 41916
51291 7225 5 100000 51281 5 5 51281
43080 7225 5 100000 43076 1 1 43076
51363 7225 5 100000 51353 1 1 51353
80129 7225 5 100000 80120 1 1 80119
58374 7225 5 100000 57642 1 1 57640
68897 7225 5 100000 68894 2 2 68894
74721 7225 5 100000 74019 1 1 74016
49831 7225 5 100000 49821 2 2 49821
77797 7225 5 100000 77084 1 1 77082
