294876 8100 5 100000 58213 3 4 58211
59602 8100 5 100000 58192 2 2 58189
69863 8100 5 100000 68290 2 2 68287
56273 8100 5 100000 54252 3 3 54250
48167 8100 5 100000 47786 2 2 47784
56064 8100 5 100000 56059 1 1 56059
45565 8100 5 100000 45555 1 1 45555
62597 8100 5 100000 62594 1 1 62594
51039 8100 5 100000 51028 1 1 51028
39527 8100 5 100000 39521 1 1 39521
46074 8100 5 100000 46064 1 1 46064
56475 8100 5 100000 55744 2 2 55743
55537 8100 5 100000 53488 3 3 53484
73307 8100 5 100000 71818 3 3 71816
52944 8100 5 100000 52937 1 1 52937
52385 8100 5 100000 52374 1 1 52374
68960 8100 5 100000 68952 2 2 68952
66567 8100 5 100000 64801 3 3 64798
51252 8100 5 100000 51239 1 2 51238
64903 8100 5 100000 64894 1 1 64894
59141 8100 5 100000 59127 1 1 59127
51209 8100 5 100000 51085 6 6 51082
56612 8100 5 100000 56607 1 1 56607
50333 8100 5 100000 50323 1 1 50323
62237 8100 5 100000 62225 1 1 62225
57882 8100 5 100000 56378 2 2 56375
52367 8100 5 100000 52359 2 2 52359
60741 8100 5 100000 60734 1 1 60734
66262 8100 5 100000 66254 2 2 66254
63063 8100 5 100000 63055 1 1 63055
68421 8100 5 100000 68407 2 2 68407
93020 8100 5 100000 93007 3 3 93005
113445 8100 5 100000 113440 1 1 113440
57320 8100 5 100000 57309 4 4 57309
57512 8100 5 100000 57497 2 2 57497
71948 8100 5 100000 71935 2 2 71935
60686 8100 5 100000 60675 1 1 60675
54690 8100 5 100000 54681 1 1 54681
69397 8100 5 100000 69392 1 1 69392
67699 8100 5 100000 66848 3 3 66845
85194 8100 5 100000 85180 2 2 85178
81553 8100 5 100000 81543 1 1 81543
97835 8100 5 100000 96232 3 3 96230
79336 8100 5 100000 79326 1 1 79326
106667 8100 5 100000 106659 1 1 106659
106244 8100 5 100000 106238 1 1 106238
59588 8100 5 100000 59574 2 2 59572
76826 8100 5 100000 76813 1 1 76812
70678 8100 5 100000 68487 3 3 68485
72042 8100 5 100000 72035 2 2 72035
58091 8100 5 100000 58078 2 2 58078
79534 8100 5 100000 77377 2 2 77374
81681 8100 5 100000 80806 2 2 80804
77918 8100 5 100000 77908 2 2 77908
51046 8100 5 100000 51036 2 2 51036
112879 8100 5 100000 111423 2 2 111421
84349 8100 5 100000 82772 2 2 82770
66123 8100 5 100000 66117 1 1 66117
57020 8100 5 100000 57014 2 2 57014
61856 8100 5 100000 61848 2 2 61848
64503 8100 5 100000 64499 2 2 64498
64309 8100 5 100000 64296 1 1 64296
57811 8100 5 100000 57801 1 1 57801
50981 8100 5 100000 50969 4 4 50969
53648 8100 5 100000 53635 1 1 53635
46292 8100 5 100000 46282 1 1 46282
60159 8100 5 100000 57115 3 3 57113
57398 8100 5 100000 57387 3 3 57387
65793 8100 5 100000 64356 2 2 64354
52205 8100 5 100000 52195 4 4 52195
121311 8100 5 100000 121304 2 2 121304
50129 8100 5 100000 50124 1 1 50124
69912 8100 5 100000 68374 3 3 68370
100514 8100 5 100000 100506 2 2 100506
66046 8100 5 100000 64565 1 1 64563
77451 8100 5 100000 76026 3 3 76023
54359 8100 5 100000 54347 2 2 54347
53569 8100 5 100000 53559 3 3 53559
50482 8100 5 100000 50468 1 1 50468
47634 8100 5 100000 47625 1 1 47625
57433 8100 5 100000 56667 1 1 56664
49707 8100 5 100000 49702 2 2 49702
53279 8100 5 100000 53271 1 1 53271
50775 8100 5 100000 49384 1 1 49382
51670 8100 5 100000 50320 2 2 50318
61057 8100 5 100000 60332 3 3 60330
43000 8100 5 100000 42990 3 3 42990
76910 8100 5 100000 76900 1 1 76900
55542 8100 5 100000 55536 1 1 55536
39536 8100 5 100000 39527 2 2 39527
64067 8100 5 100000 64059 1 1 64059
54087 8100 5 100000 52705 2 2 52703
78955 8100 5 100000 78950 2 2 78950
52418 8100 5 100000 52413 2 2 52413
36488 8100 5 100000 36473 1 1 36473
71821 8100 5 100000 70504 1 1 70502
68250 8100 5 100000 68245 3 3 68245
49604 8100 5 100000 49543 2 2 49540
56183 8100 5 100000 56175 3 3 56175
56584 8100 5 100000 55148 2 2 55145
49203 8100 5 100000 49196 3 3 49195
59082 8100 5 100000 59078 1 1 59078
49333 8100 5 100000 49324 1 1 49324
44635 8100 5 100000 44625 1 1 44625
50947 8100 5 100000 50938 1 1 50938
44421 8100 5 100000 43720 2 2 43719
63449 8100 5 100000 63445 2 2 63445
75333 8100 5 100000 75324 2 2 75324
296804 8100 5 100000 43344 1 1 43341
48525 8100 5 100000 48517 2 3 48517
45280 8100 5 100000 44910 1 1 44909
45021 8100 5 100000 45006 2 2 45004
54034 8100 5 100000 54026 2 2 54026
46842 8100 5 100000 46834 2 2 46834
41302 8100 5 100000 41295 2 2 41295
53798 8100 5 100000 53793 1 1 53792
55750 8100 5 100000 55739 1 1 55739
48813 8100 5 100000 48802 3 3 48802
60540 8100 5 100000 60531 1 1 60531
45063 8100 5 100000 44352 2 2 44350
73009 8100 5 100000 73005 2 2 73004
54862 8100 5 100000 54155 1 1 54153
71390 8100 5 100000 69960 2 2 69959
57173 8100 5 100000 57165 2 2 57165
43757 8100 5 100000 43751 1 1 43751
50655 8100 5 100000 48680 1 1 48677
68517 8100 5 100000 64000 5 5 63998
36898 8100 5 100000 36888 2 2 36886
49864 8100 5 100000 49857 1 2 49856
68155 8100 5 100000 66814 1 1 66813
54272 8100 5 100000 54263 2 2 54263
35076 8100 5 100000 35070 1 1 35070
43851 8100 5 100000 43477 1 1 43475
42461 8100 5 100000 42452 4 4 42452
52354 8100 5 100000 51012 2 2 51010
63142 8100 5 100000 63137 1 1 63136
43893 8100 5 100000 43886 2 2 43886
47945 8100 5 100000 47940 2 2 47940
44242 8100 5 100000 44239 1 1 44239
45535 8100 5 100000 44179 1 1 44178
39501 8100 5 100000 39493 2 2 39493
53763 8100 5 100000 52425 3 3 52424
65834 8100 5 100000 65830 1 1 65830
53261 8100 5 100000 53257 2 2 53256
57762 8100 5 100000 57754 1 1 57754
48642 8100 5 100000 47304 2 2 47303
52239 8100 5 100000 45978 1 1 45975
47931 8100 5 100000 47925 4 4 47925
56202 8100 5 100000 54847 1 5 54844
45184 8100 5 100000 45179 1 1 45179
49923 8100 5 100000 49915 3 3 49915
37765 8100 5 100000 37061 1 1 37060
48447 8100 5 100000 48439 3 3 48439
48999 8100 5 100000 48290 2 2 48289
83991 8100 5 100000 83987 1 1 83987
50659 8100 5 100000 50655 2 2 50655
54066 8100 5 100000 54063 1 1 54063
49900 8100 5 100000 49894 1 1 49894
49542 8100 5 100000 49537 1 1 49537
51535 8100 5 100000 51530 1 1 51530
57933 8100 5 100000 57924 2 2 57924
34603 8100 5 100000 34582 1 1 34580
65873 8100 5 100000 64539 2 2 64537
71690 8100 5 100000 71684 2 2 71684
70593 8100 5 100000 70586 1 1 70586
52625 8100 5 100000 52618 2 2 52618
78884 8100 5 100000 77543 1 1 77541
63881 8100 5 100000 63872 1 1 63872
62424 8100 5 100000 60844 1 1 60842
89959 8100 5 100000 89952 2 2 89952
54054 8100 5 100000 54044 1 1 54044
66402 8100 5 100000 65038 2 2 65036
64031 8100 5 100000 64017 1 1 64016
71650 8100 5 100000 71641 1 1 71641
56389 8100 5 100000 56383 2 2 56383
50891 8100 5 100000 50880 1 1 50880
60953 8100 5 100000 59493 1 1 59489
47862 8100 5 100000 47852 1 1 47852
55321 8100 5 100000 55312 2 2 55312
44244 8100 5 100000 44233 3 3 44232
85329 8100 5 100000 85324 1 1 85324
99952 8100 5 100000 99940 1 1 99940
83090 8100 5 100000 83083 1 1 83083
63527 8100 5 100000 63513 1 1 63511
65025 8100 5 100000 65016 1 1 65016
55620 8100 5 100000 55609 3 3 55609
58083 8100 5 100000 58070 1 1 58070
97645 8100 5 100000 97638 3 3 97638
48644 8100 5 100000 48632 1 1 48629
54982 8100 5 100000 54963 2 2 54963
58871 8100 5 100000 58862 1 1 58862
66500 8100 5 100000 66495 1 1 66495
59115 8100 5 100000 58990 5 5 58987
276030 8100 5 100000 71446 1 1 71442
53599 8100 5 100000 53588 1 1 53588
62732 8100 5 100000 62714 2 2 62711
50209 8100 5 100000 49275 2 2 49273
86712 8100 5 100000 86704 3 3 86704
62810 8100 5 100000 62686 2 2 62682
70724 8100 5 100000 70712 2 2 70712
68991 8100 5 100000 68982 2 2 68982
64856 8100 5 100000 64845 1 1 64845
59150 8100 5 100000 59145 6 6 59145
115383 8100 5 100000 113713 1 1 113710
83564 8100 5 100000 83553 1 1 83553
96904 8100 5 100000 96900 1 1 96900
105090 8100 5 100000 100972 1 1 100966
63284 8100 5 100000 63279 3 3 63279
70470 8100 5 100000 70464 1 1 70464
154140 8100 5 100000 152603 1 1 152601
104648 8100 5 100000 104642 2 2 104642
107979 8100 5 100000 107971 1 1 107971
71794 8100 5 100000 70292 1 1 70290
67229 8100 5 100000 67223 3 3 67223
123742 8100 5 100000 123734 2 2 123734
86125 8100 5 100000 86119 1 1 86119
69302 8100 5 100000 69289 3 3 69289
91010 8100 5 100000 89463 1 1 89462
76428 8100 5 100000 76416 1 1 76416
66918 8100 5 100000 65235 2 2 65233
62149 8100 5 100000 62137 1 1 62136
103061 8100 5 100000 101445 3 3 101442
91892 8100 5 100000 91887 1 1 91887
78543 8100 5 100000 77664 2 2 77661
