51699 8100 5 100000 51686 1 1 51686
73573 8100 5 100000 73563 1 1 73563
65391 8100 5 100000 65386 2 2 65386
98248 8100 5 100000 96833 2 2 96831
71480 8100 5 100000 70723 2 2 70692
108503 8100 5 100000 108498 1 1 108498
72308 8100 5 100000 70149 4 4 70147
61214 8100 5 100000 59674 2 2 59673
59858 8100 5 100000 59849 1 1 59849
94415 8100 5 100000 92926 2 2 92923
47215 8100 5 100000 47202 2 2 47201
109871 8100 5 100000 108034 2 2 108029
106813 8100 5 100000 105279 2 2 105276
76362 8100 5 100000 76346 1 1 76345
83222 8100 5 100000 83215 2 2 83215
92785 8100 5 100000 92775 1 1 92775
75361 8100 5 100000 75344 1 1 75344
80185 8100 5 100000 80175 1 1 80175
61079 8100 5 100000 61068 1 1 61068
90768 8100 5 100000 89293 2 2 89291
58973 8100 5 100000 58963 3 3 58962
78893 8100 5 100000 77095 3 3 77093
63505 8100 5 100000 63492 1 1 63492
79590 8100 5 100000 79581 1 1 79581
83139 8100 5 100000 83134 1 1 83134
81653 8100 5 100000 81645 1 1 81645
59981 8100 5 100000 59957 2 2 59955
75332 8100 5 100000 73284 3 3 73280
80749 8100 5 100000 80742 1 1 80742
73853 8100 5 100000 73843 1 1 73843
80001 8100 5 100000 79991 1 1 79991
80151 8100 5 100000 80140 1 1 80140
99708 8100 5 100000 99691 1 1 99690
122396 8100 5 100000 120713 1 1 120710
336097 8100 5 100000 61509 3 3 61506
57851 8100 5 100000 57841 2 3 57841
100420 8100 5 100000 100416 1 1 100416
58064 8100 5 100000 56623 1 1 56620
59373 8100 5 100000 57935 3 3 57933
51288 8100 5 100000 51281 2 2 51281
52958 8100 5 100000 52951 1 1 52949
58340 8100 5 100000 58328 2 2 58326
60058 8100 5 100000 58622 2 2 58619
84584 8100 5 100000 84581 2 2 84581
65531 8100 5 100000 65133 2 2 65121
69810 8100 5 100000 69802 2 2 69801
64781 8100 5 100000 64771 1 1 64771
67767 8100 5 100000 67756 1 1 67755
58023 8100 5 100000 58012 1 1 58012
59643 8100 5 100000 59633 1 1 59633
75608 8100 5 100000 75597 1 1 75597
50169 8100 5 100000 50159 1 1 50159
53210 8100 5 100000 53199 1 1 53199
53637 8100 5 100000 53630 1 1 53630
56266 8100 5 100000 56261 1 1 56261
69872 8100 5 100000 69865 2 2 69865
52091 8100 5 100000 52085 1 1 52085
71573 8100 5 100000 71569 1 1 71569
54137 8100 5 100000 54129 1 1 54129
68274 8100 5 100000 66928 1 1 66926
50028 8100 5 100000 48688 2 2 48687
42041 8100 5 100000 42033 2 2 42033
62018 8100 5 100000 60694 1 1 60693
56872 8100 5 100000 55522 3 3 55520
50639 8100 5 100000 50630 3 3 50629
64002 8100 5 100000 63995 1 1 63995
45304 8100 5 100000 45295 1 1 45295
42473 8100 5 100000 42464 1 1 42463
46155 8100 5 100000 46145 1 1 46145
50455 8100 5 100000 50446 1 1 50446
53717 8100 5 100000 52377 1 1 52375
56928 8100 5 100000 56918 3 3 56918
51791 8100 5 100000 51785 1 1 51785
52429 8100 5 100000 52421 1 1 52421
53354 8100 5 100000 53350 1 1 53350
47094 8100 5 100000 47088 1 1 47088
49167 8100 5 100000 49163 3 3 49163
42115 8100 5 100000 42106 1 1 42106
60763 8100 5 100000 60754 1 1 60754
79211 8100 5 100000 79203 1 1 79203
44251 8100 5 100000 44245 1 1 44245
42522 8100 5 100000 42517 1 1 42517
52871 8100 5 100000 51479 2 2 51477
47316 8100 5 100000 47313 2 2 47313
60985 8100 5 100000 60976 2 2 60976
41465 8100 5 100000 41456 2 2 41456
61936 8100 5 100000 61930 1 1 61930
62674 8100 5 100000 62671 2 2 62671
60396 8100 5 100000 60388 1 1 60388
74955 8100 5 100000 73633 1 1 73631
73146 8100 5 100000 71818 2 2 71817
44062 8100 5 100000 44055 2 2 44055
57634 8100 5 100000 57626 1 1 57626
72025 8100 5 100000 72015 1 1 72015
52698 8100 5 100000 51324 1 1 51322
52777 8100 5 100000 52773 3 3 52773
57848 8100 5 100000 56502 1 1 56500
47977 8100 5 100000 47969 2 2 47968
51544 8100 5 100000 51532 1 1 51532
42584 8100 5 100000 42210 1 1 42209
48483 8100 5 100000 47518 3 3 47515
77513 8100 5 100000 77510 2 2 77510
76136 8100 5 100000 76125 1 1 76125
61003 8100 5 100000 60998 1 1 60997
44370 8100 5 100000 43051 2 2 43049
277329 8100 5 100000 44657 4 4 44653
40927 8100 5 100000 40918 2 3 40918
59490 8100 5 100000 58117 1 1 58116
78570 8100 5 100000 78562 2 2 78562
42611 8100 5 100000 42607 1 1 42607
83923 8100 5 100000 82594 1 1 82592
69231 8100 5 100000 69229 2 2 69229
65208 8100 5 100000 65204 2 2 65203
61676 8100 5 100000 60330 1 1 60329
49532 8100 5 100000 49523 2 2 49523
74592 8100 5 100000 74589 2 2 74589
50194 8100 5 100000 50182 2 2 50180
75763 8100 5 100000 74456 3 3 74456
45804 8100 5 100000 45795 2 2 45795
53528 8100 5 100000 53164 1 1 53162
41765 8100 5 100000 40419 2 2 40417
55670 8100 5 100000 55662 2 2 55662
50568 8100 5 100000 50564 1 1 50564
56894 8100 5 100000 55387 1 1 55384
56552 8100 5 100000 56541 3 3 56541
43130 8100 5 100000 43124 1 1 43124
55865 8100 5 100000 55848 1 1 55848
76786 8100 5 100000 76778 1 1 76778
47884 8100 5 100000 47869 1 1 47869
54050 8100 5 100000 54040 1 1 54040
51337 8100 5 100000 51330 1 1 51330
41835 8100 5 100000 41821 1 1 41821
55690 8100 5 100000 55681 1 1 55681
88564 8100 5 100000 88559 1 1 88559
55106 8100 5 100000 53043 1 1 53040
57674 8100 5 100000 57663 1 1 57663
84866 8100 5 100000 84858 2 2 84858
44273 8100 5 100000 44263 2 2 44263
49764 8100 5 100000 49329 1 1 49327
54083 8100 5 100000 54068 2 2 54068
62021 8100 5 100000 62014 3 3 62014
58076 8100 5 100000 58067 1 1 58067
59474 8100 5 100000 59463 1 1 59463
107149 8100 5 100000 105683 2 2 105680
50479 8100 5 100000 50469 1 1 50469
72492 8100 5 100000 72486 2 2 72486
54241 8100 5 100000 54221 1 1 54221
63939 8100 5 100000 63926 1 1 63926
63124 8100 5 100000 62377 1 1 62376
51256 8100 5 100000 51243 1 1 51243
56082 8100 5 100000 56070 5 5 56070
99940 8100 5 100000 99927 1 1 99927
66012 8100 5 100000 66006 1 1 66006
48725 8100 5 100000 48716 1 1 48716
52829 8100 5 100000 52822 2 2 52822
120783 8100 5 100000 120775 1 1 120775
52090 8100 5 100000 50622 1 1 50620
63335 8100 5 100000 63330 1 1 63329
76318 8100 5 100000 76307 2 2 76307
78045 8100 5 100000 78039 2 2 78039
76517 8100 5 100000 76503 2 2 76503
93131 8100 5 100000 93124 2 2 93124
78958 8100 5 100000 78944 1 1 78943
94149 8100 5 100000 92405 1 1 92402
53653 8100 5 100000 53641 1 1 53640
97226 8100 5 100000 95707 1 1 95704
134128 8100 5 100000 134109 2 2 134105
59115 8100 5 100000 59107 1 1 59107
126434 8100 5 100000 126422 2 2 126422
64445 8100 5 100000 64424 3 3 64422
89754 8100 5 100000 89739 1 1 89739
81647 8100 5 100000 81639 2 2 81639
85102 8100 5 100000 85089 2 2 85089
72833 8100 5 100000 68438 1 1 68433
74480 8100 5 100000 74468 1 1 74468
97608 8100 5 100000 96003 2 2 96001
65152 8100 5 100000 65147 2 2 65146
71468 8100 5 100000 70585 2 2 70581
109669 8100 5 100000 109660 1 1 109660
101608 8100 5 100000 101600 2 2 101599
72370 8100 5 100000 70768 1 1 70765
56901 8100 5 100000 55271 3 3 55269
88740 8100 5 100000 87452 1 1 87449
127311 8100 5 100000 127308 1 1 127307
72060 8100 5 100000 71237 2 2 71233
88209 8100 5 100000 87983 4 4 87979
55431 8100 5 100000 55425 2 2 55425
67218 8100 5 100000 67211 1 1 67211
64351 8100 5 100000 64340 5 5 64339
59901 8100 5 100000 58221 2 2 58218
68405 8100 5 100000 68396 1 1 68396
101098 8100 5 100000 101093 1 1 101093
81920 8100 5 100000 81508 2 2 81504
100434 8100 5 100000 98750 2 2 98746
103885 8100 5 100000 103874 2 2 103874
75979 8100 5 100000 75968 2 2 75967
86563 8100 5 100000 86550 4 4 86550
76035 8100 5 100000 74300 2 2 74296
87726 8100 5 100000 87713 2 2 87713
125991 8100 5 100000 124433 1 1 124430
108197 8100 5 100000 104168 1 1 104162
118718 8100 5 100000 118710 3 3 118710
