54109 8100 5 100000 54092 1 1 54092
70859 8100 5 100000 69147 2 2 69145
67778 8100 5 100000 66053 3 3 66052
90155 8100 5 100000 90143 2 2 90143
61285 8100 5 100000 61279 1 1 61279
59182 8100 5 100000 59171 2 2 59171
71706 8100 5 100000 70018 2 2 70014
80273 8100 5 100000 80266 2 2 80266
83153 8100 5 100000 83143 2 2 83143
64343 8100 5 100000 64332 1 1 64332
69792 8100 5 100000 69779 1 1 69779
77399 8100 5 100000 71800 2 2 71795
72472 8100 5 100000 72463 1 1 72463
93767 8100 5 100000 93758 1 1 93758
63965 8100 5 100000 62221 3 3 62219
77143 8100 5 100000 77138 2 2 77138
63175 8100 5 100000 63163 1 1 63163
74395 8100 5 100000 74383 1 1 74383
85131 8100 5 100000 85121 1 1 85121
109873 8100 5 100000 109021 2 2 109019
83081 8100 5 100000 82284 2 2 82281
99333 8100 5 100000 97208 2 2 97205
90579 8100 5 100000 90567 1 1 90567
64764 8100 5 100000 64757 1 1 64757
76735 8100 5 100000 75203 2 2 75200
78586 8100 5 100000 78572 1 1 78572
99674 8100 5 100000 99664 1 1 99664
65789 8100 5 100000 65773 2 2 65773
76114 8100 5 100000 74598 3 3 74595
79140 8100 5 100000 79134 1 1 79134
52001 8100 5 100000 51993 4 4 51993
59958 8100 5 100000 59953 1 1 59953
56684 8100 5 100000 56678 1 1 56678
69001 8100 5 100000 68987 1 1 68987
91572 8100 5 100000 91561 1 1 91560
61854 8100 5 100000 61846 1 1 61846
58543 8100 5 100000 58534 2 2 58534
60382 8100 5 100000 58931 2 2 58929
407031 8100 5 100000 46735 3 4 46732
89703 8100 5 100000 88233 2 2 88231
56243 8100 5 100000 56228 2 2 56228
65452 8100 5 100000 65443 1 1 65442
60244 8100 5 100000 60236 2 2 60236
79848 8100 5 100000 79840 1 1 79840
57071 8100 5 100000 57065 3 3 57065
58298 8100 5 100000 58287 2 2 58287
49301 8100 5 100000 49292 3 3 49291
79234 8100 5 100000 77788 2 2 77786
75790 8100 5 100000 75781 1 1 75781
45905 8100 5 100000 45894 6 6 45894
50215 8100 5 100000 50209 1 1 50209
45068 8100 5 100000 45001 6 6 45000
43464 8100 5 100000 43458 2 2 43458
48071 8100 5 100000 46718 2 2 46716
42920 8100 5 100000 42911 4 4 42911
48501 8100 5 100000 48488 3 3 48486
70372 8100 5 100000 70364 2 2 70364
54596 8100 5 100000 54588 1 1 54588
66498 8100 5 100000 66491 1 1 66491
54018 8100 5 100000 52456 3 3 52452
47272 8100 5 100000 47264 1 1 47264
75658 8100 5 100000 75652 1 1 75652
42880 8100 5 100000 42867 1 1 42867
48735 8100 5 100000 47407 2 2 47405
74975 8100 5 100000 74966 1 1 74966
62060 8100 5 100000 62051 1 1 62051
45625 8100 5 100000 45615 2 2 45615
43761 8100 5 100000 43752 1 1 43752
59647 8100 5 100000 59639 1 1 59639
40473 8100 5 100000 40465 1 1 40465
61542 8100 5 100000 61534 2 2 61534
50089 8100 5 100000 50081 1 1 50081
58916 8100 5 100000 58911 2 2 58911
70844 8100 5 100000 69521 3 3 69520
50514 8100 5 100000 50511 1 1 50511
45957 8100 5 100000 44635 2 2 44633
48344 8100 5 100000 48338 3 3 48336
48871 8100 5 100000 48866 1 1 48866
48413 8100 5 100000 48406 3 3 48406
50277 8100 5 100000 50269 1 1 50269
76831 8100 5 100000 76823 1 1 76823
42933 8100 5 100000 42923 1 1 42923
52578 8100 5 100000 52569 5 5 52569
80852 8100 5 100000 80844 1 1 80844
55107 8100 5 100000 55099 1 1 55099
43238 8100 5 100000 43228 1 1 43228
63627 8100 5 100000 63621 2 2 63621
50096 8100 5 100000 49714 2 2 49712
43419 8100 5 100000 43413 1 1 43413
46437 8100 5 100000 46430 6 6 46430
43655 8100 5 100000 43653 3 3 43653
52866 8100 5 100000 52857 1 1 52857
43894 8100 5 100000 43888 1 1 43888
61322 8100 5 100000 61315 1 1 61315
47580 8100 5 100000 47572 1 1 47572
76530 8100 5 100000 75146 2 2 75144
52777 8100 5 100000 52769 1 1 52769
81988 8100 5 100000 81980 1 1 81980
54691 8100 5 100000 54683 1 1 54683
71349 8100 5 100000 71340 1 1 71340
46653 8100 5 100000 46646 2 2 46645
65584 8100 5 100000 64228 2 2 64226
40624 8100 5 100000 40621 2 2 40621
47513 8100 5 100000 47507 2 2 47507
46072 8100 5 100000 44722 4 4 44721
53519 8100 5 100000 53514 2 2 53514
47555 8100 5 100000 47550 1 1 47550
56631 8100 5 100000 56622 1 1 56622
45592 8100 5 100000 45583 1 1 45583
47354 8100 5 100000 47338 2 2 47336
38648 8100 5 100000 38640 2 2 38640
75106 8100 5 100000 75097 4 4 75097
52179 8100 5 100000 52171 1 1 52171
45731 8100 5 100000 45722 2 2 45722
54790 8100 5 100000 54783 2 2 54783
46412 8100 5 100000 46375 1 1 46374
76785 8100 5 100000 76777 2 2 76777
46660 8100 5 100000 46456 1 1 46454
51753 8100 5 100000 51745 3 3 51745
47443 8100 5 100000 47431 1 1 47431
51661 8100 5 100000 49734 2 2 49732
46389 8100 5 100000 46382 3 3 46382
50595 8100 5 100000 50584 1 1 50584
52867 8100 5 100000 52147 1 1 52146
57383 8100 5 100000 56035 2 2 56033
73823 8100 5 100000 72478 2 2 72476
42232 8100 5 100000 42227 2 2 42227
83620 8100 5 100000 82304 2 2 82302
69471 8100 5 100000 69465 3 3 69465
56438 8100 5 100000 56430 1 1 56430
47055 8100 5 100000 47047 1 1 47046
82283 8100 5 100000 82273 4 4 82273
77794 8100 5 100000 77787 1 1 77787
50896 8100 5 100000 50889 1 1 50889
56684 8100 5 100000 56679 1 1 56679
42207 8100 5 100000 42202 1 1 42202
51623 8100 5 100000 50916 1 1 50914
59549 8100 5 100000 58183 2 2 58181
52322 8100 5 100000 52310 2 2 52310
49272 8100 5 100000 49258 1 1 49258
60838 8100 5 100000 59410 1 1 59408
82744 8100 5 100000 82739 2 2 82739
61816 8100 5 100000 61805 1 1 61804
49540 8100 5 100000 49530 1 1 49530
48443 8100 5 100000 48434 1 1 48434
69882 8100 5 100000 68352 1 1 68350
72516 8100 5 100000 70807 2 2 70803
52750 8100 5 100000 50684 3 3 50682
91991 8100 5 100000 91979 3 3 91979
53611 8100 5 100000 53602 1 1 53602
51035 8100 5 100000 51023 1 1 51023
75002 8100 5 100000 74991 1 1 74991
96185 8100 5 100000 96175 1 1 96175
47046 8100 5 100000 47037 2 2 47036
68438 8100 5 100000 67635 1 1 67632
51405 8100 5 100000 51394 2 2 51394
50863 8100 5 100000 50851 1 1 50851
52385 8100 5 100000 52374 1 1 52374
66659 8100 5 100000 66235 3 3 66231
51684 8100 5 100000 50211 2 2 50208
58857 8100 5 100000 58026 3 3 58023
75512 8100 5 100000 75503 2 2 75503
79464 8100 5 100000 77883 2 2 77880
78778 8100 5 100000 78766 2 2 78765
61174 8100 5 100000 61167 1 1 61167
130306 8100 5 100000 128737 1 1 128734
118083 8100 5 100000 116435 2 2 116433
128499 8100 5 100000 128489 2 2 128489
85403 8100 5 100000 85391 1 1 85391
105610 8100 5 100000 105595 1 1 105595
58518 8100 5 100000 57698 1 1 57695
109025 8100 5 100000 109013 3 3 109013
73467 8100 5 100000 73460 1 1 73460
123144 8100 5 100000 123137 2 2 123137
150624 8100 5 100000 150616 1 1 150615
76013 8100 5 100000 76003 1 1 76003
102113 8100 5 100000 102107 2 2 102107
85417 8100 5 100000 85409 2 2 85409
68977 8100 5 100000 68965 1 1 68965
47490 8100 5 100000 47480 1 1 47480
91363 8100 5 100000 91349 1 1 91349
105172 8100 5 100000 105160 1 1 105160
84849 8100 5 100000 84837 1 1 84837
155033 8100 5 100000 155026 2 2 155026
73159 8100 5 100000 73152 1 1 73152
66033 8100 5 100000 65253 1 1 65251
64257 8100 5 100000 62714 3 3 62712
76113 8100 5 100000 76108 2 2 76108
88267 8100 5 100000 86050 1 1 86047
103562 8100 5 100000 103552 3 3 103552
92274 8100 5 100000 92268 1 1 92268
105096 8100 5 100000 105085 2 2 105085
79079 8100 5 100000 79069 1 1 79069
75766 8100 5 100000 75759 1 1 75759
83970 8100 5 100000 83967 1 1 83967
55505 8100 5 100000 55498 1 1 55498
89800 8100 5 100000 89793 1 1 89793
103709 8100 5 100000 103702 1 1 103702
127877 8100 5 100000 126195 1 1 126193
115143 8100 5 100000 113689 2 2 113687
177584 8100 5 100000 177572 2 2 177572
74060 8100 5 100000 71708 1 1 71705
97211 8100 5 100000 97202 2 2 97202
101979 8100 5 100000 97688 1 1 97684
125630 8100 5 100000 125627 4 4 125627
99253 8100 5 100000 97490 2 2 97487
70376 8100 5 100000 70362 2 2 70360
64687 8100 5 100000 64679 2 2 64679
59275 8100 5 100000 58490 2 2 58488
62290 8100 5 100000 62283 2 2 62283
53870 8100 5 100000 53863 2 2 53863
63149 8100 5 100000 62357 1 1 62354
75698 8100 5 100000 75686 2 2 75686
58495 8100 5 100000 58488 1 1 58487
