65324 8100 5 100000 65316 1 1 65316
62403 8100 5 100000 62391 1 1 62391
83315 8100 5 100000 83306 2 2 83306
70942 8100 5 100000 70935 1 1 70934
95532 8100 5 100000 95530 1 1 95530
86547 8100 5 100000 86538 1 1 86538
105494 8100 5 100000 105486 1 1 105486
62761 8100 5 100000 61194 2 2 61191
118665 8100 5 100000 116993 2 2 116991
55469 8100 5 100000 55459 2 2 55459
109786 8100 5 100000 108216 4 4 108214
53976 8100 5 100000 53965 2 2 53965
62351 8100 5 100000 62346 1 1 62346
63189 8100 5 100000 63184 1 1 63184
55294 8100 5 100000 55281 1 1 55281
48566 8100 5 100000 48554 4 4 48554
84850 8100 5 100000 83320 2 2 83318
71006 8100 5 100000 70994 3 3 70994
54267 8100 5 100000 54262 1 1 54262
68030 8100 5 100000 68021 1 1 68020
52578 8100 5 100000 51142 2 2 51141
53888 8100 5 100000 52485 3 3 52483
52923 8100 5 100000 52913 2 2 52913
60207 8100 5 100000 60200 1 1 60200
56291 8100 5 100000 56287 1 1 56287
42813 8100 5 100000 42807 1 1 42806
53020 8100 5 100000 53016 1 1 53016
55382 8100 5 100000 53975 1 1 53973
94523 8100 5 100000 93024 4 4 93023
59769 8100 5 100000 59760 2 2 59760
72279 8100 5 100000 72268 2 2 72268
66840 8100 5 100000 62341 1 1 62338
52063 8100 5 100000 50583 3 3 50581
53188 8100 5 100000 53181 2 2 53181
48049 8100 5 100000 48036 4 4 48036
60707 8100 5 100000 60699 3 3 60699
88841 8100 5 100000 88832 3 3 88832
54509 8100 5 100000 54500 1 1 54500
46664 8100 5 100000 46661 1 1 46660
52919 8100 5 100000 52910 1 1 52910
66720 8100 5 100000 66710 1 1 66710
57890 8100 5 100000 57880 1 1 57880
52860 8100 5 100000 52850 4 4 52849
77848 8100 5 100000 77839 2 2 77839
73498 8100 5 100000 73494 3 3 73493
63204 8100 5 100000 63197 2 2 63197
56337 8100 5 100000 54984 1 1 54982
41655 8100 5 100000 41646 2 2 41646
73743 8100 5 100000 73735 1 1 73735
53631 8100 5 100000 53624 1 1 53624
58694 8100 5 100000 58686 2 2 58686
83699 8100 5 100000 83691 2 2 83691
77357 8100 5 100000 75956 2 2 75954
44034 8100 5 100000 44030 2 2 44030
42363 8100 5 100000 42353 1 1 42353
46888 8100 5 100000 46515 1 1 46514
55789 8100 5 100000 55779 2 2 55779
50353 8100 5 100000 50344 1 1 50344
49601 8100 5 100000 49596 1 1 49596
44963 8100 5 100000 44957 2 2 44957
56142 8100 5 100000 56134 4 4 56134
48256 8100 5 100000 48247 1 1 48247
55273 8100 5 100000 55264 4 4 55264
72010 8100 5 100000 72002 2 2 72002
73004 8100 5 100000 71625 1 1 71622
84162 8100 5 100000 84153 3 3 84153
295350 8100 5 100000 64269 1 1 64265
60431 8100 5 100000 60422 2 3 60422
49586 8100 5 100000 49584 1 1 49584
53628 8100 5 100000 53265 1 1 53263
49198 8100 5 100000 49190 4 4 49190
62580 8100 5 100000 62574 1 1 62574
53866 8100 5 100000 53857 2 2 53857
46942 8100 5 100000 46934 1 1 46934
78503 8100 5 100000 77161 1 1 77159
76703 8100 5 100000 76695 2 2 76695
53737 8100 5 100000 53727 1 1 53727
51413 8100 5 100000 51404 2 2 51404
52142 8100 5 100000 52132 1 1 52131
41255 8100 5 100000 41249 1 1 41249
90318 8100 5 100000 88869 1 1 88867
50567 8100 5 100000 50559 2 2 50559
58091 8100 5 100000 58082 1 1 58082
49482 8100 5 100000 47617 1 1 47614
48957 8100 5 100000 48948 3 3 48948
49461 8100 5 100000 49450 1 1 49450
49383 8100 5 100000 49375 1 1 49375
54779 8100 5 100000 54773 2 2 54773
85834 8100 5 100000 85826 1 1 85826
74992 8100 5 100000 74984 1 1 74984
68345 8100 5 100000 68339 1 1 68339
74459 8100 5 100000 73117 1 1 73115
52506 8100 5 100000 52503 3 3 52503
48826 8100 5 100000 48820 2 2 48820
54698 8100 5 100000 54691 3 3 54690
46021 8100 5 100000 46017 1 1 46017
60537 8100 5 100000 60535 2 2 60535
51047 8100 5 100000 51043 3 3 51043
66282 8100 5 100000 64305 1 1 64302
38476 8100 5 100000 38468 3 3 38467
55234 8100 5 100000 53922 1 1 53920
58152 8100 5 100000 56799 2 2 56798
50746 8100 5 100000 50741 2 2 50741
84146 8100 5 100000 84139 1 1 84138
49146 8100 5 100000 49141 1 1 49141
42265 8100 5 100000 42258 1 1 42258
55898 8100 5 100000 55888 2 2 55886
51175 8100 5 100000 51166 2 2 51166
47765 8100 5 100000 47757 1 1 47757
47865 8100 5 100000 47859 2 2 47859
55786 8100 5 100000 55776 1 1 55776
38894 8100 5 100000 38881 1 1 38879
75518 8100 5 100000 75511 3 3 75511
79978 8100 5 100000 79969 2 2 79969
40553 8100 5 100000 40548 1 1 40548
60196 8100 5 100000 57927 1 1 57923
50911 8100 5 100000 49515 4 4 49513
77122 8100 5 100000 77111 2 2 77111
71986 8100 5 100000 71979 2 2 71979
52037 8100 5 100000 52025 1 1 52025
55861 8100 5 100000 55851 1 1 55851
57531 8100 5 100000 57524 1 1 57524
54186 8100 5 100000 52690 1 1 52688
42522 8100 5 100000 42514 2 2 42514
46520 8100 5 100000 45113 1 1 45109
42205 8100 5 100000 40786 3 3 40784
71517 8100 5 100000 71506 3 3 71506
42681 8100 5 100000 42672 1 1 42672
61076 8100 5 100000 59645 3 3 59643
77071 8100 5 100000 77064 3 3 77064
53460 8100 5 100000 53449 1 1 53449
53113 8100 5 100000 53107 1 1 53107
57742 8100 5 100000 57029 1 1 57028
45331 8100 5 100000 45288 2 2 45286
51031 8100 5 100000 51023 7 7 51023
42349 8100 5 100000 42340 1 1 42340
54668 8100 5 100000 54659 1 1 54659
56005 8100 5 100000 55988 1 1 55986
81728 8100 5 100000 81716 3 3 81715
57200 8100 5 100000 57179 2 2 57179
59813 8100 5 100000 59805 1 1 59805
86835 8100 5 100000 86825 2 2 86825
75900 8100 5 100000 75887 1 1 75885
66160 8100 5 100000 65401 3 3 65399
65744 8100 5 100000 64235 3 3 64233
71662 8100 5 100000 71655 2 2 71655
46482 8100 5 100000 46473 1 1 46473
96421 8100 5 100000 96410 1 1 96409
57463 8100 5 100000 56679 1 1 56677
76846 8100 5 100000 76838 2 2 76838
62115 8100 5 100000 62107 1 1 62107
82186 8100 5 100000 82174 1 1 82174
62282 8100 5 100000 62277 1 1 62277
90913 8100 5 100000 89338 1 1 89336
64428 8100 5 100000 64412 3 3 64408
93587 8100 5 100000 93575 2 2 93575
86729 8100 5 100000 86721 1 1 86721
68281 8100 5 100000 68269 1 1 68269
82603 8100 5 100000 82593 1 1 82593
85785 8100 5 100000 85772 3 3 85772
55036 8100 5 100000 55025 1 1 55025
78376 8100 5 100000 78358 1 1 78356
76917 8100 5 100000 76913 6 6 76913
52955 8100 5 100000 52944 2 2 52944
68283 8100 5 100000 68273 1 1 68272
69999 8100 5 100000 69993 1 1 69993
88011 8100 5 100000 59423 2 2 59419
69224 8100 5 100000 68348 4 4 68346
116490 8100 5 100000 116476 2 2 116476
95621 8100 5 100000 95610 1 1 95610
58541 8100 5 100000 58533 1 1 58533
85255 8100 5 100000 83724 1 1 83722
72615 8100 5 100000 71658 2 2 71654
53075 8100 5 100000 53063 2 2 53061
98174 8100 5 100000 98168 4 4 98168
86256 8100 5 100000 80227 2 2 80223
165168 8100 5 100000 165148 2 2 165148
61193 8100 5 100000 61186 1 1 61186
102974 8100 5 100000 101416 2 2 101412
56296 8100 5 100000 56283 3 3 56283
69028 8100 5 100000 69021 2 2 69021
80279 8100 5 100000 80270 2 2 80270
60875 8100 5 100000 60865 2 2 60864
62953 8100 5 100000 62946 3 3 62945
59429 8100 5 100000 57620 2 2 57618
78994 8100 5 100000 78985 2 2 78984
84942 8100 5 100000 83215 1 1 83212
67043 8100 5 100000 67033 2 2 67033
116008 8100 5 100000 114389 1 1 114387
66248 8100 5 100000 66240 2 2 66240
183762 8100 5 100000 183751 2 2 183751
100607 8100 5 100000 100599 2 2 100599
75657 8100 5 100000 75647 1 1 75646
62826 8100 5 100000 62813 2 2 62812
95003 8100 5 100000 94992 1 1 94992
53214 8100 5 100000 53202 1 1 53202
79878 8100 5 100000 79870 1 1 79870
78407 8100 5 100000 78399 1 1 78399
72265 8100 5 100000 70591 1 1 70589
83702 8100 5 100000 83696 2 2 83696
73059 8100 5 100000 71411 1 1 71410
75750 8100 5 100000 75745 2 2 75745
64425 8100 5 100000 64420 2 2 64420
99016 8100 5 100000 96147 1 1 96145
50518 8100 5 100000 50502 2 2 50501
87099 8100 5 100000 85516 2 2 85514
61053 8100 5 100000 59623 2 2 59622
50826 8100 5 100000 50814 2 2 50814
54427 8100 5 100000 52935 1 1 52933
50933 8100 5 100000 50928 2 2 50928
57866 8100 5 100000 57860 1 1 57859
51934 8100 5 100000 48882 1 1 48880
45336 8100 5 100000 45326 3 3 45325
52972 8100 5 100000 52969 1 1 52969
