60993 9025 5 100000 60983 1 1 60983
55299 9025 5 100000 55295 2 2 55295
75968 9025 5 100000 75960 1 1 75960
52966 9025 5 100000 52960 1 1 52960
78575 9025 5 100000 78566 2 2 78566
50672 9025 5 100000 50668 2 2 50668
62895 9025 5 100000 58910 3 3 58908
62851 9025 5 100000 58738 2 2 58735
71639 9025 5 100000 68854 2 2 68852
52089 9025 5 100000 52079 1 1 52079
61616 9025 5 100000 61607 1 1 61607
66228 9025 5 100000 64613 2 2 64610
62513 9025 5 100000 62505 1 1 62505
50704 9025 5 100000 50694 1 1 50694
82477 9025 5 100000 82472 1 1 82472
63642 9025 5 100000 63626 1 1 63626
65306 9025 5 100000 65301 1 1 65301
42559 9025 5 100000 42546 2 2 42546
73376 9025 5 100000 73370 1 1 73369
72700 9025 5 100000 69379 2 2 69378
66980 9025 5 100000 63836 2 2 63834
71871 9025 5 100000 71859 2 2 71859
71293 9025 5 100000 67138 3 3 67135
68264 9025 5 100000 68252 1 1 68252
72192 9025 5 100000 69194 2 2 69191
105644 9025 5 100000 105638 1 1 105638
67133 9025 5 100000 64042 2 2 64041
74966 9025 5 100000 74954 1 1 74954
64425 9025 5 100000 64413 1 1 64413
68459 9025 5 100000 66915 2 2 66911
61857 9025 5 100000 61847 1 1 61847
124897 9025 5 100000 121124 2 2 121120
93286 9025 5 100000 93276 2 2 93276
84166 9025 5 100000 84156 1 1 84156
83035 9025 5 100000 79185 2 2 79182
57385 9025 5 100000 57374 2 2 57374
68036 9025 5 100000 68024 1 1 68024
59632 9025 5 100000 59623 6 6 59622
64762 9025 5 100000 64749 2 2 64749
72397 9025 5 100000 72392 1 1 72392
103763 9025 5 100000 103744 2 2 103744
111517 9025 5 100000 111498 2 2 111498
79313 9025 5 100000 79266 3 3 79264
79458 9025 5 100000 79445 1 1 79445
115284 9025 5 100000 115277 1 1 115277
93281 9025 5 100000 93274 1 1 93274
113489 9025 5 100000 110001 3 3 109998
121894 9025 5 100000 121881 2 2 121881
145898 9025 5 100000 145891 1 1 145890
140479 9025 5 100000 140473 1 1 140473
1290303 9025 5 100000 66674 3 4 66669
56601 9025 5 100000 56588 1 1 56588
109975 9025 5 100000 109970 1 1 109970
72236 9025 5 100000 68679 2 2 68677
78078 9025 5 100000 74501 2 2 74499
60381 9025 5 100000 60368 2 2 60368
120507 9025 5 100000 120494 2 2 120491
92683 9025 5 100000 91858 2 2 91856
717846 9025 5 100000 96415 3 3 96408
64563 9025 5 100000 64535 2 2 64533
61912 9025 5 100000 61906 2 2 61905
54162 9025 5 100000 52642 2 2 52641
76158 9025 5 100000 76096 3 3 76096
64666 9025 5 100000 64660 1 1 64660
69948 9025 5 100000 69928 3 3 69926
53381 9025 5 100000 53371 2 2 53371
48098 9025 5 100000 48093 2 2 48093
61061 9025 5 100000 61052 1 1 61052
80255 9025 5 100000 80250 1 1 80250
43744 9025 5 100000 43733 1 1 43733
53915 9025 5 100000 53909 1 1 53909
63640 9025 5 100000 63635 1 1 63634
54205 9025 5 100000 54199 1 1 54199
92898 9025 5 100000 90232 3 3 90230
61682 9025 5 100000 58994 2 2 58992
49006 9025 5 100000 46348 2 2 46347
64946 9025 5 100000 62228 2 2 62226
51812 9025 5 100000 49790 2 2 49787
46220 9025 5 100000 46211 1 1 46211
54530 9025 5 100000 54521 1 1 54521
62156 9025 5 100000 62148 1 1 62148
55083 9025 5 100000 55075 1 1 55075
40647 9025 5 100000 40642 2 2 40642
72257 9025 5 100000 72246 2 2 72246
42500 9025 5 100000 42490 1 1 42490
53008 9025 5 100000 53004 1 1 53004
82687 9025 5 100000 82679 1 1 82679
43900 9025 5 100000 43890 1 1 43890
54528 9025 5 100000 54523 1 1 54523
84708 9025 5 100000 84703 1 1 84703
55667 9025 5 100000 55665 2 2 55665
93062 9025 5 100000 90356 2 2 90355
46383 9025 5 100000 46371 1 1 46371
68748 9025 5 100000 68737 1 1 68737
40437 9025 5 100000 40429 1 1 40429
62309 9025 5 100000 62301 1 1 62301
71679 9025 5 100000 68483 4 4 68480
57323 9025 5 100000 57312 3 3 57310
65611 9025 5 100000 65598 2 2 65598
64073 9025 5 100000 64068 1 1 64068
64012 9025 5 100000 64006 1 1 64006
111290 9025 5 100000 111285 1 1 111285
47665 9025 5 100000 47657 4 4 47657
59406 9025 5 100000 57810 2 2 57808
78798 9025 5 100000 78786 1 1 78786
65341 9025 5 100000 62186 3 3 62182
49762 9025 5 100000 49756 1 1 49756
62580 9025 5 100000 59857 2 2 59855
49708 9025 5 100000 49700 1 1 49700
40659 9025 5 100000 40649 1 1 40649
69775 9025 5 100000 68181 2 2 68179
59596 9025 5 100000 59587 1 1 59587
57723 9025 5 100000 56968 2 2 56967
58053 9025 5 100000 58045 1 1 58044
55540 9025 5 100000 55530 3 3 55530
55882 9025 5 100000 55861 2 2 55859
52002 9025 5 100000 51999 1 1 51999
45805 9025 5 100000 45800 1 1 45800
49204 9025 5 100000 46488 3 3 46486
39781 9025 5 100000 39774 1 1 39774
49366 9025 5 100000 49357 1 1 49357
70611 9025 5 100000 70602 1 1 70602
57521 9025 5 100000 57511 4 4 57511
48714 9025 5 100000 47285 2 2 47283
88740 9025 5 100000 88736 1 1 88736
62314 9025 5 100000 62310 1 1 62310
77773 9025 5 100000 77770 1 1 77770
59542 9025 5 100000 59537 1 1 59537
56397 9025 5 100000 56390 1 1 56390
59883 9025 5 100000 58478 4 4 58476
58663 9025 5 100000 58656 1 1 58656
59226 9025 5 100000 53420 1 2 53418
70001 9025 5 100000 69993 2 2 69993
58496 9025 5 100000 58486 1 1 58486
53998 9025 5 100000 53990 1 1 53990
72076 9025 5 100000 72068 1 1 72067
47639 9025 5 100000 46252 3 3 46250
42666 9025 5 100000 42661 1 1 42661
57420 9025 5 100000 54703 3 3 54701
65394 9025 5 100000 65390 1 1 65389
66134 9025 5 100000 66126 5 5 66124
53230 9025 5 100000 53219 3 3 53218
56893 9025 5 100000 56883 1 1 56883
123491 9025 5 100000 120610 3 3 120608
50615 9025 5 100000 47871 2 2 47869
61225 9025 5 100000 61214 1 1 61214
63090 9025 5 100000 63086 1 1 63085
79559 9025 5 100000 79551 2 2 79551
68199 9025 5 100000 62094 3 3 62090
74010 9025 5 100000 74003 1 1 74003
55880 9025 5 100000 55875 1 1 55874
63186 9025 5 100000 60376 2 2 60373
54668 9025 5 100000 54655 1 1 54655
57258 9025 5 100000 57248 1 1 57247
68304 9025 5 100000 68296 1 1 68296
881744 9025 5 100000 74705 3 4 74700
66289 9025 5 100000 66279 1 1 66279
72510 9025 5 100000 72505 1 1 72505
54944 9025 5 100000 54922 1 1 54922
86036 9025 5 100000 82389 2 2 82386
72151 9025 5 100000 72143 1 1 72143
125118 9025 5 100000 125109 1 1 125109
66640 9025 5 100000 66629 1 1 66629
75837 9025 5 100000 75827 1 1 75826
132450 9025 5 100000 132440 1 1 132440
71108 9025 5 100000 71094 1 1 71094
62467 9025 5 100000 62452 2 2 62452
75301 9025 5 100000 72136 2 2 72134
96961 9025 5 100000 93457 2 2 93454
78304 9025 5 100000 78295 1 1 78295
133017 9025 5 100000 133004 1 1 133004
109043 9025 5 100000 105567 2 2 105564
131044 9025 5 100000 131031 1 1 131030
98357 9025 5 100000 98347 1 1 98347
73897 9025 5 100000 70759 3 3 70753
85764 9025 5 100000 82480 3 3 82477
139256 9025 5 100000 134839 4 4 134836
141678 9025 5 100000 141670 1 1 141670
72086 9025 5 100000 60750 4 4 60745
94929 9025 5 100000 94921 1 1 94921
85787 9025 5 100000 85781 1 1 85781
93959 9025 5 100000 93945 1 1 93945
107633 9025 5 100000 103699 2 2 103692
106621 9025 5 100000 106613 1 1 106613
130125 9025 5 100000 130116 1 1 130116
125003 9025 5 100000 125000 2 2 125000
87662 9025 5 100000 87658 1 1 87658
168237 9025 5 100000 168229 2 2 168229
108253 9025 5 100000 108234 1 2 108232
84586 9025 5 100000 84575 1 1 84575
107348 9025 5 100000 107343 2 2 107343
93685 9025 5 100000 93679 2 2 93678
73579 9025 5 100000 73572 1 1 73572
83672 9025 5 100000 83645 3 3 83643
67091 9025 5 100000 67082 1 1 67082
98796 9025 5 100000 98784 1 1 98784
107168 9025 5 100000 107159 1 1 107159
96164 9025 5 100000 95267 2 2 95265
152292 9025 5 100000 152286 1 1 152286
79979 9025 5 100000 79969 3 3 79968
113432 9025 5 100000 113423 1 1 113423
97857 9025 5 100000 97842 1 1 97842
787015 9025 5 100000 108159 3 3 108153
85380 9025 5 100000 85370 1 1 85370
94307 9025 5 100000 94301 2 2 94301
69483 9025 5 100000 66197 2 2 66192
92776 9025 5 100000 92763 1 1 92763
63175 9025 5 100000 62313 3 3 62311
87935 9025 5 100000 87931 2 2 87931
81391 9025 5 100000 81385 1 1 81384
95361 9025 5 100000 95351 1 1 95351
72593 9025 5 100000 72584 1 1 72584
78099 9025 5 100000 78087 1 1 78086
72630 9025 5 100000 72621 1 1 72621
76064 9025 5 100000 68594 4 4 68589
58403 9025 5 100000 58388 1 1 58388
56160 9025 5 100000 56146 2 2 56146
111651 9025 5 100000 108190 2 2 108187
81462 9025 5 100000 81450 1 1 81450
89735 9025 5 100000 86319 3 3 86316
66923 9025 5 100000 66918 1 1 66918
77488 9025 5 100000 77480 2 2 77480
