73995 9025 5 100000 70904 2 2 70902
49768 9025 5 100000 49760 1 1 49760
64927 9025 5 100000 61609 2 2 61608
63029 9025 5 100000 63017 3 3 63017
85660 9025 5 100000 85654 1 1 85654
70439 9025 5 100000 70433 1 1 70433
80141 9025 5 100000 80116 3 3 80114
77957 9025 5 100000 77947 1 1 77947
62887 9025 5 100000 62121 2 2 62119
63887 9025 5 100000 63876 1 1 63876
115550 9025 5 100000 115543 1 1 115543
63878 9025 5 100000 60386 3 3 60383
88117 9025 5 100000 84621 2 2 84618
68825 9025 5 100000 66347 4 4 66344
65860 9025 5 100000 65850 1 1 65850
78421 9025 5 100000 73686 3 3 73683
65100 9025 5 100000 65086 1 1 65086
71053 9025 5 100000 71040 1 1 71040
62345 9025 5 100000 62332 4 4 62332
85089 9025 5 100000 80501 2 2 80498
112916 9025 5 100000 109116 3 3 109112
73149 9025 5 100000 73141 1 1 73141
85620 9025 5 100000 85603 1 1 85603
71821 9025 5 100000 71814 1 1 71814
56164 9025 5 100000 56155 1 1 56155
108036 9025 5 100000 108028 1 1 108028
67948 9025 5 100000 67937 1 1 67937
66893 9025 5 100000 66886 2 2 66886
92025 9025 5 100000 87318 3 3 87315
77136 9025 5 100000 77127 1 1 77127
78700 9025 5 100000 78690 1 1 78690
106764 9025 5 100000 103473 3 3 103470
88764 9025 5 100000 88753 2 2 88753
118182 9025 5 100000 118172 1 1 118172
112014 9025 5 100000 108821 2 2 108818
113529 9025 5 100000 113521 1 1 113521
151122 9025 5 100000 147607 2 2 147603
91919 9025 5 100000 88388 2 2 88385
119460 9025 5 100000 119450 1 1 119450
166690 9025 5 100000 166677 1 1 166677
85016 9025 5 100000 85007 1 1 85007
96838 9025 5 100000 95167 2 2 95164
115124 9025 5 100000 115119 2 2 115119
72105 9025 5 100000 72094 2 2 72094
100986 9025 5 100000 97682 2 2 97679
69234 9025 5 100000 69226 1 1 69226
99071 9025 5 100000 99059 1 1 99059
122904 9025 5 100000 119778 2 2 119776
70921 9025 5 100000 70911 1 1 70911
85016 9025 5 100000 85008 1 1 85008
124169 9025 5 100000 121069 3 3 121065
83453 9025 5 100000 78557 3 3 78554
118564 9025 5 100000 118552 1 1 118552
70268 9025 5 100000 70262 2 2 70262
86631 9025 5 100000 86622 2 2 86621
138372 9025 5 100000 138358 1 1 138358
110481 9025 5 100000 103868 2 2 103862
94349 9025 5 100000 94337 1 1 94337
65250 9025 5 100000 65236 1 1 65236
87588 9025 5 100000 87583 2 2 87583
61064 9025 5 100000 61056 1 1 61056
89329 9025 5 100000 89320 1 1 89320
116147 9025 5 100000 109089 3 3 109085
56941 9025 5 100000 55271 2 2 55269
66947 9025 5 100000 66942 2 2 66942
81469 9025 5 100000 79877 2 2 79874
72568 9025 5 100000 69465 2 2 69461
66660 9025 5 100000 66651 1 1 66650
54401 9025 5 100000 54392 1 1 54392
63099 9025 5 100000 63088 1 1 63088
49424 9025 5 100000 49419 1 1 49419
55303 9025 5 100000 55293 1 1 55293
48524 9025 5 100000 48512 1 1 48512
56188 9025 5 100000 55410 3 3 55407
57232 9025 5 100000 56449 2 2 56447
76403 9025 5 100000 76399 2 2 76398
76543 9025 5 100000 76540 2 2 76540
49091 9025 5 100000 49083 1 1 49083
66408 9025 5 100000 66404 1 1 66404
57599 9025 5 100000 57592 1 1 57592
62366 9025 5 100000 62361 2 2 62361
51428 9025 5 100000 50719 2 2 50717
62846 9025 5 100000 58988 4 4 58986
55071 9025 5 100000 55066 1 1 55065
61032 9025 5 100000 61026 1 1 61026
47202 9025 5 100000 47193 3 3 47193
63365 9025 5 100000 63357 1 1 63357
64324 9025 5 100000 61479 2 2 61476
52939 9025 5 100000 52930 1 1 52930
52894 9025 5 100000 52887 1 1 52887
63078 9025 5 100000 63070 2 2 63070
52078 9025 5 100000 52072 2 2 52071
78786 9025 5 100000 78782 3 3 78782
54919 9025 5 100000 52682 3 3 52681
53770 9025 5 100000 53759 1 1 53759
62160 9025 5 100000 60707 2 2 60705
54105 9025 5 100000 54096 1 1 54096
278953 9025 5 100000 54369 3 3 54366
75136 9025 5 100000 72486 2 2 72484
47080 9025 5 100000 47075 1 1 47075
44504 9025 5 100000 43746 2 2 43744
91233 9025 5 100000 91223 2 2 91223
60235 9025 5 100000 57211 2 2 57208
63056 9025 5 100000 55558 2 2 55554
76050 9025 5 100000 76042 3 3 76042
62396 9025 5 100000 61538 3 3 61536
110093 9025 5 100000 110080 1 1 110080
60910 9025 5 100000 58171 2 2 58169
65357 9025 5 100000 62572 2 2 62566
66323 9025 5 100000 66313 2 2 66313
60044 9025 5 100000 57322 3 3 57320
57113 9025 5 100000 57109 1 1 57109
61872 9025 5 100000 58902 2 2 58900
69451 9025 5 100000 69443 2 2 69443
45366 9025 5 100000 45356 1 1 45356
70149 9025 5 100000 70141 1 1 70141
66146 9025 5 100000 65394 3 3 65392
64491 9025 5 100000 61762 4 4 61759
56200 9025 5 100000 56191 1 1 56191
80398 9025 5 100000 73343 2 2 73340
61275 9025 5 100000 61267 1 1 61267
48120 9025 5 100000 48110 1 1 48110
75320 9025 5 100000 72170 2 2 72165
58460 9025 5 100000 58344 3 3 58343
49263 9025 5 100000 49254 2 2 49253
43839 9025 5 100000 43830 1 1 43830
59432 9025 5 100000 59423 2 2 59423
63448 9025 5 100000 54804 4 4 54802
54589 9025 5 100000 54580 1 1 54580
53435 9025 5 100000 53430 1 1 53430
66380 9025 5 100000 66374 2 2 66374
46255 9025 5 100000 46247 1 1 46247
52286 9025 5 100000 52277 1 1 52277
49796 9025 5 100000 49788 1 1 49788
62491 9025 5 100000 58508 4 4 58506
46561 9025 5 100000 46552 1 1 46552
59938 9025 5 100000 59929 1 1 59929
58075 9025 5 100000 58067 1 1 58067
61054 9025 5 100000 61046 1 1 61046
55992 9025 5 100000 55986 1 1 55986
58866 9025 5 100000 58857 1 1 58856
53010 9025 5 100000 53003 1 1 53003
45312 9025 5 100000 45304 1 1 45304
56752 9025 5 100000 53991 2 2 53990
51472 9025 5 100000 51465 1 1 51465
44919 9025 5 100000 44904 1 1 44904
65311 9025 5 100000 65300 2 2 65300
55403 9025 5 100000 55387 1 1 55386
53145 9025 5 100000 53134 1 1 53134
64214 9025 5 100000 64203 1 1 64203
74026 9025 5 100000 71277 4 4 71275
50936 9025 5 100000 50925 1 1 50925
103381 9025 5 100000 103371 1 1 103371
64970 9025 5 100000 64959 1 1 64959
55964 9025 5 100000 55960 2 2 55960
65811 9025 5 100000 65806 1 1 65806
94466 9025 5 100000 94454 1 1 94454
55822 9025 5 100000 55812 1 1 55812
51602 9025 5 100000 51597 1 1 51597
58127 9025 5 100000 58121 1 1 58121
59006 9025 5 100000 59001 1 1 59001
110138 9025 5 100000 106951 2 2 106949
59345 9025 5 100000 59337 3 3 59337
55528 9025 5 100000 55522 1 1 55522
56798 9025 5 100000 56792 1 1 56792
66766 9025 5 100000 66757 1 1 66757
69761 9025 5 100000 69752 1 1 69752
71625 9025 5 100000 71620 2 2 71620
69200 9025 5 100000 69188 1 1 69187
94495 9025 5 100000 94482 1 1 94482
87478 9025 5 100000 84223 2 2 84220
128718 9025 5 100000 128708 2 2 128708
93970 9025 5 100000 93962 2 2 93962
86365 9025 5 100000 86351 1 1 86351
77889 9025 5 100000 77881 1 1 77881
83732 9025 5 100000 83723 1 1 83723
83652 9025 5 100000 81902 2 2 81899
130384 9025 5 100000 125454 2 2 125451
71689 9025 5 100000 71678 2 2 71678
116942 9025 5 100000 113410 3 3 113408
81644 9025 5 100000 81626 2 2 81624
95003 9025 5 100000 84044 2 2 84039
86965 9025 5 100000 86953 4 4 86950
91473 9025 5 100000 91467 1 1 91467
116663 9025 5 100000 116660 1 1 116660
77961 9025 5 100000 77944 1 1 77944
108090 9025 5 100000 108085 1 1 108084
85569 9025 5 100000 85557 1 1 85557
135742 9025 5 100000 135731 2 2 135731
103830 9025 5 100000 103022 2 2 103020
67904 9025 5 100000 67897 1 1 67897
142030 9025 5 100000 142020 2 2 142020
168066 9025 5 100000 164785 2 2 164783
120244 9025 5 100000 117273 2 2 117271
89155 9025 5 100000 85410 2 2 85406
90888 9025 5 100000 87590 3 3 87587
97296 9025 5 100000 97288 1 1 97288
52115 9025 5 100000 52093 2 2 52090
78110 9025 5 100000 74629 2 2 74625
83034 9025 5 100000 83027 1 1 83027
75694 9025 5 100000 75685 1 1 75685
76827 9025 5 100000 76818 1 1 76818
83348 9025 5 100000 79555 4 4 79551
91581 9025 5 100000 91565 1 1 91565
68527 9025 5 100000 65184 2 2 65180
109844 9025 5 100000 109836 2 2 109836
81591 9025 5 100000 81579 2 2 81577
56088 9025 5 100000 56082 1 1 56082
70647 9025 5 100000 70638 2 2 70638
92357 9025 5 100000 92352 2 2 92352
107423 9025 5 100000 103990 2 2 103988
71765 9025 5 100000 71758 1 1 71758
167932 9025 5 100000 167926 1 1 167925
56520 9025 5 100000 56516 1 1 56516
117199 9025 5 100000 113892 1 1 113890
97108 9025 5 100000 97092 3 3 97092
133461 9025 5 100000 133443 2 2 133443
148909 9025 5 100000 148903 1 1 148903
122721 9025 5 100000 122710 1 1 122710
76333 9025 5 100000 76095 1 1 76093
108718 9025 5 100000 105350 2 2 105348
