70861 9025 5 100000 70845 1 1 70845
77255 9025 5 100000 77246 1 1 77246
102471 9025 5 100000 102464 1 1 102464
68757 9025 5 100000 68744 1 1 68744
58816 9025 5 100000 58796 2 2 58794
58247 9025 5 100000 58238 1 1 58238
87425 9025 5 100000 87414 1 1 87414
75864 9025 5 100000 75857 1 1 75857
79629 9025 5 100000 79615 2 2 79614
110786 9025 5 100000 110776 3 3 110776
76271 9025 5 100000 76260 2 2 76260
109753 9025 5 100000 106279 2 2 106277
75705 9025 5 100000 75694 1 1 75694
122232 9025 5 100000 122226 1 1 122226
58786 9025 5 100000 58776 1 1 58776
135932 9025 5 100000 135923 1 1 135923
133568 9025 5 100000 133563 2 2 133563
120110 9025 5 100000 120102 1 1 120102
71509 9025 5 100000 71497 2 2 71497
113758 9025 5 100000 113740 2 2 113737
72475 9025 5 100000 72384 4 4 72381
90244 9025 5 100000 90233 1 1 90233
125002 9025 5 100000 124998 1 1 124998
136914 9025 5 100000 136901 1 1 136901
77192 9025 5 100000 77186 1 1 77186
90611 9025 5 100000 87221 2 2 87218
111154 9025 5 100000 111146 1 1 111146
109807 9025 5 100000 109800 1 1 109800
92032 9025 5 100000 88824 2 2 88821
46460 9025 5 100000 46452 1 1 46452
71672 9025 5 100000 71655 4 4 71652
68543 9025 5 100000 68536 1 1 68536
89053 9025 5 100000 89044 2 2 89044
71324 9025 5 100000 71318 1 1 71318
71016 9025 5 100000 71005 1 1 71005
111265 9025 5 100000 108006 2 2 108002
115138 9025 5 100000 115128 1 1 115128
139322 9025 5 100000 139315 1 1 139315
64455 9025 5 100000 64447 1 1 64447
61676 9025 5 100000 61662 1 1 61662
76099 9025 5 100000 76089 1 1 76089
95886 9025 5 100000 95877 2 2 95877
57706 9025 5 100000 57694 1 1 57694
105040 9025 5 100000 105027 1 1 105027
80138 9025 5 100000 73340 2 2 73336
105970 9025 5 100000 104287 3 3 104284
128615 9025 5 100000 128604 1 1 128604
83167 9025 5 100000 83159 2 2 83158
60504 9025 5 100000 60498 1 1 60498
91100 9025 5 100000 91091 2 2 91091
60424 9025 5 100000 60421 1 1 60420
90114 9025 5 100000 90106 2 2 90106
68164 9025 5 100000 68160 1 1 68160
58442 9025 5 100000 58435 1 1 58435
69129 9025 5 100000 69119 1 1 69119
64628 9025 5 100000 63130 2 2 63127
64590 9025 5 100000 61615 2 2 61612
83972 9025 5 100000 80885 2 2 80881
47472 9025 5 100000 47447 2 2 47447
72101 9025 5 100000 69222 3 3 69220
776129 9025 5 100000 70095 2 3 70091
61120 9025 5 100000 60927 3 3 60926
45033 9025 5 100000 45027 1 1 45027
57311 9025 5 100000 57302 1 1 57302
78599 9025 5 100000 75695 2 2 75692
55235 9025 5 100000 55224 2 2 55223
45546 9025 5 100000 45537 2 2 45537
60618 9025 5 100000 60609 2 2 60609
93873 9025 5 100000 93863 2 2 93863
38456 9025 5 100000 38450 2 2 38450
54097 9025 5 100000 54089 2 2 54089
53185 9025 5 100000 50496 3 3 50495
86755 9025 5 100000 84068 1 1 84066
49578 9025 5 100000 49573 2 2 49573
57672 9025 5 100000 57667 2 2 57667
59050 9025 5 100000 59044 1 1 59044
84708 9025 5 100000 84701 1 1 84701
54330 9025 5 100000 54320 1 1 54320
54006 9025 5 100000 53998 2 2 53998
59701 9025 5 100000 59584 2 2 59582
55346 9025 5 100000 55336 2 2 55336
57549 9025 5 100000 57315 2 2 57315
58322 9025 5 100000 58313 1 1 58313
45864 9025 5 100000 45856 1 1 45856
73273 9025 5 100000 70425 2 2 70422
54438 9025 5 100000 54432 2 2 54432
105542 9025 5 100000 105532 2 2 105532
68390 9025 5 100000 66984 1 1 66982
59078 9025 5 100000 59069 3 3 59069
44751 9025 5 100000 44743 1 1 44743
46894 9025 5 100000 45470 1 1 45468
61195 9025 5 100000 61186 3 3 61186
41099 9025 5 100000 41092 1 1 41092
44441 9025 5 100000 44436 3 3 44436
58484 9025 5 100000 58479 1 1 58479
51652 9025 5 100000 51647 1 1 51647
56405 9025 5 100000 56394 1 1 56394
70384 9025 5 100000 70379 1 1 70379
59497 9025 5 100000 56815 2 2 56813
68856 9025 5 100000 66064 2 2 66061
62214 9025 5 100000 58945 2 2 58943
63107 9025 5 100000 61715 3 3 61713
51640 9025 5 100000 51636 3 3 51636
52459 9025 5 100000 52455 1 1 52455
61150 9025 5 100000 61142 1 1 61142
54269 9025 5 100000 51594 2 2 51592
48471 9025 5 100000 48463 2 2 48462
59949 9025 5 100000 59941 1 1 59941
51655 9025 5 100000 47799 1 1 47797
60831 9025 5 100000 60823 4 4 60823
57787 9025 5 100000 55016 2 2 55014
58148 9025 5 100000 58140 3 3 58140
74579 9025 5 100000 71823 1 1 71821
62981 9025 5 100000 60278 2 2 60277
78635 9025 5 100000 75922 3 3 75920
56218 9025 5 100000 56208 2 2 56208
77897 9025 5 100000 77894 1 1 77894
44185 9025 5 100000 44178 2 2 44178
40843 9025 5 100000 40130 1 1 40129
88491 9025 5 100000 88478 4 4 88477
89150 9025 5 100000 89138 2 2 89138
50027 9025 5 100000 50022 1 1 50022
58903 9025 5 100000 58898 2 2 58898
58411 9025 5 100000 56942 1 1 56940
56671 9025 5 100000 56662 3 3 56662
70561 9025 5 100000 70530 1 1 70530
54196 9025 5 100000 54182 2 2 54182
56566 9025 5 100000 56558 2 2 56558
62656 9025 5 100000 62647 3 3 62647
51235 9025 5 100000 51223 2 2 51223
76482 9025 5 100000 76469 1 1 76468
55823 9025 5 100000 55817 1 1 55817
49765 9025 5 100000 49754 1 1 49754
74804 9025 5 100000 74800 1 1 74800
69969 9025 5 100000 69962 2 2 69962
75946 9025 5 100000 75933 1 1 75933
64114 9025 5 100000 64109 1 1 64108
62543 9025 5 100000 62533 2 2 62530
66226 9025 5 100000 66217 3 3 66217
56030 9025 5 100000 52958 1 1 52955
80262 9025 5 100000 80256 2 2 80256
64746 9025 5 100000 61489 2 2 61487
55345 9025 5 100000 55338 2 2 55338
101013 9025 5 100000 98133 1 1 98130
84354 9025 5 100000 81425 3 3 81422
91872 9025 5 100000 91861 2 2 91861
68838 9025 5 100000 65760 1 1 65758
84758 9025 5 100000 81566 2 2 81564
75591 9025 5 100000 72355 2 2 72352
90499 9025 5 100000 90484 2 2 90484
110173 9025 5 100000 107224 1 1 107222
67000 9025 5 100000 66988 2 2 66988
74922 9025 5 100000 73243 2 2 73240
72661 9025 5 100000 72648 3 3 72648
68177 9025 5 100000 68167 1 1 68167
57502 9025 5 100000 57490 1 1 57490
70303 9025 5 100000 70293 1 1 70293
71596 9025 5 100000 71583 1 1 71583
81326 9025 5 100000 81317 1 1 81317
59086 9025 5 100000 59020 3 3 59017
161574 9025 5 100000 161563 6 6 161563
107313 9025 5 100000 106470 1 1 106468
115975 9025 5 100000 115966 2 2 115966
63404 9025 5 100000 63394 1 1 63394
154160 9025 5 100000 150818 1 1 150815
81896 9025 5 100000 81878 2 2 81878
125334 9025 5 100000 125327 1 1 125327
118079 9025 5 100000 118070 2 2 118069
135388 9025 5 100000 135380 2 2 135380
81792 9025 5 100000 81776 1 1 81776
86732 9025 5 100000 86721 1 1 86721
94226 9025 5 100000 90744 1 1 90741
68895 9025 5 100000 64251 4 4 64249
115226 9025 5 100000 115218 3 3 115217
113265 9025 5 100000 113259 3 3 113259
1237134 9025 5 100000 72159 1 1 72152
69376 9025 5 100000 69369 2 3 69369
86162 9025 5 100000 82743 4 4 82740
74063 9025 5 100000 70487 2 2 70481
112583 9025 5 100000 112576 4 4 112576
102112 9025 5 100000 102099 2 2 102099
81183 9025 5 100000 81171 1 1 81171
73785 9025 5 100000 73773 2 2 73772
145489 9025 5 100000 145478 2 2 145478
112575 9025 5 100000 109577 2 2 109574
100153 9025 5 100000 96731 3 3 96729
166318 9025 5 100000 166312 3 3 166312
68928 9025 5 100000 68918 1 1 68918
68110 9025 5 100000 68103 1 1 68102
92036 9025 5 100000 90101 2 2 90099
112403 9025 5 100000 108263 2 2 108260
137011 9025 5 100000 137005 2 2 137005
81359 9025 5 100000 81351 1 1 81351
110118 9025 5 100000 110113 1 1 110112
93636 9025 5 100000 90132 1 1 90130
84431 9025 5 100000 82562 2 2 82557
142281 9025 5 100000 139287 2 2 139284
120240 9025 5 100000 120224 2 2 120224
86547 9025 5 100000 86541 1 1 86541
1012180 9025 5 100000 134384 2 2 134380
58361 9025 5 100000 58354 2 3 58354
52376 9025 5 100000 52367 1 1 52367
88192 9025 5 100000 88183 1 1 88183
71370 9025 5 100000 68297 1 1 68294
69532 9025 5 100000 69526 2 2 69526
92182 9025 5 100000 88868 1 1 88864
70276 9025 5 100000 70270 2 2 70270
64592 9025 5 100000 64583 1 1 64581
73421 9025 5 100000 73412 2 2 73409
57646 9025 5 100000 57639 4 4 57639
89946 9025 5 100000 89943 1 1 89943
68094 9025 5 100000 68085 1 1 68085
82949 9025 5 100000 82939 2 2 82939
77604 9025 5 100000 77596 1 1 77596
67959 9025 5 100000 67947 2 2 67945
93017 9025 5 100000 93012 3 3 93012
57278 9025 5 100000 57272 1 1 57272
75627 9025 5 100000 75620 1 1 75620
