82019 9025 5 100000 80327 2 2 80324
83382 9025 5 100000 71082 9 9 71080
140439 9025 5 100000 140426 2 2 140426
88842 9025 5 100000 88830 2 2 88830
830117 9025 5 100000 81661 2 3 81658
85506 9025 5 100000 85495 1 1 85495
136946 9025 5 100000 136934 2 2 136934
151470 9025 5 100000 151460 1 1 151460
121935 9025 5 100000 118945 3 3 118943
69780 9025 5 100000 69768 2 2 69768
124775 9025 5 100000 124327 2 2 124324
93900 9025 5 100000 93891 1 1 93891
74417 9025 5 100000 73930 3 3 73928
108149 9025 5 100000 108145 1 1 108145
141651 9025 5 100000 141644 1 1 141644
82032 9025 5 100000 82022 1 1 82022
90340 9025 5 100000 90328 1 1 90328
63662 9025 5 100000 63655 4 4 63655
125416 9025 5 100000 125408 1 1 125408
81141 9025 5 100000 81135 1 1 81135
77610 9025 5 100000 77600 2 2 77600
84656 9025 5 100000 84645 2 2 84645
99533 9025 5 100000 96150 3 3 96148
129043 9025 5 100000 129031 1 1 129031
82068 9025 5 100000 80362 2 2 80359
121505 9025 5 100000 116629 4 4 116622
78260 9025 5 100000 78246 1 1 78246
117823 9025 5 100000 117804 2 2 117804
88539 9025 5 100000 88527 2 2 88527
97078 9025 5 100000 97073 2 2 97073
86696 9025 5 100000 86688 1 1 86688
104424 9025 5 100000 104417 1 1 104416
63258 9025 5 100000 63254 2 2 63254
84513 9025 5 100000 81088 4 4 81085
57062 9025 5 100000 57055 1 1 57054
67544 9025 5 100000 67534 1 1 67534
69161 9025 5 100000 69152 1 1 69152
64311 9025 5 100000 64302 1 1 64302
54626 9025 5 100000 54613 1 1 54613
94983 9025 5 100000 94973 2 2 94973
63739 9025 5 100000 63732 1 1 63732
54641 9025 5 100000 54630 1 1 54630
77368 9025 5 100000 77359 1 1 77359
50663 9025 5 100000 50273 2 2 50271
77975 9025 5 100000 77971 1 1 77971
53070 9025 5 100000 53064 1 1 53064
56765 9025 5 100000 50583 2 2 50581
71909 9025 5 100000 71901 1 1 71901
52763 9025 5 100000 52755 1 1 52755
56294 9025 5 100000 52750 3 3 52748
42833 9025 5 100000 42719 2 2 42718
49997 9025 5 100000 49992 1 1 49992
61774 9025 5 100000 61769 1 1 61769
60854 9025 5 100000 58143 3 3 58140
61053 9025 5 100000 58313 2 2 58312
63660 9025 5 100000 59802 3 3 59800
41796 9025 5 100000 41787 1 1 41787
53995 9025 5 100000 53985 1 1 53985
57928 9025 5 100000 57922 2 2 57922
78609 9025 5 100000 78602 2 2 78602
90346 9025 5 100000 87627 2 2 87626
49699 9025 5 100000 49692 1 1 49692
46001 9025 5 100000 45985 2 2 45984
60488 9025 5 100000 60479 1 1 60479
56226 9025 5 100000 56218 1 1 56217
53808 9025 5 100000 53799 2 2 53799
59189 9025 5 100000 59182 1 1 59181
52121 9025 5 100000 49479 2 2 49477
72092 9025 5 100000 72087 1 1 72086
85142 9025 5 100000 85135 1 1 85135
70530 9025 5 100000 67112 3 3 67109
67995 9025 5 100000 67991 1 1 67991
62366 9025 5 100000 62357 1 1 62357
39842 9025 5 100000 39837 1 1 39836
93479 9025 5 100000 93471 1 1 93470
75756 9025 5 100000 75748 1 1 75748
64583 9025 5 100000 64566 2 2 64564
56918 9025 5 100000 56910 2 2 56910
75671 9025 5 100000 75663 1 1 75663
47026 9025 5 100000 47021 1 1 47021
59620 9025 5 100000 56850 1 1 56848
96331 9025 5 100000 96324 3 3 96324
40759 9025 5 100000 40751 1 1 40751
92651 9025 5 100000 92643 1 1 92643
51850 9025 5 100000 51842 1 1 51842
59992 9025 5 100000 59988 1 1 59988
60949 9025 5 100000 58094 1 1 58092
73980 9025 5 100000 71227 4 4 71225
89380 9025 5 100000 89376 2 2 89376
56869 9025 5 100000 56857 1 1 56857
44032 9025 5 100000 44023 1 1 44023
59984 9025 5 100000 59977 2 2 59976
53050 9025 5 100000 50300 1 1 50299
72024 9025 5 100000 72016 2 2 72016
91443 9025 5 100000 91439 1 1 91439
63350 9025 5 100000 63342 1 1 63342
61230 9025 5 100000 58523 2 2 58521
62034 9025 5 100000 62029 2 2 62029
76256 9025 5 100000 73583 1 1 73580
44263 9025 5 100000 41588 2 2 41586
58254 9025 5 100000 53961 2 2 53957
46706 9025 5 100000 46645 3 3 46644
76138 9025 5 100000 76127 2 2 76127
77738 9025 5 100000 75044 1 1 75042
46177 9025 5 100000 46168 2 2 46168
57374 9025 5 100000 57365 1 1 57365
52578 9025 5 100000 51147 1 1 51145
52938 9025 5 100000 52934 4 4 52934
69392 9025 5 100000 69383 1 1 69383
78426 9025 5 100000 78421 1 1 78421
47558 9025 5 100000 47553 1 1 47553
63649 9025 5 100000 63641 2 2 63641
44781 9025 5 100000 44767 1 1 44767
56533 9025 5 100000 55090 1 1 55088
67656 9025 5 100000 58315 2 2 58310
50939 9025 5 100000 50161 2 2 50159
54627 9025 5 100000 54621 2 2 54620
62513 9025 5 100000 62508 1 1 62508
61679 9025 5 100000 61674 1 1 61674
58040 9025 5 100000 58029 3 3 58029
56466 9025 5 100000 53713 1 1 53710
48365 9025 5 100000 48361 2 2 48361
82115 9025 5 100000 82106 1 1 82106
97278 9025 5 100000 97267 2 2 97267
63417 9025 5 100000 63405 1 1 63405
47736 9025 5 100000 44864 1 1 44862
71628 9025 5 100000 71624 2 2 71624
53365 9025 5 100000 53356 1 1 53356
62111 9025 5 100000 61446 1 1 61442
62569 9025 5 100000 62555 3 3 62553
98452 9025 5 100000 98444 2 2 98444
70805 9025 5 100000 70795 1 1 70795
70773 9025 5 100000 70767 2 2 70767
56486 9025 5 100000 56479 1 1 56478
62178 9025 5 100000 62172 1 1 62172
107723 9025 5 100000 107717 1 1 107717
83330 9025 5 100000 83322 1 1 83322
58497 9025 5 100000 58487 1 1 58487
71007 9025 5 100000 67809 1 1 67806
56415 9025 5 100000 52902 2 2 52899
79252 9025 5 100000 79245 3 3 79245
130703 9025 5 100000 130697 1 1 130697
71054 9025 5 100000 67781 2 2 67779
485583 9025 5 100000 84869 1 1 84866
64731 9025 5 100000 63885 2 2 63883
78852 9025 5 100000 78838 4 4 78837
110995 9025 5 100000 107239 4 4 107235
96859 9025 5 100000 96847 1 1 96846
113149 9025 5 100000 113142 2 2 113142
137964 9025 5 100000 134721 1 1 134718
100802 9025 5 100000 100795 3 3 100794
100208 9025 5 100000 100203 2 2 100203
138526 9025 5 100000 134065 1 1 134061
139498 9025 5 100000 139481 2 2 139481
91146 9025 5 100000 91138 4 4 91138
105660 9025 5 100000 105652 1 1 105652
88599 9025 5 100000 88582 1 1 88580
63737 9025 5 100000 63721 1 1 63721
72291 9025 5 100000 72287 3 3 72287
127133 9025 5 100000 127120 2 2 127120
100824 9025 5 100000 97296 1 1 97293
81717 9025 5 100000 81711 1 1 81710
1161872 9025 5 100000 74245 2 2 74240
96559 9025 5 100000 96553 2 2 96553
96097 9025 5 100000 96088 2 3 96088
178619 9025 5 100000 175442 1 1 175440
102344 9025 5 100000 102335 1 1 102334
103342 9025 5 100000 103332 3 3 103332
111965 9025 5 100000 108524 1 1 108522
111408 9025 5 100000 111400 1 1 111400
116098 9025 5 100000 116086 2 2 116086
94112 9025 5 100000 94094 1 1 94093
197366 9025 5 100000 197358 2 2 197358
104861 9025 5 100000 104852 2 2 104852
1103671 9025 5 100000 75811 1 1 75798
54863 9025 5 100000 54851 1 1 54851
71225 9025 5 100000 71212 2 3 71212
93649 9025 5 100000 90063 1 1 90059
69098 9025 5 100000 69084 2 2 69075
71986 9025 5 100000 71977 3 3 71977
66150 9025 5 100000 66139 3 3 66139
96704 9025 5 100000 96691 1 1 96691
102213 9025 5 100000 102209 1 1 102209
61739 9025 5 100000 61728 1 1 61728
116035 9025 5 100000 116025 2 2 116025
113356 9025 5 100000 113347 1 1 113347
82444 9025 5 100000 82433 1 1 82433
73289 9025 5 100000 73280 1 1 73280
66494 9025 5 100000 63012 2 2 63010
57554 9025 5 100000 57541 1 1 57539
66748 9025 5 100000 66737 4 4 66734
91108 9025 5 100000 88161 2 2 88158
82253 9025 5 100000 79270 3 3 79268
61208 9025 5 100000 61199 2 2 61199
104672 9025 5 100000 100684 2 2 100679
79121 9025 5 100000 79116 1 1 79116
71179 9025 5 100000 71173 2 2 71173
74999 9025 5 100000 71927 1 1 71926
84661 9025 5 100000 82796 1 1 82792
67719 9025 5 100000 63319 3 3 63315
56366 9025 5 100000 56331 2 2 56331
95510 9025 5 100000 95503 3 3 95503
100115 9025 5 100000 100109 1 1 100109
68031 9025 5 100000 68023 1 1 68023
61937 9025 5 100000 61910 1 1 61908
76794 9025 5 100000 76784 2 2 76784
61512 9025 5 100000 61499 3 3 61499
65020 9025 5 100000 65012 2 2 65011
63840 9025 5 100000 60516 2 2 60512
61590 9025 5 100000 61576 1 1 61573
64587 9025 5 100000 61670 2 2 61667
56939 9025 5 100000 56932 1 2 56932
57659 9025 5 100000 57649 4 4 57649
69885 9025 5 100000 66997 1 1 66995
55577 9025 5 100000 55561 1 1 55558
62007 9025 5 100000 61998 2 2 61998
92289 9025 5 100000 89439 3 3 89436
52162 9025 5 100000 52153 1 1 52153
60807 9025 5 100000 60801 3 3 60801
52947 9025 5 100000 50068 2 2 50066
92854 9025 5 100000 89989 1 1 89987
65665 9025 5 100000 65652 3 3 65652
58076 9025 5 100000 58065 2 2 58065
