57328 10000 5 100000 57316 1 1 57316
81366 10000 5 100000 81359 1 1 81359
94193 10000 5 100000 88547 2 2 88545
65810 10000 5 100000 65799 2 2 65798
49645 10000 5 100000 49632 1 1 49632
76448 10000 5 100000 76437 1 1 76437
92683 10000 5 100000 92677 1 1 92677
58943 10000 5 100000 58931 2 2 58931
83419 10000 5 100000 83409 1 1 83409
53472 10000 5 100000 53462 2 2 53462
58926 10000 5 100000 58920 2 2 58920
98319 10000 5 100000 92053 2 2 92048
99086 10000 5 100000 99079 1 1 99078
55228 10000 5 100000 55219 1 1 55219
55896 10000 5 100000 55888 1 1 55888
57433 10000 5 100000 57423 4 4 57423
56119 10000 5 100000 56112 1 1 56112
68761 10000 5 100000 68753 1 1 68752
57483 10000 5 100000 57470 4 4 57470
63219 10000 5 100000 63210 1 1 63210
78547 10000 5 100000 78537 3 3 78536
97405 10000 5 100000 90778 3 3 90775
77304 10000 5 100000 73916 2 2 73914
70021 10000 5 100000 70005 2 2 70005
110516 10000 5 100000 110505 2 2 110505
102735 10000 5 100000 99771 3 3 99768
67084 10000 5 100000 67070 1 1 67070
119414 10000 5 100000 119405 3 3 119405
76863 10000 5 100000 76853 1 1 76853
118518 10000 5 100000 118509 2 2 118509
75842 10000 5 100000 75833 3 3 75830
102983 10000 5 100000 102969 1 1 102969
94350 10000 5 100000 94340 1 1 94340
90601 10000 5 100000 90593 1 1 90593
126168 10000 5 100000 126161 1 1 126161
75345 10000 5 100000 75333 1 1 75333
115105 10000 5 100000 115093 1 1 115093
68548 10000 5 100000 68537 2 2 68537
140072 10000 5 100000 140058 1 1 140058
181780 10000 5 100000 181769 1 1 181769
108186 10000 5 100000 108172 1 1 108172
82925 10000 5 100000 82913 1 1 82913
148575 10000 5 100000 140994 2 2 140991
98626 10000 5 100000 91492 3 3 91489
96141 10000 5 100000 86338 4 4 86335
161740 10000 5 100000 161731 1 1 161730
110105 10000 5 100000 110095 1 1 110094
101041 10000 5 100000 101028 1 1 101028
95455 10000 5 100000 83619 2 2 83616
156230 10000 5 100000 148162 2 2 148157
153927 10000 5 100000 146191 2 2 146187
89604 10000 5 100000 89597 2 2 89597
83572 10000 5 100000 83558 3 3 83554
1111573 10000 5 100000 69372 3 3 69370
74085 10000 5 100000 74070 1 1 74070
76756 10000 5 100000 76748 1 1 76748
101976 10000 5 100000 95211 2 2 95210
85610 10000 5 100000 85595 2 2 85594
138408 10000 5 100000 138401 1 1 138401
124651 10000 5 100000 124640 1 1 124640
106480 10000 5 100000 99025 2 2 99023
104168 10000 5 100000 104159 1 1 104159
136301 10000 5 100000 115752 2 2 115750
84208 10000 5 100000 84202 2 2 84202
79708 10000 5 100000 79700 1 1 79700
62086 10000 5 100000 62073 2 2 62073
97394 10000 5 100000 97384 1 1 97384
132164 10000 5 100000 132153 2 2 132153
110993 10000 5 100000 103711 4 4 103709
136806 10000 5 100000 129469 2 2 129467
139089 10000 5 100000 139076 1 1 139076
134491 10000 5 100000 134479 2 2 134479
112321 10000 5 100000 112311 2 2 112311
62636 10000 5 100000 62622 1 1 62622
85781 10000 5 100000 85765 1 1 85765
84987 10000 5 100000 84978 1 1 84978
2611856 10000 5 100000 83618 2 3 83611
65592 10000 5 100000 65587 1 1 65587
69845 10000 5 100000 69838 1 1 69838
103102 10000 5 100000 97356 3 3 97354
59154 10000 5 100000 59142 2 2 59142
81636 10000 5 100000 81626 1 1 81625
95054 10000 5 100000 89287 2 2 89285
71579 10000 5 100000 66132 2 2 66130
61384 10000 5 100000 61373 1 1 61373
69933 10000 5 100000 69923 2 2 69923
66489 10000 5 100000 66480 2 2 66480
91907 10000 5 100000 60809 5 5 60805
59255 10000 5 100000 59246 4 4 59246
50906 10000 5 100000 50897 1 1 50897
81893 10000 5 100000 76570 2 2 76568
82982 10000 5 100000 77579 3 3 77576
97944 10000 5 100000 89021 4 4 89017
75148 10000 5 100000 75142 1 1 75142
69433 10000 5 100000 63944 2 2 63937
66895 10000 5 100000 61380 3 3 61378
57983 10000 5 100000 57973 1 1 57973
58268 10000 5 100000 58256 2 2 58256
51723 10000 5 100000 51709 1 1 51709
88954 10000 5 100000 88951 2 2 88951
62458 10000 5 100000 62447 1 1 62447
67933 10000 5 100000 67925 1 1 67925
57740 10000 5 100000 56336 2 2 56333
64050 10000 5 100000 64041 1 1 64041
67214 10000 5 100000 64285 3 3 64283
79381 10000 5 100000 75542 2 2 75535
77914 10000 5 100000 77905 1 1 77904
91611 10000 5 100000 91602 2 2 91601
70767 10000 5 100000 70757 1 1 70757
54399 10000 5 100000 52808 3 3 52804
76834 10000 5 100000 69121 2 2 69119
70261 10000 5 100000 70257 2 2 70257
81914 10000 5 100000 81909 1 1 81909
99654 10000 5 100000 99649 1 1 99649
95248 10000 5 100000 95243 1 1 95243
50466 10000 5 100000 50458 2 2 50457
75490 10000 5 100000 68145 3 3 68141
104066 10000 5 100000 97424 2 2 97421
52361 10000 5 100000 52350 1 1 52350
65293 10000 5 100000 65285 1 1 65285
86547 10000 5 100000 79499 2 2 79495
73873 10000 5 100000 73864 1 1 73864
72063 10000 5 100000 68812 2 2 68810
69938 10000 5 100000 69932 1 1 69932
91533 10000 5 100000 91522 1 1 91522
63661 10000 5 100000 63650 1 1 63650
55960 10000 5 100000 55945 1 1 55945
85444 10000 5 100000 85437 1 1 85436
75156 10000 5 100000 75144 1 1 75144
89227 10000 5 100000 89222 2 2 89221
68499 10000 5 100000 68493 1 1 68493
117287 10000 5 100000 117277 2 2 117277
78210 10000 5 100000 78200 1 1 78200
97600 10000 5 100000 97591 1 1 97591
79226 10000 5 100000 79211 1 1 79211
79974 10000 5 100000 79965 1 1 79965
77088 10000 5 100000 77079 1 1 77079
88421 10000 5 100000 81415 2 2 81411
67608 10000 5 100000 67598 1 1 67598
66565 10000 5 100000 66555 1 1 66555
107790 10000 5 100000 107784 1 1 107784
91797 10000 5 100000 91791 2 2 91791
106857 10000 5 100000 106848 1 1 106848
103578 10000 5 100000 103566 2 2 103566
123357 10000 5 100000 116119 2 2 116115
122440 10000 5 100000 122426 2 2 122425
113153 10000 5 100000 109737 2 2 109734
83043 10000 5 100000 83019 7 7 83016
66594 10000 5 100000 66583 1 1 66583
97083 10000 5 100000 97072 2 2 97072
66904 10000 5 100000 66898 2 2 66898
114420 10000 5 100000 114404 2 2 114402
108203 10000 5 100000 108193 1 1 108193
179492 10000 5 100000 179486 1 1 179486
118614 10000 5 100000 118607 2 2 118606
93667 10000 5 100000 93657 1 1 93657
76162 10000 5 100000 68826 2 2 68818
182085 10000 5 100000 182073 1 1 182073
79172 10000 5 100000 79164 2 2 79164
121850 10000 5 100000 121841 1 1 121841
109381 10000 5 100000 109371 1 1 109371
106450 10000 5 100000 106441 1 1 106441
147095 10000 5 100000 140346 1 1 140343
66799 10000 5 100000 66787 2 2 66784
75822 10000 5 100000 75806 3 3 75805
77334 10000 5 100000 77327 1 1 77327
83274 10000 5 100000 83268 2 2 83268
107985 10000 5 100000 107979 1 1 107978
133525 10000 5 100000 123872 1 1 123867
66063 10000 5 100000 66053 2 2 66053
101015 10000 5 100000 101008 4 4 101008
106415 10000 5 100000 106408 1 1 106408
171747 10000 5 100000 165217 3 3 165214
100531 10000 5 100000 100519 3 3 100519
69810 10000 5 100000 63226 1 1 63222
127548 10000 5 100000 127529 2 2 127527
124352 10000 5 100000 124343 2 2 124343
120086 10000 5 100000 120079 3 3 120079
83245 10000 5 100000 83238 1 1 83238
99170 10000 5 100000 89770 1 1 89765
129680 10000 5 100000 129667 3 3 129667
109265 10000 5 100000 109248 1 1 109248
73509 10000 5 100000 73504 2 2 73504
94230 10000 5 100000 94223 1 1 94223
118242 10000 5 100000 110301 2 2 110297
121442 10000 5 100000 117876 3 3 117871
94493 10000 5 100000 94359 2 2 94355
134031 10000 5 100000 127092 4 4 127088
80569 10000 5 100000 80562 2 2 80562
69143 10000 5 100000 69136 1 1 69135
58092 10000 5 100000 58085 1 1 58085
88265 10000 5 100000 81064 2 2 81060
73891 10000 5 100000 73883 3 3 73883
114314 10000 5 100000 106818 2 2 106814
95862 10000 5 100000 95856 3 3 95856
144762 10000 5 100000 144756 1 1 144756
123670 10000 5 100000 123658 1 1 123658
80974 10000 5 100000 73889 1 1 73886
84715 10000 5 100000 84705 3 3 84705
128728 10000 5 100000 121652 4 4 121647
112250 10000 5 100000 105637 2 2 105634
71558 10000 5 100000 71550 2 2 71550
70349 10000 5 100000 70336 1 1 70335
100653 10000 5 100000 100622 3 3 100620
118274 10000 5 100000 114798 3 3 114794
103549 10000 5 100000 101803 3 3 101801
131554 10000 5 100000 129711 2 2 129706
136109 10000 5 100000 136103 2 2 136103
147933 10000 5 100000 147923 1 1 147923
127848 10000 5 100000 127841 1 1 127841
145647 10000 5 100000 145149 1 1 145146
129391 10000 5 100000 110577 4 4 110569
97192 10000 5 100000 85472 2 2 85466
107425 10000 5 100000 104061 3 3 104059
