72555 10000 5 100000 72550 1 1 72550
105460 10000 5 100000 105451 1 1 105451
61941 10000 5 100000 61932 1 1 61932
71179 10000 5 100000 71171 1 1 71171
61092 10000 5 100000 61076 2 2 61074
108724 10000 5 100000 108720 2 2 108720
110557 10000 5 100000 110547 1 1 110547
66512 10000 5 100000 66501 1 1 66501
76012 10000 5 100000 76001 1 1 76001
92913 10000 5 100000 83106 2 2 83101
118525 10000 5 100000 111112 2 2 111109
85854 10000 5 100000 85838 1 1 85838
80202 10000 5 100000 80191 2 2 80190
80193 10000 5 100000 80176 2 2 80173
87051 10000 5 100000 87040 1 1 87040
67011 10000 5 100000 67001 1 1 67001
69693 10000 5 100000 69678 2 2 69678
76019 10000 5 100000 76011 1 1 76011
122338 10000 5 100000 110865 2 2 110860
73394 10000 5 100000 73384 1 1 73384
82185 10000 5 100000 82171 1 1 82171
107019 10000 5 100000 107011 2 2 107011
84864 10000 5 100000 84851 1 1 84851
106013 10000 5 100000 106005 1 1 106005
97923 10000 5 100000 97911 1 1 97911
74256 10000 5 100000 74247 2 2 74247
66894 10000 5 100000 66883 1 1 66883
101196 10000 5 100000 94674 2 2 94672
91340 10000 5 100000 91328 1 1 91328
115184 10000 5 100000 108246 3 3 108243
174279 10000 5 100000 174271 1 1 174271
113987 10000 5 100000 113977 1 1 113977
133655 10000 5 100000 133634 1 1 133634
107351 10000 5 100000 100642 2 2 100639
82519 10000 5 100000 82513 2 2 82513
97783 10000 5 100000 97773 1 1 97773
79898 10000 5 100000 79888 2 2 79888
109260 10000 5 100000 102771 2 2 102769
110480 10000 5 100000 101200 2 2 101196
77647 10000 5 100000 77633 2 2 77630
168553 10000 5 100000 162359 1 1 162357
71335 10000 5 100000 71325 2 2 71325
153496 10000 5 100000 153483 1 1 153483
104608 10000 5 100000 104600 1 1 104600
115907 10000 5 100000 115899 2 2 115899
89769 10000 5 100000 89763 1 1 89763
97604 10000 5 100000 94098 1 1 94094
62522 10000 5 100000 62514 2 2 62514
93256 10000 5 100000 93247 2 2 93247
129684 10000 5 100000 115095 1 1 115081
97293 10000 5 100000 93780 2 2 93775
178116 10000 5 100000 178106 3 3 178106
69061 10000 5 100000 68835 2 2 68833
108463 10000 5 100000 101000 3 3 100997
100016 10000 5 100000 100010 3 3 100009
126985 10000 5 100000 120831 1 1 120829
120138 10000 5 100000 120130 4 4 120130
86472 10000 5 100000 86465 1 1 86465
93080 10000 5 100000 93071 2 2 93071
91624 10000 5 100000 91616 2 2 91616
116197 10000 5 100000 116184 3 3 116184
119891 10000 5 100000 119885 1 1 119885
84690 10000 5 100000 81086 2 2 81083
76582 10000 5 100000 76573 2 2 76573
72903 10000 5 100000 72897 1 1 72897
93867 10000 5 100000 93855 2 2 93855
123422 10000 5 100000 116047 1 1 116044
87654 10000 5 100000 73489 1 1 73485
104027 10000 5 100000 93060 2 2 93054
78357 10000 5 100000 77376 3 3 77373
125777 10000 5 100000 125769 2 2 125766
134377 10000 5 100000 134372 3 3 134372
92621 10000 5 100000 92616 5 5 92615
79563 10000 5 100000 79556 1 1 79556
82966 10000 5 100000 82962 2 2 82961
57192 10000 5 100000 57184 1 1 57184
60427 10000 5 100000 60422 2 2 60422
89137 10000 5 100000 82604 1 1 82598
62989 10000 5 100000 62983 1 1 62983
123533 10000 5 100000 116844 3 3 116840
70428 10000 5 100000 68745 1 1 68742
90989 10000 5 100000 90980 2 2 90980
69827 10000 5 100000 69813 2 2 69810
79602 10000 5 100000 79596 1 1 79596
78875 10000 5 100000 78870 3 3 78870
58001 10000 5 100000 57992 2 2 57992
83920 10000 5 100000 80514 2 2 80509
111198 10000 5 100000 111192 1 1 111191
77848 10000 5 100000 77840 2 2 77840
81986 10000 5 100000 81981 1 1 81981
67694 10000 5 100000 61420 2 2 61416
67144 10000 5 100000 67136 1 1 67136
115848 10000 5 100000 115842 2 2 115842
58309 10000 5 100000 58297 2 2 58297
70310 10000 5 100000 70305 1 1 70305
106000 10000 5 100000 100021 4 4 100017
58409 10000 5 100000 58403 2 2 58403
70927 10000 5 100000 70921 2 2 70921
57519 10000 5 100000 57510 1 1 57510
52410 10000 5 100000 52405 1 1 52404
62886 10000 5 100000 62880 1 1 62880
58419 10000 5 100000 58412 2 2 58412
78559 10000 5 100000 78549 2 2 78549
52128 10000 5 100000 52123 2 2 52122
76354 10000 5 100000 76349 1 1 76349
55222 10000 5 100000 55201 2 2 55199
65270 10000 5 100000 65256 1 1 65256
75617 10000 5 100000 75611 2 2 75611
65925 10000 5 100000 65918 2 2 65918
47904 10000 5 100000 47891 1 1 47890
57709 10000 5 100000 56246 1 1 56243
52728 10000 5 100000 52720 4 4 52720
62031 10000 5 100000 62026 2 2 62025
68398 10000 5 100000 68388 1 1 68386
53409 10000 5 100000 53406 2 2 53406
58213 10000 5 100000 49345 2 2 49342
55222 10000 5 100000 52353 1 1 52351
92108 10000 5 100000 92104 2 2 92104
77162 10000 5 100000 77158 2 2 77158
82890 10000 5 100000 82887 1 1 82887
63995 10000 5 100000 63987 2 2 63987
90966 10000 5 100000 90956 2 2 90956
50708 10000 5 100000 50700 1 1 50700
60164 10000 5 100000 60158 2 2 60158
93937 10000 5 100000 93932 1 1 93932
52883 10000 5 100000 52876 2 2 52875
76835 10000 5 100000 76832 1 1 76832
52249 10000 5 100000 52134 1 1 52133
55746 10000 5 100000 55740 1 1 55740
73510 10000 5 100000 70706 3 3 70704
70929 10000 5 100000 64791 1 1 64786
93254 10000 5 100000 93246 2 2 93245
65387 10000 5 100000 59737 3 3 59736
62446 10000 5 100000 62436 1 1 62436
53015 10000 5 100000 53006 2 2 53006
51738 10000 5 100000 51626 3 3 51624
50962 10000 5 100000 50952 1 1 50952
85035 10000 5 100000 85028 2 2 85028
59346 10000 5 100000 59337 1 1 59337
69761 10000 5 100000 69752 1 1 69750
59588 10000 5 100000 58033 1 1 58031
84401 10000 5 100000 84396 2 2 84396
57954 10000 5 100000 57947 3 3 57947
95509 10000 5 100000 95502 1 1 95502
78411 10000 5 100000 78401 1 1 78401
75746 10000 5 100000 72759 1 1 72758
66561 10000 5 100000 66550 1 1 66548
60763 10000 5 100000 60757 2 2 60757
72081 10000 5 100000 72074 4 4 72074
92924 10000 5 100000 86511 1 1 86508
112615 10000 5 100000 106475 2 2 106471
76689 10000 5 100000 76683 2 2 76683
128440 10000 5 100000 128436 2 2 128435
64395 10000 5 100000 64383 2 2 64383
99602 10000 5 100000 91628 2 2 91622
84217 10000 5 100000 74571 2 2 74566
87854 10000 5 100000 87847 2 2 87847
95913 10000 5 100000 88823 2 2 88819
65068 10000 5 100000 65062 3 3 65062
77156 10000 5 100000 73700 2 2 73696
108706 10000 5 100000 101899 1 1 101896
150345 10000 5 100000 137076 3 3 137073
80764 10000 5 100000 80756 2 2 80756
66064 10000 5 100000 66053 2 2 66053
89109 10000 5 100000 89104 1 1 89104
102999 10000 5 100000 95728 1 1 95726
104607 10000 5 100000 104597 1 1 104597
136046 10000 5 100000 136038 2 2 136038
184300 10000 5 100000 184284 2 2 184284
56667 10000 5 100000 56655 2 2 56655
159449 10000 5 100000 159439 1 1 159439
103238 10000 5 100000 103224 2 2 103224
91366 10000 5 100000 91352 1 1 91352
115497 10000 5 100000 115488 1 1 115488
92771 10000 5 100000 92756 1 1 92756
131061 10000 5 100000 131049 2 2 131049
153211 10000 5 100000 149778 1 1 149775
115747 10000 5 100000 115727 2 2 115727
75878 10000 5 100000 75869 1 1 75869
91942 10000 5 100000 91931 1 1 91931
68629 10000 5 100000 68610 1 1 68610
75505 10000 5 100000 75500 1 1 75500
81955 10000 5 100000 73856 1 1 73854
151460 10000 5 100000 139947 1 1 139940
135172 10000 5 100000 135165 2 2 135165
77182 10000 5 100000 75322 2 2 75320
130361 10000 5 100000 126916 1 1 126913
80402 10000 5 100000 80389 2 2 80387
104308 10000 5 100000 104300 4 4 104300
167409 10000 5 100000 167398 2 2 167398
114009 10000 5 100000 106810 1 1 106808
88833 10000 5 100000 88828 1 1 88828
127899 10000 5 100000 104140 2 2 104134
105572 10000 5 100000 105564 1 1 105564
126908 10000 5 100000 119941 2 2 119940
91410 10000 5 100000 84101 1 1 84098
81923 10000 5 100000 81904 2 2 81904
143109 10000 5 100000 118647 3 3 118641
113490 10000 5 100000 113482 2 2 113482
98463 10000 5 100000 98448 4 4 98448
125731 10000 5 100000 125716 2 2 125716
87672 10000 5 100000 87664 1 1 87664
66389 10000 5 100000 64526 2 2 64524
147503 10000 5 100000 147497 1 1 147497
3264639 10000 5 100000 98969 2 2 98964
67988 10000 5 100000 67982 1 1 67982
117559 10000 5 100000 117549 2 3 117549
132689 10000 5 100000 132682 1 1 132681
98285 10000 5 100000 98276 2 2 98276
163208 10000 5 100000 163198 1 1 163198
