70513 10000 5 100000 70508 2 2 70508
105139 10000 5 100000 105133 2 2 105133
63817 10000 5 100000 63809 1 1 63809
84752 10000 5 100000 76176 2 2 76173
84943 10000 5 100000 84933 2 2 84933
88122 10000 5 100000 88115 1 1 88114
71244 10000 5 100000 71237 1 1 71237
142515 10000 5 100000 136215 3 3 136210
87079 10000 5 100000 75414 3 3 75411
141170 10000 5 100000 141159 2 2 141159
122280 10000 5 100000 122263 1 1 122263
145652 10000 5 100000 145638 1 1 145638
77080 10000 5 100000 77070 1 1 77070
80706 10000 5 100000 80697 2 2 80697
60962 10000 5 100000 60883 1 1 60883
127796 10000 5 100000 127787 2 2 127787
83283 10000 5 100000 83273 1 1 83273
113880 10000 5 100000 113869 1 1 113869
60082 10000 5 100000 60072 2 2 60072
107500 10000 5 100000 97932 6 6 97927
101079 10000 5 100000 101070 1 1 101070
139024 10000 5 100000 139015 1 1 139015
65781 10000 5 100000 65768 1 1 65768
136519 10000 5 100000 136510 2 2 136510
69125 10000 5 100000 69111 2 2 69111
111336 10000 5 100000 104724 3 3 104721
126925 10000 5 100000 126918 2 2 126918
71417 10000 5 100000 67816 4 4 67813
99487 10000 5 100000 99470 1 1 99470
107004 10000 5 100000 99949 3 3 99947
187439 10000 5 100000 187432 2 2 187432
114751 10000 5 100000 114745 1 1 114745
111963 10000 5 100000 99130 5 5 99127
110839 10000 5 100000 110833 1 1 110833
73695 10000 5 100000 73688 1 1 73688
92752 10000 5 100000 92743 2 2 92743
154782 10000 5 100000 147982 3 3 147979
71879 10000 5 100000 71872 1 1 71872
84348 10000 5 100000 80640 2 2 80637
80595 10000 5 100000 78850 2 2 78848
80950 10000 5 100000 80937 2 2 80935
79905 10000 5 100000 78139 2 2 78134
80291 10000 5 100000 80282 1 1 80282
143256 10000 5 100000 143242 2 2 143242
174285 10000 5 100000 174280 1 1 174280
71115 10000 5 100000 71111 1 1 71111
68208 10000 5 100000 68201 1 1 68201
105719 10000 5 100000 99030 2 2 99025
134168 10000 5 100000 100829 3 3 100825
121902 10000 5 100000 121896 1 1 121896
100932 10000 5 100000 100916 1 1 100916
77170 10000 5 100000 77160 1 1 77160
84247 10000 5 100000 84241 1 1 84241
138156 10000 5 100000 131842 2 2 131839
56092 10000 5 100000 56083 2 2 56083
104630 10000 5 100000 97705 2 2 97701
80917 10000 5 100000 80907 1 1 80907
73814 10000 5 100000 73809 1 1 73808
103654 10000 5 100000 103640 2 2 103640
91728 10000 5 100000 91719 1 1 91719
83188 10000 5 100000 83181 1 1 83181
58369 10000 5 100000 55047 2 2 55044
110831 10000 5 100000 110824 1 1 110823
140500 10000 5 100000 140488 1 1 140488
78306 10000 5 100000 78294 3 3 78294
75780 10000 5 100000 75774 1 1 75774
125935 10000 5 100000 125928 1 1 125928
78967 10000 5 100000 78963 2 2 78962
143017 10000 5 100000 143009 1 1 143009
68935 10000 5 100000 68930 1 1 68930
70349 10000 5 100000 70344 2 2 70344
116491 10000 5 100000 116487 1 1 116487
77150 10000 5 100000 77144 1 1 77144
58667 10000 5 100000 58660 2 2 58660
63158 10000 5 100000 63149 1 1 63149
88183 10000 5 100000 82253 2 2 82251
80962 10000 5 100000 80957 2 2 80957
77133 10000 5 100000 77123 1 1 77123
90694 10000 5 100000 89804 2 2 89802
123665 10000 5 100000 123659 1 1 123659
70210 10000 5 100000 70198 1 1 70198
82095 10000 5 100000 73432 3 3 73430
74283 10000 5 100000 74270 1 1 74269
77304 10000 5 100000 77297 2 2 77297
49856 10000 5 100000 49848 1 1 49848
64062 10000 5 100000 64055 1 1 64055
78250 10000 5 100000 78242 3 3 78242
127061 10000 5 100000 127055 1 1 127055
72912 10000 5 100000 72902 1 1 72902
83066 10000 5 100000 83052 3 3 83051
58515 10000 5 100000 58506 1 1 58505
87233 10000 5 100000 81163 2 2 81160
117291 10000 5 100000 111464 2 2 111461
112526 10000 5 100000 106811 2 2 106809
56026 10000 5 100000 56017 1 1 56016
61338 10000 5 100000 61330 2 2 61329
53246 10000 5 100000 53231 1 2 53229
98963 10000 5 100000 98958 1 1 98958
71231 10000 5 100000 46383 3 3 46379
51612 10000 5 100000 51603 2 2 51603
109161 10000 5 100000 103379 2 2 103377
58519 10000 5 100000 58511 1 1 58511
70250 10000 5 100000 61793 4 4 61791
65960 10000 5 100000 65952 2 2 65952
64517 10000 5 100000 64512 1 1 64512
70467 10000 5 100000 70455 1 1 70454
56906 10000 5 100000 56899 1 1 56899
58642 10000 5 100000 55668 2 2 55667
92200 10000 5 100000 92191 1 1 92191
53011 10000 5 100000 52996 1 1 52995
51982 10000 5 100000 46655 3 3 46653
54033 10000 5 100000 54022 1 1 54022
60384 10000 5 100000 54997 3 3 54995
85849 10000 5 100000 85841 1 1 85841
43921 10000 5 100000 43915 1 1 43915
64960 10000 5 100000 64946 2 2 64946
66661 10000 5 100000 66658 1 1 66658
68023 10000 5 100000 68014 2 2 68014
49885 10000 5 100000 49876 1 1 49876
58787 10000 5 100000 58779 1 1 58779
56297 10000 5 100000 56182 3 3 56179
68662 10000 5 100000 63101 3 3 63099
45010 10000 5 100000 45000 1 1 45000
67015 10000 5 100000 63406 2 2 63401
62050 10000 5 100000 62041 2 2 62041
55796 10000 5 100000 55784 1 1 55784
57937 10000 5 100000 57928 1 1 57928
65515 10000 5 100000 65505 1 1 65505
106397 10000 5 100000 100728 2 2 100726
92618 10000 5 100000 86926 2 2 86922
53806 10000 5 100000 53801 2 2 53801
60628 10000 5 100000 60620 1 1 60620
111172 10000 5 100000 105409 2 2 105407
48692 10000 5 100000 48684 2 2 48684
67983 10000 5 100000 67977 1 1 67977
54833 10000 5 100000 54828 1 1 54828
82363 10000 5 100000 82353 2 2 82353
104231 10000 5 100000 104219 2 2 104219
71717 10000 5 100000 71706 1 1 71706
73216 10000 5 100000 67170 3 3 67167
93435 10000 5 100000 93413 3 3 93411
62231 10000 5 100000 62222 1 1 62222
67374 10000 5 100000 67365 1 1 67365
67006 10000 5 100000 60713 3 3 60710
62616 10000 5 100000 62608 1 1 62608
2027452 10000 5 100000 78135 3 4 78130
130736 10000 5 100000 130723 1 1 130723
154264 10000 5 100000 154258 2 2 154258
105203 10000 5 100000 97592 2 2 97587
80102 10000 5 100000 80091 2 2 80091
73316 10000 5 100000 73307 1 1 73307
113421 10000 5 100000 113415 2 2 113415
79592 10000 5 100000 79577 1 1 79577
88637 10000 5 100000 88628 1 1 88628
101111 10000 5 100000 101100 1 1 101100
81155 10000 5 100000 81152 1 1 81152
136746 10000 5 100000 136733 2 2 136733
69661 10000 5 100000 69654 2 2 69653
117804 10000 5 100000 105831 2 2 105826
106056 10000 5 100000 106049 1 1 106049
88102 10000 5 100000 78414 3 3 78410
133641 10000 5 100000 133633 1 1 133633
99000 10000 5 100000 91991 2 2 91987
101094 10000 5 100000 87270 2 2 87263
147355 10000 5 100000 140408 2 2 140404
108783 10000 5 100000 108778 1 1 108778
126735 10000 5 100000 126729 1 1 126729
79554 10000 5 100000 79547 1 1 79547
3197216 10000 5 100000 87185 2 3 87177
115544 10000 5 100000 115536 1 1 115536
83041 10000 5 100000 83037 1 1 83037
75346 10000 5 100000 75338 1 1 75338
152241 10000 5 100000 145259 2 2 145256
121228 10000 5 100000 121221 1 1 121221
139535 10000 5 100000 139523 2 2 139523
102244 10000 5 100000 102235 1 1 102235
123503 10000 5 100000 123494 1 1 123494
183038 10000 5 100000 183031 2 2 183031
69794 10000 5 100000 69782 2 2 69782
116765 10000 5 100000 101713 2 2 101706
102939 10000 5 100000 102933 1 1 102933
162692 10000 5 100000 162679 2 2 162679
77021 10000 5 100000 77016 1 1 77016
134261 10000 5 100000 134252 2 2 134252
89810 10000 5 100000 89800 2 2 89800
68354 10000 5 100000 68348 1 1 68348
85003 10000 5 100000 84995 1 1 84995
79177 10000 5 100000 79164 1 1 79164
133325 10000 5 100000 133315 1 1 133315
88476 10000 5 100000 88468 1 1 88468
90695 10000 5 100000 90687 1 1 90687
74933 10000 5 100000 74924 2 2 74924
83305 10000 5 100000 83296 6 6 83293
77160 10000 5 100000 77153 2 2 77153
77170 10000 5 100000 77163 2 2 77163
72376 10000 5 100000 72370 1 1 72370
79496 10000 5 100000 79491 1 1 79491
92918 10000 5 100000 86761 2 2 86759
84315 10000 5 100000 84308 2 2 84308
62614 10000 5 100000 62609 1 1 62609
79901 10000 5 100000 79895 1 1 79895
66312 10000 5 100000 66304 1 1 66304
91547 10000 5 100000 91541 1 1 91541
67945 10000 5 100000 66287 2 2 66284
64853 10000 5 100000 64847 3 3 64847
70696 10000 5 100000 70690 2 2 70690
92761 10000 5 100000 92754 1 1 92754
55738 10000 5 100000 55729 1 1 55728
72394 10000 5 100000 72387 1 1 72387
56036 10000 5 100000 56023 1 1 56021
63019 10000 5 100000 63014 3 3 63014
59811 10000 5 100000 59807 1 1 59807
70502 10000 5 100000 61600 1 1 61595
