105366 10000 5 100000 105351 1 1 105351
143343 10000 5 100000 136249 2 2 136246
109509 10000 5 100000 109500 1 1 109500
187844 10000 5 100000 181142 2 2 181140
154538 10000 5 100000 127379 3 3 127375
82997 10000 5 100000 82985 1 1 82985
97548 10000 5 100000 90427 2 2 90424
154388 10000 5 100000 139295 2 2 139294
72990 10000 5 100000 72978 1 1 72978
130993 10000 5 100000 121680 2 2 121675
129708 10000 5 100000 129696 1 1 129696
96577 10000 5 100000 89395 5 5 89392
64838 10000 5 100000 64831 1 1 64831
124289 10000 5 100000 124282 3 3 124282
86845 10000 5 100000 86833 1 1 86832
112053 10000 5 100000 112041 1 1 112041
105004 10000 5 100000 104997 1 1 104997
150406 10000 5 100000 150396 2 2 150396
143965 10000 5 100000 143956 2 2 143956
68134 10000 5 100000 68037 2 2 68037
101690 10000 5 100000 94514 3 3 94512
84615 10000 5 100000 84607 2 2 84607
84269 10000 5 100000 84260 3 3 84260
127964 10000 5 100000 121617 3 3 121615
116090 10000 5 100000 116081 1 1 116081
98607 10000 5 100000 98602 1 1 98602
93433 10000 5 100000 83470 4 4 83467
108538 10000 5 100000 108531 1 1 108531
171580 10000 5 100000 160714 3 3 160712
96198 10000 5 100000 96193 1 1 96192
67767 10000 5 100000 67751 6 6 67748
87776 10000 5 100000 87765 2 2 87765
94504 10000 5 100000 74443 3 3 74433
66058 10000 5 100000 66047 1 1 66047
218831 10000 5 100000 212643 2 2 212640
79251 10000 5 100000 79244 1 1 79244
157840 10000 5 100000 146952 3 3 146948
108288 10000 5 100000 108268 2 2 108268
77177 10000 5 100000 77166 3 3 77166
111049 10000 5 100000 111043 1 1 111043
86259 10000 5 100000 86250 1 1 86250
80991 10000 5 100000 76638 5 5 76634
83452 10000 5 100000 83440 2 2 83440
71745 10000 5 100000 71736 1 1 71736
95524 10000 5 100000 95509 1 1 95509
100846 10000 5 100000 93491 3 3 93487
75540 10000 5 100000 75531 4 4 75531
90285 10000 5 100000 82296 5 5 82293
142088 10000 5 100000 142076 1 1 142076
70424 10000 5 100000 70420 2 2 70396
80623 10000 5 100000 80614 1 1 80614
92101 10000 5 100000 92087 1 1 92086
71307 10000 5 100000 64828 3 3 64825
69627 10000 5 100000 69620 1 1 69620
68129 10000 5 100000 68120 1 1 68120
87052 10000 5 100000 87047 2 2 87047
86685 10000 5 100000 85044 3 3 85042
117301 10000 5 100000 117289 1 1 117289
76989 10000 5 100000 70582 2 2 70579
76117 10000 5 100000 76112 1 1 76111
74733 10000 5 100000 74727 1 1 74727
65750 10000 5 100000 63975 2 2 63972
92203 10000 5 100000 92197 1 1 92197
71960 10000 5 100000 71953 2 2 71953
74212 10000 5 100000 67578 2 2 67575
75869 10000 5 100000 75856 1 1 75856
73372 10000 5 100000 73365 1 1 73365
67972 10000 5 100000 67965 1 1 67965
64233 10000 5 100000 64226 1 1 64226
72714 10000 5 100000 72703 2 2 72703
105403 10000 5 100000 105392 2 2 105392
91899 10000 5 100000 91890 1 1 91890
69621 10000 5 100000 66308 2 2 66304
84461 10000 5 100000 84452 1 1 84452
69778 10000 5 100000 68112 2 2 68109
84840 10000 5 100000 84833 2 2 84833
84177 10000 5 100000 84169 1 1 84169
85702 10000 5 100000 85696 1 1 85696
90127 10000 5 100000 90122 2 2 90122
92641 10000 5 100000 92638 1 1 92638
70996 10000 5 100000 63295 2 2 63287
75260 10000 5 100000 75254 2 2 75254
65998 10000 5 100000 65989 1 1 65989
71662 10000 5 100000 68634 2 2 68631
52867 10000 5 100000 52855 1 1 52855
66280 10000 5 100000 66266 2 2 66266
62629 10000 5 100000 62616 3 3 62616
77624 10000 5 100000 71789 3 3 71788
58202 10000 5 100000 58193 2 2 58193
56544 10000 5 100000 56536 1 1 56536
75111 10000 5 100000 75107 1 1 75107
82138 10000 5 100000 82129 1 1 82129
59398 10000 5 100000 52012 3 3 52009
57972 10000 5 100000 53053 4 4 53049
51013 10000 5 100000 51004 2 2 51004
39592 10000 5 100000 39586 1 1 39586
65120 10000 5 100000 65111 2 2 65111
57337 10000 5 100000 57328 1 1 57328
69493 10000 5 100000 63470 3 3 63467
66811 10000 5 100000 54619 3 3 54615
78091 10000 5 100000 72771 2 2 72769
61141 10000 5 100000 61135 1 1 61135
50681 10000 5 100000 50673 1 1 50673
50109 10000 5 100000 50079 4 4 50077
48358 10000 5 100000 48349 1 1 48349
53461 10000 5 100000 53456 1 1 53456
61839 10000 5 100000 59060 1 1 59058
72149 10000 5 100000 72142 1 1 72142
70180 10000 5 100000 64755 2 2 64753
59865 10000 5 100000 59854 4 4 59852
55315 10000 5 100000 55307 1 1 55307
50470 10000 5 100000 50460 1 1 50460
57149 10000 5 100000 57140 1 1 57140
66099 10000 5 100000 59666 2 2 59664
67383 10000 5 100000 67374 2 2 67374
78850 10000 5 100000 78841 1 1 78841
42448 10000 5 100000 42441 1 1 42441
66462 10000 5 100000 66452 1 1 66452
53065 10000 5 100000 53052 2 2 53050
78244 10000 5 100000 72154 2 2 72150
66871 10000 5 100000 66855 1 1 66854
2541198 10000 5 100000 68002 2 3 67996
80008 10000 5 100000 79998 1 1 79998
154871 10000 5 100000 147704 2 2 147702
79881 10000 5 100000 79875 2 2 79874
78339 10000 5 100000 78318 2 2 78317
152054 10000 5 100000 145356 2 2 145353
91134 10000 5 100000 91126 4 4 91126
98374 10000 5 100000 91369 3 3 91366
99024 10000 5 100000 92799 2 2 92797
58957 10000 5 100000 58950 2 2 58950
100866 10000 5 100000 100855 1 1 100855
80705 10000 5 100000 80700 2 2 80700
80831 10000 5 100000 80818 1 1 80818
110852 10000 5 100000 110844 1 1 110844
80192 10000 5 100000 80172 2 2 80172
141126 10000 5 100000 134642 2 2 134636
79672 10000 5 100000 79660 1 1 79660
79717 10000 5 100000 79699 3 3 79698
71400 10000 5 100000 71385 1 1 71385
163423 10000 5 100000 155705 3 3 155703
68312 10000 5 100000 68298 1 1 68297
187047 10000 5 100000 180419 3 3 180416
70641 10000 5 100000 70638 1 1 70638
110338 10000 5 100000 103376 3 3 103372
122726 10000 5 100000 119065 3 3 119064
114880 10000 5 100000 107717 2 2 107713
84854 10000 5 100000 84841 3 3 84841
158237 10000 5 100000 158227 2 2 158227
96087 10000 5 100000 78844 4 4 78839
93659 10000 5 100000 93652 1 1 93652
131357 10000 5 100000 131352 1 1 131352
131666 10000 5 100000 131659 1 1 131659
171754 10000 5 100000 171749 1 1 171749
81249 10000 5 100000 81244 1 1 81244
134534 10000 5 100000 121482 2 2 121478
87857 10000 5 100000 76722 2 2 76721
107941 10000 5 100000 107935 1 1 107935
118513 10000 5 100000 101483 4 4 101478
101140 10000 5 100000 93318 3 3 93310
157098 10000 5 100000 157093 1 1 157093
124693 10000 5 100000 124684 2 2 124684
124742 10000 5 100000 124735 1 1 124735
136131 10000 5 100000 136120 1 1 136120
85747 10000 5 100000 85739 2 2 85739
135518 10000 5 100000 135508 1 1 135508
83274 10000 5 100000 83264 1 1 83264
83966 10000 5 100000 83960 3 3 83959
91512 10000 5 100000 91501 1 1 91501
109731 10000 5 100000 109721 1 1 109721
74195 10000 5 100000 67274 3 3 67271
119930 10000 5 100000 112919 2 2 112914
86977 10000 5 100000 86970 1 1 86970
170624 10000 5 100000 170616 2 2 170616
103958 10000 5 100000 95254 3 3 95250
106534 10000 5 100000 83739 4 4 83730
78275 10000 5 100000 70903 2 2 70899
77179 10000 5 100000 77170 1 1 77170
68924 10000 5 100000 68918 2 2 68918
157804 10000 5 100000 150281 2 2 150279
84298 10000 5 100000 77979 2 2 77973
114967 10000 5 100000 114960 1 1 114960
124286 10000 5 100000 124279 1 1 124279
99403 10000 5 100000 99394 1 1 99394
131805 10000 5 100000 131800 3 3 131800
96794 10000 5 100000 96780 1 1 96780
92951 10000 5 100000 92945 1 1 92945
84513 10000 5 100000 84506 1 1 84506
81723 10000 5 100000 81715 1 1 81715
76029 10000 5 100000 76015 2 2 76015
76967 10000 5 100000 76959 3 3 76959
67782 10000 5 100000 67775 2 2 67775
147180 10000 5 100000 139665 3 3 139663
85633 10000 5 100000 85629 1 1 85629
127033 10000 5 100000 127025 1 1 127025
75127 10000 5 100000 75119 2 2 75119
92984 10000 5 100000 92977 2 2 92977
86122 10000 5 100000 86115 1 1 86115
73859 10000 5 100000 73852 1 1 73852
120748 10000 5 100000 120742 1 1 120742
125469 10000 5 100000 125461 1 1 125461
88259 10000 5 100000 88250 1 1 88250
89253 10000 5 100000 89248 1 1 89248
74916 10000 5 100000 74905 1 1 74905
82835 10000 5 100000 82825 1 1 82825
68286 10000 5 100000 68277 2 2 68277
100241 10000 5 100000 100231 2 2 100231
77490 10000 5 100000 77474 2 2 77472
116222 10000 5 100000 116216 1 1 116216
76198 10000 5 100000 76191 1 1 76191
63911 10000 5 100000 63903 1 1 63903
104765 10000 5 100000 104760 1 1 104760
139985 10000 5 100000 132952 2 2 132949
72482 10000 5 100000 72475 1 1 72475
76172 10000 5 100000 76165 4 4 76165
89302 10000 5 100000 82699 2 2 82694
79533 10000 5 100000 79527 2 2 79527
92429 10000 5 100000 92414 3 3 92412
82446 10000 5 100000 82440 1 1 82439
80455 10000 5 100000 80443 1 1 80442
