64728 11025 5 100000 64715 1 1 64715
86318 11025 5 100000 86314 1 1 86313
67560 11025 5 100000 67554 2 2 67554
67551 11025 5 100000 67546 2 2 67546
75320 11025 5 100000 75311 1 1 75311
71038 11025 5 100000 71028 1 1 71028
60523 11025 5 100000 60511 4 4 60511
59820 11025 5 100000 59813 1 1 59813
91564 11025 5 100000 91558 1 1 91558
44102 11025 5 100000 44093 2 2 44091
65879 11025 5 100000 65871 1 1 65871
51259 11025 5 100000 51244 2 2 51243
72359 11025 5 100000 72347 1 1 72346
105802 11025 5 100000 105796 1 1 105796
105410 11025 5 100000 90778 3 3 90770
74704 11025 5 100000 74694 2 2 74694
57018 11025 5 100000 57008 1 1 57008
57279 11025 5 100000 57268 2 2 57268
136685 11025 5 100000 120835 2 2 120832
89941 11025 5 100000 82992 2 2 82989
93252 11025 5 100000 93245 1 1 93245
75242 11025 5 100000 75228 1 1 75228
69891 11025 5 100000 69879 1 1 69879
70474 11025 5 100000 70468 1 1 70468
86377 11025 5 100000 71017 2 2 71012
66260 11025 5 100000 66255 1 1 66255
86906 11025 5 100000 86899 1 1 86899
122409 11025 5 100000 122403 2 2 122402
102388 11025 5 100000 87150 2 2 87146
146313 11025 5 100000 131597 3 3 131592
89936 11025 5 100000 89929 1 1 89929
116994 11025 5 100000 97788 4 4 97782
92167 11025 5 100000 92157 1 1 92157
128859 11025 5 100000 105248 5 5 105246
113254 11025 5 100000 113243 2 2 113243
109502 11025 5 100000 109491 1 1 109491
70248 11025 5 100000 70237 2 2 70237
183989 11025 5 100000 183983 1 1 183983
94317 11025 5 100000 94311 1 1 94311
87438 11025 5 100000 87430 1 1 87430
96553 11025 5 100000 80638 2 2 80631
113639 11025 5 100000 113620 1 1 113620
127429 11025 5 100000 127417 1 1 127417
157164 11025 5 100000 157150 1 1 157150
122798 11025 5 100000 122776 2 2 122773
170048 11025 5 100000 170040 1 1 170040
100254 11025 5 100000 100242 1 1 100242
117587 11025 5 100000 117577 1 1 117577
108186 11025 5 100000 108171 1 1 108171
92266 11025 5 100000 92258 1 1 92258
154439 11025 5 100000 154428 1 1 154428
114464 11025 5 100000 114453 2 2 114453
179155 11025 5 100000 161454 2 2 161451
207961 11025 5 100000 207946 1 1 207946
1683757 11025 5 100000 85521 4 4 85517
114854 11025 5 100000 114842 1 1 114842
100975 11025 5 100000 100970 1 1 100970
77975 11025 5 100000 77966 4 4 77966
129711 11025 5 100000 129703 1 1 129703
136162 11025 5 100000 136133 3 3 136130
80976 11025 5 100000 80965 1 1 80965
75604 11025 5 100000 75595 1 1 75595
123622 11025 5 100000 106624 2 2 106619
67718 11025 5 100000 67710 1 1 67710
95974 11025 5 100000 95964 1 1 95964
106647 11025 5 100000 106639 2 2 106639
123558 11025 5 100000 106611 1 1 106608
167691 11025 5 100000 167684 3 3 167684
119499 11025 5 100000 106385 1 1 106383
123444 11025 5 100000 123438 1 1 123438
79721 11025 5 100000 79713 1 1 79713
70133 11025 5 100000 70126 2 2 70126
100637 11025 5 100000 100629 2 2 100629
119215 11025 5 100000 119208 1 1 119208
119226 11025 5 100000 119220 1 1 119219
89966 11025 5 100000 89959 1 1 89958
147526 11025 5 100000 132660 1 1 132654
186484 11025 5 100000 186478 3 3 186478
80648 11025 5 100000 80638 1 1 80638
94221 11025 5 100000 94211 1 1 94211
130206 11025 5 100000 94054 1 1 94052
100869 11025 5 100000 100856 2 2 100855
169209 11025 5 100000 154515 2 2 154511
133808 11025 5 100000 133803 2 2 133803
100191 11025 5 100000 86602 1 1 86597
102311 11025 5 100000 102302 2 2 102302
77772 11025 5 100000 77763 2 2 77763
137610 11025 5 100000 123109 1 1 123106
117602 11025 5 100000 96697 2 2 96689
109104 11025 5 100000 109096 2 2 109096
158534 11025 5 100000 143728 1 1 143719
164657 11025 5 100000 164649 2 2 164649
92233 11025 5 100000 92222 2 2 92222
87879 11025 5 100000 87872 1 1 87872
72654 11025 5 100000 72648 1 1 72648
72765 11025 5 100000 72757 1 1 72757
79069 11025 5 100000 79063 1 1 79063
69698 11025 5 100000 69691 1 1 69691
69929 11025 5 100000 69919 1 1 69919
1012183 11025 5 100000 55179 1 1 55174
82416 11025 5 100000 82408 4 4 82408
85620 11025 5 100000 73494 1 1 73490
97159 11025 5 100000 83302 2 2 83299
70378 11025 5 100000 70373 3 3 70373
60568 11025 5 100000 60563 1 1 60563
68277 11025 5 100000 68272 1 1 68272
79977 11025 5 100000 67801 1 1 67797
72210 11025 5 100000 72205 3 3 72204
102339 11025 5 100000 91650 1 1 91647
66971 11025 5 100000 66967 2 2 66967
98953 11025 5 100000 98948 1 1 98948
74576 11025 5 100000 68450 1 1 68445
69619 11025 5 100000 63959 2 2 63958
61316 11025 5 100000 61307 2 2 61307
74790 11025 5 100000 68911 1 1 68909
66285 11025 5 100000 66206 2 2 66205
102134 11025 5 100000 90848 3 3 90842
67855 11025 5 100000 67848 2 2 67848
66476 11025 5 100000 66472 1 1 66472
60680 11025 5 100000 60674 2 2 60674
104481 11025 5 100000 93227 1 1 93225
65099 11025 5 100000 65086 2 2 65086
63894 11025 5 100000 63888 1 1 63888
103886 11025 5 100000 103880 2 2 103880
97850 11025 5 100000 97841 1 1 97841
269761 11025 5 100000 60639 1 1 60635
91395 11025 5 100000 91390 3 3 91390
85222 11025 5 100000 85215 1 1 85215
64845 11025 5 100000 64829 1 1 64829
89930 11025 5 100000 72231 3 3 72225
88372 11025 5 100000 88366 5 5 88366
86009 11025 5 100000 86001 1 1 86001
67074 11025 5 100000 67062 1 1 67062
97899 11025 5 100000 97894 2 2 97894
68830 11025 5 100000 68824 1 1 68824
82218 11025 5 100000 82212 1 1 82211
63300 11025 5 100000 63294 1 1 63294
68893 11025 5 100000 68888 1 1 68888
68581 11025 5 100000 68573 1 1 68573
71329 11025 5 100000 71321 1 1 71320
132215 11025 5 100000 132209 2 2 132208
73490 11025 5 100000 73475 1 1 73475
110212 11025 5 100000 91034 2 2 91028
97441 11025 5 100000 81814 3 3 81807
88633 11025 5 100000 88625 2 2 88625
83483 11025 5 100000 83475 1 1 83475
91788 11025 5 100000 83056 1 1 83052
72853 11025 5 100000 72846 2 2 72846
108425 11025 5 100000 90113 1 1 90108
85939 11025 5 100000 85929 3 3 85929
72800 11025 5 100000 72792 1 1 72792
166995 11025 5 100000 166989 1 1 166989
146723 11025 5 100000 146717 1 1 146717
141778 11025 5 100000 141772 1 1 141772
175563 11025 5 100000 175553 2 2 175553
74447 11025 5 100000 74435 2 2 74433
170956 11025 5 100000 154546 3 3 154540
118611 11025 5 100000 114817 2 2 114815
165441 11025 5 100000 140865 2 2 140858
120999 11025 5 100000 120992 3 3 120992
158395 11025 5 100000 158387 2 2 158386
140638 11025 5 100000 121703 1 1 121700
116706 11025 5 100000 116687 2 2 116687
112831 11025 5 100000 112826 1 1 112826
126602 11025 5 100000 126595 2 2 126595
86544 11025 5 100000 86534 2 2 86534
75060 11025 5 100000 75048 1 1 75048
137291 11025 5 100000 137283 3 3 137282
151124 11025 5 100000 132856 1 1 132854
100191 11025 5 100000 100182 2 2 100182
214360 11025 5 100000 195613 1 1 195608
136755 11025 5 100000 136750 2 2 136750
106088 11025 5 100000 92541 2 2 92538
96308 11025 5 100000 88571 4 4 88566
122926 11025 5 100000 122920 2 2 122920
92834 11025 5 100000 92828 1 1 92828
194698 11025 5 100000 174003 1 1 173998
87770 11025 5 100000 87759 3 3 87759
65400 11025 5 100000 63412 1 1 63409
116011 11025 5 100000 116004 2 2 116004
133682 11025 5 100000 133675 1 1 133675
97194 11025 5 100000 97184 1 1 97182
104986 11025 5 100000 104979 2 2 104979
124251 11025 5 100000 124244 2 2 124244
102290 11025 5 100000 102280 1 1 102277
83336 11025 5 100000 83326 2 2 83326
105295 11025 5 100000 105288 1 1 105288
90263 11025 5 100000 90252 1 1 90252
103466 11025 5 100000 103455 1 1 103453
74410 11025 5 100000 74403 2 2 74403
94419 11025 5 100000 94407 2 2 94407
139007 11025 5 100000 139001 1 1 139001
139525 11025 5 100000 139517 1 1 139517
89580 11025 5 100000 89573 1 1 89573
105769 11025 5 100000 105760 1 1 105760
82966 11025 5 100000 82960 2 2 82960
91710 11025 5 100000 77503 1 1 77496
134589 11025 5 100000 127450 2 2 127446
114428 11025 5 100000 114423 2 2 114423
102386 11025 5 100000 102381 2 2 102381
132903 11025 5 100000 115965 1 1 115960
73344 11025 5 100000 73336 3 3 73336
81211 11025 5 100000 81202 1 1 81202
132117 11025 5 100000 132110 2 2 132110
89918 11025 5 100000 89912 1 1 89912
111632 11025 5 100000 111625 1 1 111624
124448 11025 5 100000 124441 1 1 124441
87723 11025 5 100000 87716 1 1 87716
121427 11025 5 100000 121420 3 3 121420
115051 11025 5 100000 115035 1 1 115034
118292 11025 5 100000 118285 3 3 118284
139307 11025 5 100000 139301 1 1 139301
143718 11025 5 100000 143710 3 3 143710
159013 11025 5 100000 158996 1 1 158996
124749 11025 5 100000 124744 1 1 124744
69957 11025 5 100000 69949 1 1 69949
115768 11025 5 100000 115762 1 1 115762
102384 11025 5 100000 102379 1 1 102379
66337 11025 5 100000 66330 1 1 66330
102346 11025 5 100000 93830 2 2 93826
