83707 11025 5 100000 83701 1 1 83701
129650 11025 5 100000 129639 2 2 129639
68749 11025 5 100000 68739 1 1 68739
121836 11025 5 100000 108827 2 2 108823
95065 11025 5 100000 63941 3 3 63938
118333 11025 5 100000 118327 1 1 118326
75409 11025 5 100000 75399 1 1 75399
70896 11025 5 100000 70885 2 2 70885
94008 11025 5 100000 93997 2 2 93997
90439 11025 5 100000 90434 2 2 90434
98445 11025 5 100000 74115 4 4 74113
83221 11025 5 100000 83213 1 1 83213
119156 11025 5 100000 119147 1 1 119146
92396 11025 5 100000 92390 1 1 92390
83779 11025 5 100000 80621 4 4 80616
125699 11025 5 100000 125692 1 1 125691
128014 11025 5 100000 128005 1 1 128005
107452 11025 5 100000 92175 2 2 92171
91315 11025 5 100000 91301 1 1 91301
157972 11025 5 100000 157961 1 1 157961
98123 11025 5 100000 98108 1 1 98108
156785 11025 5 100000 142504 2 2 142497
117047 11025 5 100000 117036 2 2 117036
141725 11025 5 100000 141714 1 1 141713
102400 11025 5 100000 88928 3 3 88925
100781 11025 5 100000 84024 2 2 84019
100356 11025 5 100000 100351 1 1 100351
100230 11025 5 100000 100216 1 1 100216
81672 11025 5 100000 81659 1 1 81659
134752 11025 5 100000 119719 2 2 119716
70773 11025 5 100000 70759 2 2 70759
149657 11025 5 100000 149640 1 1 149640
98588 11025 5 100000 91972 2 2 91970
89167 11025 5 100000 89155 4 4 89154
119515 11025 5 100000 119505 1 1 119505
113199 11025 5 100000 99228 5 5 99225
91077 11025 5 100000 91064 1 1 91064
75591 11025 5 100000 75572 2 2 75570
101555 11025 5 100000 101547 1 1 101546
67047 11025 5 100000 65039 3 3 65035
115421 11025 5 100000 115412 2 2 115412
89776 11025 5 100000 89764 1 1 89764
99925 11025 5 100000 99918 1 1 99918
94430 11025 5 100000 71354 2 2 71348
75009 11025 5 100000 74998 1 1 74998
147123 11025 5 100000 139786 2 2 139782
80229 11025 5 100000 80225 1 1 80225
92794 11025 5 100000 92784 2 2 92784
156105 11025 5 100000 142932 2 2 142926
190731 11025 5 100000 190724 1 1 190724
91264 11025 5 100000 91258 1 1 91258
79340 11025 5 100000 79333 2 2 79333
82699 11025 5 100000 82695 2 2 82695
93238 11025 5 100000 93230 1 1 93230
109401 11025 5 100000 109396 3 3 109396
109479 11025 5 100000 109469 1 1 109469
190332 11025 5 100000 190324 1 1 190324
68792 11025 5 100000 68321 2 2 68319
174997 11025 5 100000 174988 1 1 174988
89758 11025 5 100000 89747 1 1 89747
106363 11025 5 100000 106354 2 2 106354
83520 11025 5 100000 83511 1 1 83511
124286 11025 5 100000 124277 1 1 124277
104291 11025 5 100000 82292 5 5 82289
89073 11025 5 100000 89068 2 2 89068
177708 11025 5 100000 177699 1 1 177699
99350 11025 5 100000 99341 1 1 99341
153460 11025 5 100000 153453 1 1 153453
93619 11025 5 100000 93613 2 2 93613
88067 11025 5 100000 88060 1 1 88060
6154854 11025 5 100000 93641 3 3 93637
83195 11025 5 100000 83185 2 2 83185
112403 11025 5 100000 100643 2 2 100641
63193 11025 5 100000 63179 2 2 63177
55986 11025 5 100000 55977 1 1 55977
57318 11025 5 100000 57314 1 1 57314
61703 11025 5 100000 61693 1 1 61693
106865 11025 5 100000 95586 2 2 95582
56165 11025 5 100000 56149 1 1 56149
57759 11025 5 100000 57750 3 3 57750
54469 11025 5 100000 54464 1 1 54464
77877 11025 5 100000 65889 2 2 65886
95719 11025 5 100000 95706 2 2 95706
97197 11025 5 100000 97185 1 1 97185
72387 11025 5 100000 72381 2 2 72381
62097 11025 5 100000 61260 2 2 61258
100766 11025 5 100000 82895 2 2 82888
9036966 11025 5 100000 49254 3 4 49248
128065 11025 5 100000 128061 2 2 128061
145443 11025 5 100000 131344 3 3 131339
188171 11025 5 100000 188165 1 1 188165
127970 11025 5 100000 112719 2 2 112714
109468 11025 5 100000 109459 1 1 109459
83287 11025 5 100000 83275 1 1 83275
98610 11025 5 100000 98605 3 3 98604
117715 11025 5 100000 117710 2 2 117710
173521 11025 5 100000 134702 2 2 134698
141586 11025 5 100000 122042 2 2 122037
140529 11025 5 100000 114412 2 2 114410
131493 11025 5 100000 131483 1 1 131483
83384 11025 5 100000 83377 3 3 83377
130067 11025 5 100000 88756 2 2 88622
212278 11025 5 100000 212272 1 1 212272
193749 11025 5 100000 193744 2 2 193744
114368 11025 5 100000 114358 2 2 114358
127211 11025 5 100000 127206 1 1 127206
81930 11025 5 100000 81923 1 1 81923
63418 11025 5 100000 63413 1 1 63413
74589 11025 5 100000 74582 2 2 74582
98036 11025 5 100000 83538 1 1 83534
72369 11025 5 100000 72363 2 2 72363
101573 11025 5 100000 88850 1 1 88846
110284 11025 5 100000 110280 4 4 110280
78619 11025 5 100000 78612 1 1 78612
88534 11025 5 100000 88530 1 1 88530
53964 11025 5 100000 53958 1 1 53958
88226 11025 5 100000 75013 1 1 75009
69199 11025 5 100000 69195 3 3 69195
65447 11025 5 100000 65442 1 1 65442
60123 11025 5 100000 60117 1 1 60117
100281 11025 5 100000 88360 1 1 88356
73115 11025 5 100000 73111 3 3 73110
79298 11025 5 100000 79287 2 2 79285
58825 11025 5 100000 58818 4 4 58818
79949 11025 5 100000 79944 2 2 79944
63685 11025 5 100000 50138 1 1 50136
98909 11025 5 100000 98903 3 3 98903
67235 11025 5 100000 67226 1 1 67226
79358 11025 5 100000 79349 3 3 79349
78240 11025 5 100000 78234 2 2 78233
56846 11025 5 100000 56840 1 1 56840
67428 11025 5 100000 67422 2 2 67422
68777 11025 5 100000 68772 1 1 68772
85683 11025 5 100000 78828 2 2 78825
89408 11025 5 100000 76211 2 2 76205
74195 11025 5 100000 74186 2 2 74186
83523 11025 5 100000 66158 1 1 66152
69323 11025 5 100000 69292 3 3 69291
79853 11025 5 100000 79849 2 2 79849
71185 11025 5 100000 71180 2 2 71180
56693 11025 5 100000 56688 1 1 56688
69625 11025 5 100000 69620 1 1 69620
95314 11025 5 100000 95309 1 1 95309
68749 11025 5 100000 68744 1 1 68744
64476 11025 5 100000 64471 2 2 64471
88906 11025 5 100000 88901 1 1 88901
59405 11025 5 100000 59394 1 1 59393
88835 11025 5 100000 88830 1 1 88830
123131 11025 5 100000 123123 2 2 123123
106868 11025 5 100000 85070 1 1 85066
76791 11025 5 100000 76780 3 3 76780
89888 11025 5 100000 77267 1 1 77263
65805 11025 5 100000 65797 2 2 65797
103473 11025 5 100000 103468 1 1 103468
99165 11025 5 100000 99159 1 1 99159
84117 11025 5 100000 68862 1 1 68854
100073 11025 5 100000 100067 2 2 100067
79353 11025 5 100000 79345 1 1 79345
90070 11025 5 100000 90060 1 1 90060
95774 11025 5 100000 81278 2 2 81270
108123 11025 5 100000 108114 3 3 108113
145064 11025 5 100000 130766 1 1 130761
98514 11025 5 100000 98506 2 2 98506
92060 11025 5 100000 92054 1 1 92054
146529 11025 5 100000 146521 2 2 146521
103957 11025 5 100000 103950 1 1 103950
128462 11025 5 100000 128450 1 1 128450
102464 11025 5 100000 102456 1 1 102455
77276 11025 5 100000 77267 3 3 77267
85538 11025 5 100000 85531 1 1 85531
123413 11025 5 100000 123171 1 1 123169
93754 11025 5 100000 93743 2 2 93743
108969 11025 5 100000 108962 2 2 108962
112026 11025 5 100000 112019 1 1 112019
125880 11025 5 100000 125875 2 2 125875
140423 11025 5 100000 140407 2 2 140407
83063 11025 5 100000 75825 1 1 75821
121570 11025 5 100000 121561 2 2 121561
177158 11025 5 100000 177151 2 2 177151
73271 11025 5 100000 73262 1 1 73262
158963 11025 5 100000 138058 2 2 138053
198638 11025 5 100000 198631 3 3 198631
140909 11025 5 100000 140895 1 1 140893
154068 11025 5 100000 154062 2 2 154061
104703 11025 5 100000 104688 1 1 104688
91255 11025 5 100000 91239 1 1 91236
156512 11025 5 100000 156505 2 2 156505
219994 11025 5 100000 204065 1 1 204062
144030 11025 5 100000 144017 2 2 144017
181621 11025 5 100000 181615 1 1 181615
117068 11025 5 100000 101431 1 1 101427
117131 11025 5 100000 117124 2 2 117124
154561 11025 5 100000 154553 1 1 154553
106276 11025 5 100000 106268 1 1 106267
92096 11025 5 100000 92089 1 1 92089
113541 11025 5 100000 113535 1 1 113535
157856 11025 5 100000 157847 1 1 157847
183584 11025 5 100000 183580 1 1 183580
98221 11025 5 100000 98212 1 1 98212
128858 11025 5 100000 128850 2 2 128850
119784 11025 5 100000 119775 1 1 119772
153141 11025 5 100000 133138 2 2 133130
142981 11025 5 100000 142969 4 4 142969
198121 11025 5 100000 198111 1 1 198111
96849 11025 5 100000 96840 1 1 96840
108754 11025 5 100000 108744 1 1 108744
130220 11025 5 100000 130214 1 1 130214
166424 11025 5 100000 166418 1 1 166418
107109 11025 5 100000 107104 1 1 107104
111088 11025 5 100000 111081 1 1 111081
101855 11025 5 100000 101847 1 1 101846
93705 11025 5 100000 84742 1 1 84737
98125 11025 5 100000 98119 2 2 98119
88479 11025 5 100000 88472 1 1 88472
167752 11025 5 100000 167747 1 1 167747
203527 11025 5 100000 203516 2 2 203516
147035 11025 5 100000 147028 1 1 147028
69868 11025 5 100000 69849 1 1 69845
128713 11025 5 100000 113504 2 2 113501
147270 11025 5 100000 122782 5 5 122778
126737 11025 5 100000 119626 4 4 119623
156058 11025 5 100000 156041 2 2 156041
151114 11025 5 100000 134750 1 1 134744
211570 11025 5 100000 211561 2 2 211561
217723 11025 5 100000 217716 1 1 217716
