160045 11025 5 100000 160038 2 2 160038
76115 11025 5 100000 76106 2 2 76106
120495 11025 5 100000 120484 1 1 120484
105151 11025 5 100000 89970 2 2 89965
77604 11025 5 100000 73561 2 2 73558
68777 11025 5 100000 68766 2 2 68766
102752 11025 5 100000 102742 1 1 102742
66891 11025 5 100000 66882 1 1 66882
151439 11025 5 100000 121496 2 2 121492
113057 11025 5 100000 113045 2 2 113043
87179 11025 5 100000 87166 1 1 87166
136905 11025 5 100000 136896 1 1 136896
94608 11025 5 100000 94600 1 1 94600
148241 11025 5 100000 148234 1 1 148234
91411 11025 5 100000 91403 2 2 91403
163501 11025 5 100000 130202 1 1 130199
155476 11025 5 100000 155466 2 2 155466
135067 11025 5 100000 135061 1 1 135061
117385 11025 5 100000 117373 1 1 117373
125316 11025 5 100000 125302 4 4 125302
75678 11025 5 100000 75663 2 2 75663
106654 11025 5 100000 87981 2 2 87976
83285 11025 5 100000 83273 2 2 83273
152628 11025 5 100000 152615 1 1 152615
122093 11025 5 100000 122081 1 1 122081
137201 11025 5 100000 137191 2 2 137190
109271 11025 5 100000 95062 2 2 95060
111040 11025 5 100000 111032 2 2 111032
153627 11025 5 100000 153618 2 2 153618
151032 11025 5 100000 151026 1 1 151026
134858 11025 5 100000 134853 1 1 134853
110019 11025 5 100000 110010 2 2 110010
94499 11025 5 100000 94490 1 1 94490
159354 11025 5 100000 159344 1 1 159344
151393 11025 5 100000 151384 1 1 151384
70663 11025 5 100000 70655 2 2 70654
108124 11025 5 100000 108117 2 2 108117
179178 11025 5 100000 127571 1 1 127567
81371 11025 5 100000 74771 5 5 74767
74900 11025 5 100000 74891 2 2 74891
112830 11025 5 100000 112823 1 1 112823
101050 11025 5 100000 101044 2 2 101043
155531 11025 5 100000 155518 1 1 155518
105806 11025 5 100000 105801 2 2 105801
138112 11025 5 100000 138098 2 2 138098
156517 11025 5 100000 156506 1 1 156506
95420 11025 5 100000 95411 1 1 95411
136419 11025 5 100000 136408 1 1 136408
97834 11025 5 100000 97826 1 1 97826
155307 11025 5 100000 138088 1 1 138085
78444 11025 5 100000 78436 3 3 78436
102220 11025 5 100000 102215 1 1 102215
82620 11025 5 100000 82612 1 1 82612
147137 11025 5 100000 147127 1 1 147127
181840 11025 5 100000 181834 1 1 181834
74783 11025 5 100000 74775 2 2 74775
78627 11025 5 100000 62206 2 2 62201
90994 11025 5 100000 90977 2 2 90974
159855 11025 5 100000 140856 2 2 140852
97506 11025 5 100000 97499 3 3 97498
95304 11025 5 100000 82340 3 3 82335
87195 11025 5 100000 87184 1 1 87183
89237 11025 5 100000 89230 2 2 89230
93111 11025 5 100000 93103 4 4 93103
146578 11025 5 100000 146566 1 1 146566
67348 11025 5 100000 67338 1 1 67338
77066 11025 5 100000 77054 1 1 77054
120039 11025 5 100000 120030 2 2 120030
82168 11025 5 100000 82158 1 1 82158
164156 11025 5 100000 141417 2 2 141414
164652 11025 5 100000 145610 2 2 145609
130585 11025 5 100000 130574 2 2 130573
123894 11025 5 100000 123885 3 3 123885
94918 11025 5 100000 77093 1 1 77089
69375 11025 5 100000 69364 2 2 69364
65425 11025 5 100000 65415 4 4 65415
78579 11025 5 100000 78569 1 1 78569
162957 11025 5 100000 145403 1 1 145401
90128 11025 5 100000 90119 1 1 90119
121222 11025 5 100000 121214 2 2 121214
105082 11025 5 100000 105073 3 3 105073
74789 11025 5 100000 74777 2 2 74777
81876 11025 5 100000 81868 1 1 81868
89560 11025 5 100000 68947 1 1 68944
66773 11025 5 100000 66766 2 2 66766
95563 11025 5 100000 81968 2 2 81961
51829 11025 5 100000 47818 1 1 47814
101649 11025 5 100000 83528 2 2 83525
87590 11025 5 100000 87583 3 3 87583
112236 11025 5 100000 112231 2 2 112231
64251 11025 5 100000 64243 1 1 64242
64176 11025 5 100000 64170 1 1 64170
74746 11025 5 100000 74737 1 1 74737
59476 11025 5 100000 59468 1 1 59468
66265 11025 5 100000 66258 1 1 66258
61619 11025 5 100000 61601 1 1 61600
89037 11025 5 100000 75846 1 1 75841
85000 11025 5 100000 84992 6 6 84992
82123 11025 5 100000 59274 2 2 59270
55126 11025 5 100000 55119 1 1 55119
65478 11025 5 100000 65470 6 6 65470
76125 11025 5 100000 64538 3 3 64530
65372 11025 5 100000 65363 1 1 65363
52872 11025 5 100000 52867 2 2 52867
110691 11025 5 100000 93561 1 1 93557
65834 11025 5 100000 65825 2 2 65825
64341 11025 5 100000 64331 2 2 64331
55299 11025 5 100000 55289 1 1 55289
71223 11025 5 100000 71218 1 1 71218
66759 11025 5 100000 66753 4 4 66753
82023 11025 5 100000 70459 1 1 70455
63484 11025 5 100000 63476 1 1 63476
62338 11025 5 100000 62330 2 2 62330
70961 11025 5 100000 57423 2 2 57417
81443 11025 5 100000 81433 1 1 81433
110021 11025 5 100000 93669 2 2 93666
76410 11025 5 100000 60360 1 1 60355
80854 11025 5 100000 80840 3 3 80840
67634 11025 5 100000 55175 3 3 55172
99514 11025 5 100000 99508 2 2 99508
52491 11025 5 100000 52486 2 2 52486
72325 11025 5 100000 72315 1 1 72313
110782 11025 5 100000 110770 1 1 110770
107539 11025 5 100000 107533 4 4 107533
75214 11025 5 100000 75201 1 1 75199
64456 11025 5 100000 64446 1 1 64446
85353 11025 5 100000 85348 3 3 85347
111802 11025 5 100000 98618 1 1 98617
99764 11025 5 100000 86398 2 2 86393
126966 11025 5 100000 111313 2 2 111311
116002 11025 5 100000 115991 2 2 115991
73077 11025 5 100000 73071 2 2 73070
74271 11025 5 100000 60997 1 1 60993
75616 11025 5 100000 75608 1 1 75608
57081 11025 5 100000 57072 2 2 57072
94077 11025 5 100000 94069 1 1 94069
155854 11025 5 100000 155845 2 2 155845
84362 11025 5 100000 70008 1 1 70003
96057 11025 5 100000 80161 1 1 80154
107611 11025 5 100000 107603 2 2 107603
131182 11025 5 100000 115561 4 4 115555
83639 11025 5 100000 83628 1 1 83628
90721 11025 5 100000 90715 3 3 90715
61896 11025 5 100000 61891 2 2 61891
99297 11025 5 100000 99288 2 2 99288
92484 11025 5 100000 84770 2 2 84762
96693 11025 5 100000 96682 1 1 96681
143044 11025 5 100000 143037 3 3 143037
173457 11025 5 100000 173452 1 1 173452
182914 11025 5 100000 182909 1 1 182909
132306 11025 5 100000 132297 1 1 132297
116679 11025 5 100000 110240 1 1 110237
147234 11025 5 100000 123885 2 2 123882
74887 11025 5 100000 74881 2 2 74881
92991 11025 5 100000 92982 2 2 92982
86401 11025 5 100000 86393 1 1 86393
144925 11025 5 100000 144917 1 1 144917
109668 11025 5 100000 109661 1 1 109660
95649 11025 5 100000 74670 1 1 74662
120458 11025 5 100000 120448 1 1 120448
143256 11025 5 100000 143250 2 2 143250
129063 11025 5 100000 115497 2 2 115494
98268 11025 5 100000 98261 1 1 98261
132165 11025 5 100000 112807 2 2 112804
83438 11025 5 100000 83430 1 1 83430
99096 11025 5 100000 99091 2 2 99091
80342 11025 5 100000 80333 1 1 80333
101844 11025 5 100000 79263 1 1 79260
144735 11025 5 100000 144730 2 2 144730
187322 11025 5 100000 172214 2 2 172210
69171 11025 5 100000 69162 1 1 69162
75009 11025 5 100000 75003 3 3 75003
97779 11025 5 100000 97768 2 2 97768
94588 11025 5 100000 94583 1 1 94583
72884 11025 5 100000 68139 1 1 68137
189318 11025 5 100000 175708 1 1 175703
134131 11025 5 100000 132254 2 2 132252
139769 11025 5 100000 139764 2 2 139764
110428 11025 5 100000 110420 2 2 110420
85706 11025 5 100000 85698 1 1 85698
94844 11025 5 100000 94837 1 1 94837
150443 11025 5 100000 150435 1 1 150435
91184 11025 5 100000 91177 2 2 91177
153658 11025 5 100000 153650 1 1 153650
74358 11025 5 100000 74350 1 1 74350
70516 11025 5 100000 70509 1 1 70508
153745 11025 5 100000 153739 2 2 153739
113989 11025 5 100000 113980 1 1 113980
119759 11025 5 100000 119754 2 2 119754
103692 11025 5 100000 96137 1 1 96134
164782 11025 5 100000 164777 1 1 164777
83702 11025 5 100000 83696 2 2 83696
103152 11025 5 100000 103142 1 1 103142
141392 11025 5 100000 141385 1 1 141385
110362 11025 5 100000 110348 1 1 110348
113742 11025 5 100000 113737 1 1 113737
129035 11025 5 100000 129029 1 1 129029
95785 11025 5 100000 95776 1 1 95776
124003 11025 5 100000 123996 1 1 123996
156276 11025 5 100000 156268 2 2 156268
90410 11025 5 100000 65254 1 1 65247
85897 11025 5 100000 85890 1 1 85890
105516 11025 5 100000 92482 2 2 92480
91866 11025 5 100000 91860 2 2 91859
108735 11025 5 100000 108728 1 1 108728
67151 11025 5 100000 67142 2 2 67140
138689 11025 5 100000 120716 2 2 120710
125622 11025 5 100000 108422 1 1 108415
115672 11025 5 100000 92340 2 2 92336
107802 11025 5 100000 107794 3 3 107794
93598 11025 5 100000 93590 3 3 93590
114814 11025 5 100000 114800 4 4 114800
102467 11025 5 100000 102461 1 1 102461
86283 11025 5 100000 80379 1 1 80372
162429 11025 5 100000 120565 1 1 120563
