93019 11025 5 100000 93005 1 1 93005
109290 11025 5 100000 99507 3 3 99503
94536 11025 5 100000 94528 2 2 94528
147159 11025 5 100000 147154 1 1 147154
146240 11025 5 100000 146232 1 1 146232
191477 11025 5 100000 165923 2 2 165919
162367 11025 5 100000 162356 1 1 162355
135763 11025 5 100000 135750 1 1 135749
143486 11025 5 100000 143472 1 1 143472
66167 11025 5 100000 66156 1 1 66155
156504 11025 5 100000 141475 2 2 141472
141681 11025 5 100000 141666 2 2 141666
81669 11025 5 100000 81659 1 1 81659
104937 11025 5 100000 104930 1 1 104930
93057 11025 5 100000 86477 2 2 86474
143502 11025 5 100000 130527 2 2 130524
74312 11025 5 100000 72467 2 2 72465
85033 11025 5 100000 85021 2 2 85021
126858 11025 5 100000 126846 1 1 126846
187229 11025 5 100000 172103 2 2 172099
162224 11025 5 100000 148720 2 2 148715
107480 11025 5 100000 104730 4 4 104727
118446 11025 5 100000 81136 2 2 81133
161804 11025 5 100000 161797 2 2 161797
93395 11025 5 100000 93391 1 1 93390
105718 11025 5 100000 87942 3 3 87936
111665 11025 5 100000 98228 3 3 98225
115102 11025 5 100000 115089 1 1 115089
118384 11025 5 100000 118371 1 1 118371
115092 11025 5 100000 115083 1 1 115083
160152 11025 5 100000 160145 2 2 160145
100929 11025 5 100000 100924 1 1 100924
139858 11025 5 100000 114133 2 2 114126
112245 11025 5 100000 112237 1 1 112237
105812 11025 5 100000 105803 1 1 105803
153213 11025 5 100000 134182 2 2 134180
155479 11025 5 100000 135610 2 2 135603
81041 11025 5 100000 81026 2 2 81024
91887 11025 5 100000 91878 2 2 91877
113527 11025 5 100000 113517 1 1 113517
108456 11025 5 100000 108445 2 2 108445
74685 11025 5 100000 74670 2 2 74670
85397 11025 5 100000 85390 3 3 85390
74073 11025 5 100000 72335 2 2 72331
106077 11025 5 100000 106064 3 3 106062
125815 11025 5 100000 118004 2 2 118002
201624 11025 5 100000 185290 2 2 185287
115977 11025 5 100000 115962 1 2 115959
78154 11025 5 100000 78142 1 1 78142
145796 11025 5 100000 145792 1 1 145792
82881 11025 5 100000 82864 4 4 82864
73166 11025 5 100000 73160 2 2 73160
83473 11025 5 100000 83464 1 1 83464
98933 11025 5 100000 98927 1 1 98927
71852 11025 5 100000 71833 2 2 71831
113799 11025 5 100000 113792 1 1 113792
141840 11025 5 100000 128346 2 2 128344
93762 11025 5 100000 93756 1 1 93756
162165 11025 5 100000 140777 2 2 140774
89706 11025 5 100000 89700 1 1 89700
77794 11025 5 100000 77728 5 5 77726
118688 11025 5 100000 118683 2 2 118683
108705 11025 5 100000 99673 3 3 99668
174049 11025 5 100000 159300 2 2 159297
111948 11025 5 100000 99194 2 2 99191
200850 11025 5 100000 200839 1 1 200839
118903 11025 5 100000 118895 2 2 118895
126256 11025 5 100000 126248 2 2 126248
98478 11025 5 100000 98470 1 1 98470
105700 11025 5 100000 96918 3 3 96908
139889 11025 5 100000 139876 1 1 139876
133414 11025 5 100000 126256 3 3 126254
128676 11025 5 100000 128669 1 1 128669
124634 11025 5 100000 124624 2 2 124624
126122 11025 5 100000 126111 1 1 126111
75961 11025 5 100000 75951 1 1 75951
66592 11025 5 100000 66582 1 1 66582
79734 11025 5 100000 79727 1 1 79727
111592 11025 5 100000 111586 1 1 111586
86298 11025 5 100000 73491 3 3 73488
73502 11025 5 100000 73493 1 1 73492
111418 11025 5 100000 111413 1 1 111413
133659 11025 5 100000 119683 2 2 119681
89031 11025 5 100000 82387 2 2 82384
80834 11025 5 100000 80825 1 1 80824
57458 11025 5 100000 57448 1 1 57448
117280 11025 5 100000 117268 2 2 117268
66268 11025 5 100000 66257 1 1 66257
85443 11025 5 100000 73464 2 2 73460
67548 11025 5 100000 67539 1 1 67539
83776 11025 5 100000 71816 3 3 71814
65260 11025 5 100000 65254 1 1 65253
89865 11025 5 100000 75027 4 4 75023
76799 11025 5 100000 76793 1 1 76793
81768 11025 5 100000 69597 3 3 69595
86270 11025 5 100000 70010 3 3 70007
51372 11025 5 100000 51366 1 1 51366
90938 11025 5 100000 79420 2 2 79416
64563 11025 5 100000 64553 1 1 64553
61430 11025 5 100000 61419 1 1 61419
67992 11025 5 100000 67986 1 1 67985
45908 11025 5 100000 45898 1 1 45898
81541 11025 5 100000 70414 2 2 70412
55211 11025 5 100000 54813 3 3 54811
77143 11025 5 100000 65850 2 2 65846
55705 11025 5 100000 55696 2 2 55696
79571 11025 5 100000 65516 3 3 65515
69891 11025 5 100000 69881 1 1 69881
54472 11025 5 100000 54466 2 2 54466
106243 11025 5 100000 106227 1 1 106226
57921 11025 5 100000 57917 1 1 57917
73925 11025 5 100000 73909 3 3 73907
66570 11025 5 100000 66558 2 2 66558
74062 11025 5 100000 74057 1 1 74057
60694 11025 5 100000 60686 1 1 60686
80097 11025 5 100000 64754 2 2 64752
65561 11025 5 100000 65555 1 1 65555
60130 11025 5 100000 60125 2 2 60125
68491 11025 5 100000 68482 1 1 68481
82438 11025 5 100000 66931 2 2 66927
86067 11025 5 100000 79858 3 3 79853
78561 11025 5 100000 78554 2 2 78554
98450 11025 5 100000 84859 2 2 84856
64576 11025 5 100000 60516 2 2 60512
100080 11025 5 100000 100076 1 1 100076
103904 11025 5 100000 103898 1 1 103897
85624 11025 5 100000 85616 1 1 85616
76247 11025 5 100000 76237 2 2 76237
60368 11025 5 100000 60360 1 1 60360
65003 11025 5 100000 64994 5 5 64994
78166 11025 5 100000 78156 8 8 78156
83033 11025 5 100000 83025 1 1 83025
115845 11025 5 100000 115838 1 1 115838
113381 11025 5 100000 113373 1 1 113373
68170 11025 5 100000 68160 3 3 68159
89135 11025 5 100000 89128 1 1 89128
81640 11025 5 100000 81631 1 1 81631
77291 11025 5 100000 77209 1 1 77207
71166 11025 5 100000 71157 4 4 71157
82582 11025 5 100000 82569 2 2 82569
85207 11025 5 100000 85200 1 1 85200
75533 11025 5 100000 75519 1 1 75515
173040 11025 5 100000 159232 4 4 159229
110482 11025 5 100000 110465 3 3 110465
108598 11025 5 100000 108588 1 1 108588
128931 11025 5 100000 128917 2 2 128917
99098 11025 5 100000 82101 1 1 82095
77263 11025 5 100000 77255 2 2 77255
109340 11025 5 100000 109326 2 2 109326
137364 11025 5 100000 133495 1 1 133494
189581 11025 5 100000 189569 3 3 189568
118148 11025 5 100000 118139 2 2 118139
97654 11025 5 100000 97645 1 1 97645
116275 11025 5 100000 116268 2 2 116268
140884 11025 5 100000 110211 2 2 110208
104515 11025 5 100000 104507 2 2 104507
159894 11025 5 100000 159887 4 4 159887
85440 11025 5 100000 85432 2 2 85432
137462 11025 5 100000 137449 1 1 137449
112438 11025 5 100000 112431 2 2 112431
147973 11025 5 100000 140612 3 3 140608
122832 11025 5 100000 122824 2 2 122824
106539 11025 5 100000 106529 1 1 106529
108112 11025 5 100000 93573 1 1 93569
95126 11025 5 100000 95107 2 2 95107
81829 11025 5 100000 81820 1 1 81820
187731 11025 5 100000 173591 1 1 173587
143706 11025 5 100000 143699 3 3 143699
161650 11025 5 100000 161643 2 2 161642
101013 11025 5 100000 101005 1 1 101005
89344 11025 5 100000 89336 3 3 89336
95701 11025 5 100000 95695 2 2 95695
138131 11025 5 100000 138125 1 1 138125
122493 11025 5 100000 122474 2 2 122474
99687 11025 5 100000 99663 1 1 99661
95561 11025 5 100000 95553 2 2 95552
135607 11025 5 100000 135600 1 1 135600
81641 11025 5 100000 81632 1 1 81631
114405 11025 5 100000 114397 1 1 114397
103295 11025 5 100000 103288 1 1 103288
93393 11025 5 100000 93382 1 1 93382
84464 11025 5 100000 84441 2 2 84439
138080 11025 5 100000 138068 3 3 138068
229923 11025 5 100000 213931 1 1 213928
142196 11025 5 100000 142190 2 2 142190
106498 11025 5 100000 106483 1 1 106483
210778 11025 5 100000 210772 1 1 210772
104445 11025 5 100000 104435 1 1 104435
105119 11025 5 100000 105112 2 2 105112
80231 11025 5 100000 80217 2 2 80217
153561 11025 5 100000 138751 1 1 138747
75800 11025 5 100000 75790 2 2 75790
99989 11025 5 100000 83209 1 1 83205
126513 11025 5 100000 112026 2 2 112022
92294 11025 5 100000 92284 3 3 92284
91580 11025 5 100000 91572 1 1 91572
78127 11025 5 100000 78116 1 1 78116
69533 11025 5 100000 69525 2 2 69525
106714 11025 5 100000 106708 1 1 106708
170340 11025 5 100000 129016 1 1 129012
107437 11025 5 100000 86153 2 2 86149
135302 11025 5 100000 135298 3 3 135297
72126 11025 5 100000 72119 2 2 72119
120862 11025 5 100000 119291 2 2 119287
101995 11025 5 100000 101983 3 3 101983
151116 11025 5 100000 128326 1 1 128323
111189 11025 5 100000 111176 2 2 111176
187471 11025 5 100000 187464 1 1 187464
181682 11025 5 100000 181677 2 2 181677
142432 11025 5 100000 142422 2 2 142422
115162 11025 5 100000 115156 1 1 115156
130037 11025 5 100000 130030 2 2 130030
100037 11025 5 100000 87096 1 1 87089
128429 11025 5 100000 105462 2 2 105456
65690 11025 5 100000 65682 3 3 65682
115630 11025 5 100000 102796 1 1 102791
68065 11025 5 100000 68058 2 2 68058
84127 11025 5 100000 84117 1 1 84116
84798 11025 5 100000 77787 2 2 77784
73463 11025 5 100000 73456 3 3 73456
101692 11025 5 100000 101685 1 1 101685
