129444 12100 5 100000 99722 3 3 99717
104006 12100 5 100000 79254 2 2 79248
69291 12100 5 100000 69280 1 1 69280
86631 12100 5 100000 86625 1 1 86625
74099 12100 5 100000 74092 1 1 74092
66026 12100 5 100000 66019 2 2 66019
99460 12100 5 100000 70874 3 3 70869
93437 12100 5 100000 63162 2 2 63158
76777 12100 5 100000 76771 1 1 76771
115897 12100 5 100000 92476 2 2 92472
92175 12100 5 100000 92168 1 1 92168
98698 12100 5 100000 71628 2 2 71626
128844 12100 5 100000 128832 1 1 128832
130599 12100 5 100000 130588 2 2 130588
75303 12100 5 100000 75293 1 1 75293
152607 12100 5 100000 123279 3 3 123277
70189 12100 5 100000 70180 2 2 70180
110790 12100 5 100000 110781 2 2 110781
62728 12100 5 100000 62721 2 2 62721
86234 12100 5 100000 60961 5 5 60954
97216 12100 5 100000 97210 1 1 97210
88906 12100 5 100000 88897 1 1 88897
92113 12100 5 100000 92107 2 2 92107
93444 12100 5 100000 93433 1 1 93432
124746 12100 5 100000 124738 1 1 124738
105802 12100 5 100000 105793 1 1 105793
84021 12100 5 100000 84009 2 2 84009
85893 12100 5 100000 85886 2 2 85886
84755 12100 5 100000 84746 1 1 84746
100969 12100 5 100000 100954 2 2 100953
143932 12100 5 100000 143924 1 1 143924
100033 12100 5 100000 100011 3 3 100009
92696 12100 5 100000 92685 3 3 92685
100757 12100 5 100000 100750 1 1 100750
180253 12100 5 100000 132305 2 2 132302
232981 12100 5 100000 178640 2 2 178633
131797 12100 5 100000 131790 1 1 131790
149701 12100 5 100000 149692 2 2 149692
84430 12100 5 100000 84422 1 1 84422
180849 12100 5 100000 180837 1 1 180837
151180 12100 5 100000 119787 3 3 119785
107438 12100 5 100000 107431 1 1 107431
122073 12100 5 100000 122066 1 1 122066
79277 12100 5 100000 79217 2 2 79215
150082 12100 5 100000 150071 1 1 150071
97847 12100 5 100000 97839 1 1 97839
109164 12100 5 100000 109154 1 1 109154
141827 12100 5 100000 141820 1 1 141820
96576 12100 5 100000 96568 1 1 96568
229066 12100 5 100000 181056 2 2 181050
107224 12100 5 100000 107211 1 1 107211
94149 12100 5 100000 94139 4 4 94139
97430 12100 5 100000 97420 1 1 97419
203927 12100 5 100000 165667 2 2 165661
93450 12100 5 100000 93439 1 1 93439
134927 12100 5 100000 134915 1 1 134915
101218 12100 5 100000 101208 1 1 101208
104298 12100 5 100000 104292 1 1 104292
134153 12100 5 100000 134138 1 1 134138
121520 12100 5 100000 121514 1 1 121514
96348 12100 5 100000 96338 1 1 96338
100880 12100 5 100000 100874 1 1 100874
119015 12100 5 100000 111463 3 3 111457
200680 12100 5 100000 168966 3 3 168961
112244 12100 5 100000 112238 1 1 112238
108489 12100 5 100000 108478 2 2 108478
87161 12100 5 100000 87146 2 2 87144
203811 12100 5 100000 164869 3 3 164867
107408 12100 5 100000 107401 2 2 107401
123040 12100 5 100000 123030 1 1 123030
135666 12100 5 100000 135658 4 4 135658
28677551 12100 5 100000 98660 2 3 98657
108482 12100 5 100000 108471 1 1 108471
179120 12100 5 100000 148563 3 3 148559
99174 12100 5 100000 99165 2 2 99165
240592 12100 5 100000 163550 3 3 163544
110627 12100 5 100000 80136 2 2 80131
110294 12100 5 100000 110287 1 1 110287
185590 12100 5 100000 185582 1 1 185581
98851 12100 5 100000 98843 1 1 98843
139992 12100 5 100000 139984 2 2 139984
109171 12100 5 100000 109163 1 1 109163
84469 12100 5 100000 84462 2 2 84462
87815 12100 5 100000 87806 1 1 87806
115170 12100 5 100000 115162 1 1 115162
113691 12100 5 100000 113679 2 2 113679
113504 12100 5 100000 113497 1 1 113497
179131 12100 5 100000 179121 1 1 179121
112685 12100 5 100000 112675 1 1 112675
117473 12100 5 100000 117464 1 1 117464
222893 12100 5 100000 222886 2 2 222885
111596 12100 5 100000 111587 1 1 111587
128438 12100 5 100000 128430 1 1 128430
159447 12100 5 100000 159435 2 2 159435
109579 12100 5 100000 109570 2 2 109570
86981 12100 5 100000 86973 1 1 86973
107822 12100 5 100000 90990 1 1 90985
111256 12100 5 100000 111248 5 5 111248
167978 12100 5 100000 128212 1 1 128207
117206 12100 5 100000 117197 2 2 117197
188998 12100 5 100000 188990 1 1 188989
123081 12100 5 100000 123072 1 1 123072
82435 12100 5 100000 82427 1 1 82427
104063 12100 5 100000 104054 1 1 104054
137001 12100 5 100000 136990 1 1 136990
186074 12100 5 100000 148651 1 1 148646
106358 12100 5 100000 106337 2 2 106337
90256 12100 5 100000 90250 1 1 90250
146296 12100 5 100000 98174 1 1 98169
112123 12100 5 100000 112114 5 5 112114
127657 12100 5 100000 89854 1 1 89850
179541 12100 5 100000 144916 2 2 144910
167756 12100 5 100000 146917 2 2 146912
98993 12100 5 100000 98985 3 3 98985
169906 12100 5 100000 169899 1 1 169899
112309 12100 5 100000 78964 1 1 78960
128157 12100 5 100000 128149 3 3 128149
101497 12100 5 100000 101489 1 1 101488
121942 12100 5 100000 88149 2 2 88144
101009 12100 5 100000 84971 2 2 84965
153009 12100 5 100000 152998 2 2 152997
89774 12100 5 100000 89766 1 1 89766
150805 12100 5 100000 150797 1 1 150795
153815 12100 5 100000 153808 2 2 153808
104581 12100 5 100000 104570 1 1 104570
84171 12100 5 100000 84163 1 1 84163
137084 12100 5 100000 137078 2 2 137078
116149 12100 5 100000 116137 1 1 116136
96135 12100 5 100000 96127 1 1 96127
118530 12100 5 100000 89038 1 1 89033
110241 12100 5 100000 110233 4 4 110233
98477 12100 5 100000 90014 2 2 90010
96557 12100 5 100000 92326 3 3 92323
81555 12100 5 100000 81545 2 2 81545
103439 12100 5 100000 93585 2 2 93582
74914 12100 5 100000 74895 3 3 74892
116042 12100 5 100000 116033 3 3 116033
217347 12100 5 100000 157399 1 1 157393
129862 12100 5 100000 88307 2 2 88301
79910 12100 5 100000 79895 3 3 79895
92844 12100 5 100000 92838 2 2 92838
179209 12100 5 100000 143048 1 1 143046
101695 12100 5 100000 101686 2 2 101685
91941 12100 5 100000 91931 2 2 91931
182619 12100 5 100000 182611 1 1 182611
109364 12100 5 100000 109354 1 1 109354
119170 12100 5 100000 119161 1 1 119161
90723 12100 5 100000 90715 2 2 90715
114599 12100 5 100000 114592 1 1 114592
176667 12100 5 100000 176660 1 1 176660
80859 12100 5 100000 80851 1 1 80851
125658 12100 5 100000 125651 1 1 125651
100652 12100 5 100000 100641 1 1 100641
163380 12100 5 100000 126648 1 1 126642
167632 12100 5 100000 167627 2 2 167627
176031 12100 5 100000 176021 2 2 176021
69605 12100 5 100000 69594 1 1 69594
168360 12100 5 100000 168351 1 1 168351
134914 12100 5 100000 123524 1 1 123522
87894 12100 5 100000 87886 2 2 87886
131102 12100 5 100000 95553 1 1 95545
142944 12100 5 100000 142926 2 2 142926
93249 12100 5 100000 93234 1 1 93234
163403 12100 5 100000 163392 3 3 163392
108073 12100 5 100000 108062 1 1 108061
113176 12100 5 100000 113169 1 1 113169
80107 12100 5 100000 80090 1 1 80090
132074 12100 5 100000 132065 2 2 132065
108880 12100 5 100000 108872 1 1 108871
150430 12100 5 100000 114015 1 1 114009
95339 12100 5 100000 95332 2 2 95331
78012 12100 5 100000 78001 1 1 78001
106052 12100 5 100000 106045 2 2 106045
205659 12100 5 100000 166065 1 1 166059
169595 12100 5 100000 169585 2 2 169585
94591 12100 5 100000 94582 1 1 94582
161204 12100 5 100000 161197 2 2 161197
101462 12100 5 100000 101454 2 2 101454
139465 12100 5 100000 106394 1 1 106391
77899 12100 5 100000 77889 3 3 77889
74145 12100 5 100000 59166 1 1 59163
115064 12100 5 100000 115058 2 2 115057
92196 12100 5 100000 92186 1 1 92186
126154 12100 5 100000 126145 1 1 126144
136771 12100 5 100000 106402 2 2 106398
142617 12100 5 100000 142604 2 2 142603
85522 12100 5 100000 85515 2 2 85515
134159 12100 5 100000 134152 1 1 134152
93912 12100 5 100000 93903 1 1 93900
95634 12100 5 100000 95627 3 3 95627
83548 12100 5 100000 83541 1 1 83540
121626 12100 5 100000 93196 1 1 93193
113573 12100 5 100000 94916 3 3 94910
82406 12100 5 100000 82395 2 2 82395
138649 12100 5 100000 138641 1 1 138641
81392 12100 5 100000 81387 1 1 81387
104407 12100 5 100000 104401 1 1 104401
90661 12100 5 100000 90654 2 2 90654
77644 12100 5 100000 77634 1 1 77634
125111 12100 5 100000 92876 1 1 92871
104856 12100 5 100000 104850 3 3 104849
83857 12100 5 100000 83846 2 2 83846
79701 12100 5 100000 79694 1 1 79694
96236 12100 5 100000 96229 1 1 96229
94684 12100 5 100000 79150 3 3 79147
73199 12100 5 100000 73190 2 2 73190
97513 12100 5 100000 97501 2 2 97501
89565 12100 5 100000 89558 1 1 89557
104978 12100 5 100000 104969 3 3 104969
91057 12100 5 100000 91050 1 1 91050
80589 12100 5 100000 80581 1 1 80581
95291 12100 5 100000 95284 1 1 95284
94741 12100 5 100000 94730 1 1 94730
92341 12100 5 100000 92319 1 1 92317
79899 12100 5 100000 79890 3 3 79890
92645 12100 5 100000 92632 1 1 92632
189223 12100 5 100000 160115 1 1 160112
122235 12100 5 100000 89829 2 2 89827
122848 12100 5 100000 94787 2 2 94783
106799 12100 5 100000 106791 2 2 106791
81701 12100 5 100000 73658 2 2 73655
83416 12100 5 100000 83407 2 2 83407
71558 12100 5 100000 71549 1 1 71549
124922 12100 5 100000 124917 2 2 124916
127934 12100 5 100000 127929 1 1 127929
94021 12100 5 100000 94008 1 1 94008
144373 12100 5 100000 114062 1 1 114058
152460 12100 5 100000 152451 2 2 152451
141943 12100 5 100000 141937 1 1 141937
