125782 12100 5 100000 125768 2 2 125768
75954 12100 5 100000 75939 1 1 75939
81827 12100 5 100000 78157 2 2 78153
24987194 12100 5 100000 73260 4 4 73255
171554 12100 5 100000 128431 4 4 128426
150314 12100 5 100000 150306 1 1 150305
97335 12100 5 100000 97326 3 3 97326
168542 12100 5 100000 132752 2 2 132749
103682 12100 5 100000 103673 3 3 103673
104169 12100 5 100000 104157 1 1 104157
108105 12100 5 100000 108095 1 1 108095
84988 12100 5 100000 84979 1 1 84979
212708 12100 5 100000 212692 1 1 212692
112192 12100 5 100000 112182 1 1 112182
157585 12100 5 100000 120489 2 2 120485
153113 12100 5 100000 114351 2 2 114348
138553 12100 5 100000 138546 2 2 138546
120850 12100 5 100000 120842 1 1 120841
81541 12100 5 100000 81528 1 1 81528
147453 12100 5 100000 147446 1 1 147446
146075 12100 5 100000 107562 3 3 107557
116433 12100 5 100000 116426 1 1 116426
108354 12100 5 100000 108344 2 2 108343
172474 12100 5 100000 135679 3 3 135674
93180 12100 5 100000 93172 1 1 93172
104817 12100 5 100000 69923 2 2 69917
99626 12100 5 100000 99618 2 2 99618
102534 12100 5 100000 102526 1 1 102526
135976 12100 5 100000 135971 1 1 135971
97298 12100 5 100000 97288 1 1 97288
177995 12100 5 100000 177981 1 1 177981
159858 12100 5 100000 159847 1 1 159847
101355 12100 5 100000 101347 1 1 101347
95499 12100 5 100000 95490 1 1 95490
93346 12100 5 100000 93336 3 3 93336
108297 12100 5 100000 108284 1 1 108284
80634 12100 5 100000 80619 1 1 80619
97551 12100 5 100000 97542 1 1 97542
118919 12100 5 100000 118914 4 4 118914
120255 12100 5 100000 120241 2 2 120241
100585 12100 5 100000 100576 1 1 100576
80929 12100 5 100000 80918 1 1 80918
165389 12100 5 100000 129010 2 2 129005
102089 12100 5 100000 102081 1 1 102081
137301 12100 5 100000 137281 1 1 137280
111405 12100 5 100000 111397 1 1 111397
92161 12100 5 100000 92154 1 1 92154
142264 12100 5 100000 142256 1 1 142256
97402 12100 5 100000 97393 1 1 97393
122029 12100 5 100000 122019 1 1 122018
113798 12100 5 100000 113789 1 1 113789
151476 12100 5 100000 116088 2 2 116083
142678 12100 5 100000 142669 1 1 142669
172831 12100 5 100000 172826 2 2 172826
114761 12100 5 100000 114753 1 1 114753
108816 12100 5 100000 108809 1 1 108809
89119 12100 5 100000 89112 1 1 89111
116006 12100 5 100000 115995 1 1 115995
153986 12100 5 100000 112435 2 2 112430
104432 12100 5 100000 104422 1 1 104422
97848 12100 5 100000 97841 3 3 97841
99384 12100 5 100000 99377 2 2 99376
119164 12100 5 100000 119155 1 1 119155
189182 12100 5 100000 122675 2 2 122673
85957 12100 5 100000 85949 6 6 85949
164216 12100 5 100000 164208 1 1 164208
131604 12100 5 100000 91533 2 2 91526
91327 12100 5 100000 91319 2 2 91319
154840 12100 5 100000 154834 1 1 154834
93203 12100 5 100000 93195 1 1 93195
118489 12100 5 100000 118481 1 1 118481
116203 12100 5 100000 116196 1 1 116196
154555 12100 5 100000 154551 3 3 154551
76110 12100 5 100000 76099 1 1 76099
143444 12100 5 100000 101705 3 3 101700
138003 12100 5 100000 137995 1 1 137995
126531 12100 5 100000 126519 1 1 126519
127244 12100 5 100000 127237 2 2 127237
133277 12100 5 100000 96650 2 2 96645
18377469 12100 5 100000 171236 3 4 171229
103311 12100 5 100000 103303 1 1 103303
98279 12100 5 100000 98268 1 1 98268
92639 12100 5 100000 92630 1 1 92630
86713 12100 5 100000 86706 2 2 86706
108381 12100 5 100000 108373 1 1 108373
69404 12100 5 100000 69397 1 1 69397
128959 12100 5 100000 128954 1 1 128954
70244 12100 5 100000 70233 1 1 70233
86225 12100 5 100000 86217 2 2 86217
105047 12100 5 100000 105041 2 2 105041
140398 12100 5 100000 140392 1 1 140392
114873 12100 5 100000 78891 2 2 78886
97409 12100 5 100000 97401 1 1 97401
102107 12100 5 100000 102094 2 2 102092
134797 12100 5 100000 103231 2 2 103228
147144 12100 5 100000 147138 1 1 147138
99164 12100 5 100000 99157 2 2 99157
98309 12100 5 100000 98294 2 2 98291
92703 12100 5 100000 92694 2 2 92694
95969 12100 5 100000 95962 1 1 95962
92809 12100 5 100000 92802 2 2 92802
86184 12100 5 100000 86170 1 1 86170
68978 12100 5 100000 68972 1 1 68972
86373 12100 5 100000 86366 2 2 86366
75305 12100 5 100000 75297 1 1 75297
91810 12100 5 100000 78911 3 3 78908
79956 12100 5 100000 79950 1 1 79950
67486 12100 5 100000 67479 2 2 67479
79193 12100 5 100000 66310 2 2 66307
113625 12100 5 100000 84221 2 2 84219
213404 12100 5 100000 83745 4 4 83740
112497 12100 5 100000 112491 1 1 112491
78335 12100 5 100000 78322 2 2 78319
80607 12100 5 100000 80598 1 1 80598
78049 12100 5 100000 78039 2 2 78039
96101 12100 5 100000 82103 3 3 82099
72390 12100 5 100000 72383 3 3 72383
75457 12100 5 100000 75451 1 1 75450
78155 12100 5 100000 78149 1 1 78149
82016 12100 5 100000 82008 2 2 82008
90876 12100 5 100000 90869 1 1 90869
113430 12100 5 100000 113425 1 1 113425
65462 12100 5 100000 65456 2 2 65454
64523 12100 5 100000 64515 1 1 64515
99739 12100 5 100000 99732 2 2 99731
68893 12100 5 100000 68885 1 1 68885
72287 12100 5 100000 72278 4 4 72278
78587 12100 5 100000 78582 1 1 78582
101834 12100 5 100000 74952 2 2 74947
68846 12100 5 100000 68839 2 2 68839
55845 12100 5 100000 54111 2 2 54108
79323 12100 5 100000 79315 1 1 79315
84878 12100 5 100000 84872 1 1 84872
103523 12100 5 100000 75138 2 2 75136
68380 12100 5 100000 68371 1 1 68371
77225 12100 5 100000 77217 1 1 77217
73280 12100 5 100000 73272 2 2 73272
73744 12100 5 100000 66366 4 4 66361
72471 12100 5 100000 72463 1 1 72463
60459 12100 5 100000 60452 1 1 60452
92220 12100 5 100000 92213 2 2 92213
102926 12100 5 100000 73732 4 4 73729
115049 12100 5 100000 115043 2 2 115043
74582 12100 5 100000 74575 1 1 74575
108024 12100 5 100000 81923 2 2 81920
85930 12100 5 100000 85923 1 1 85923
153953 12100 5 100000 123160 3 3 123155
83562 12100 5 100000 71223 2 2 71221
134931 12100 5 100000 80431 5 5 80425
60033 12100 5 100000 60025 2 2 60025
91057 12100 5 100000 91052 1 1 91052
61368 12100 5 100000 61354 4 4 61351
106208 12100 5 100000 106197 2 2 106197
95826 12100 5 100000 95817 1 1 95817
90888 12100 5 100000 90880 1 1 90880
79747 12100 5 100000 79740 2 2 79740
114701 12100 5 100000 114695 2 2 114695
75865 12100 5 100000 75861 1 1 75861
72922 12100 5 100000 72917 1 1 72916
70141 12100 5 100000 70135 1 1 70135
70429 12100 5 100000 70423 1 1 70423
88853 12100 5 100000 88850 1 1 88850
98728 12100 5 100000 74853 3 3 74851
97775 12100 5 100000 97770 1 1 97770
72848 12100 5 100000 72843 2 2 72843
65360 12100 5 100000 65352 2 2 65352
57183 12100 5 100000 57176 2 2 57176
93512 12100 5 100000 69327 2 2 69324
106619 12100 5 100000 106614 1 1 106614
74708 12100 5 100000 74697 2 2 74697
73605 12100 5 100000 73599 1 1 73599
67221 12100 5 100000 67216 1 1 67216
73331 12100 5 100000 73325 1 1 73325
72508 12100 5 100000 72503 2 2 72503
106461 12100 5 100000 106457 1 1 106457
63753 12100 5 100000 63747 2 2 63747
103578 12100 5 100000 103569 1 1 103569
96778 12100 5 100000 59438 3 3 59436
68734 12100 5 100000 65521 4 4 65521
70068 12100 5 100000 70061 2 2 70061
107230 12100 5 100000 107223 3 3 107223
67231 12100 5 100000 67219 1 1 67219
61748 12100 5 100000 61742 1 1 61742
105481 12100 5 100000 79717 2 2 79715
70226 12100 5 100000 70221 1 1 70221
70108 12100 5 100000 58320 2 2 58318
95345 12100 5 100000 72860 2 2 72858
84489 12100 5 100000 84484 1 1 84484
75460 12100 5 100000 75455 1 1 75454
86273 12100 5 100000 86267 1 1 86267
122474 12100 5 100000 100055 2 2 100053
75061 12100 5 100000 75054 1 1 75054
66038 12100 5 100000 66032 1 1 66032
90221 12100 5 100000 66643 2 2 66641
121916 12100 5 100000 96177 2 2 96175
92066 12100 5 100000 67655 2 2 67653
61433 12100 5 100000 61423 2 2 61423
64443 12100 5 100000 64436 1 1 64436
73387 12100 5 100000 73383 1 1 73383
57347 12100 5 100000 57341 1 1 57341
106495 12100 5 100000 106486 1 1 106486
61263 12100 5 100000 61256 2 2 61256
69738 12100 5 100000 69726 1 1 69726
96993 12100 5 100000 96986 2 2 96986
96892 12100 5 100000 63474 3 3 63472
53967 12100 5 100000 53960 2 2 53960
66594 12100 5 100000 66587 4 4 66587
75918 12100 5 100000 75913 1 1 75913
81413 12100 5 100000 68314 2 2 68312
71112 12100 5 100000 71106 1 1 71106
98758 12100 5 100000 98753 1 1 98753
62715 12100 5 100000 62709 2 2 62709
102549 12100 5 100000 67216 3 3 67212
61161 12100 5 100000 61155 1 1 61155
83346 12100 5 100000 83342 1 1 83342
62528 12100 5 100000 62522 3 3 62522
77300 12100 5 100000 77293 1 1 77293
59043 12100 5 100000 59036 1 1 59036
98315 12100 5 100000 74983 3 3 74981
53362 12100 5 100000 53356 1 1 53356
63663 12100 5 100000 63657 1 1 63657
81211 12100 5 100000 69306 3 3 69304
63422 12100 5 100000 63413 4 4 63413
114735 12100 5 100000 91393 2 2 91391
