76067 12100 5 100000 76058 2 2 76058
63644 12100 5 100000 63637 1 1 63637
78357 12100 5 100000 78351 2 2 78351
157681 12100 5 100000 125934 3 3 125929
68247 12100 5 100000 68232 1 1 68232
108830 12100 5 100000 108817 1 1 108817
146860 12100 5 100000 146855 2 2 146855
95229 12100 5 100000 95217 1 1 95217
133092 12100 5 100000 133085 1 1 133085
84300 12100 5 100000 84286 1 1 84286
125296 12100 5 100000 125280 1 1 125280
108422 12100 5 100000 108411 1 1 108411
111934 12100 5 100000 111922 1 1 111922
155685 12100 5 100000 118858 2 2 118852
78688 12100 5 100000 78680 2 2 78680
150291 12100 5 100000 118901 2 2 118895
142349 12100 5 100000 142342 2 2 142342
127009 12100 5 100000 126999 1 1 126999
107565 12100 5 100000 107554 2 2 107552
141271 12100 5 100000 141265 2 2 141265
114362 12100 5 100000 114351 1 1 114351
87924 12100 5 100000 87914 1 1 87914
126869 12100 5 100000 126856 1 1 126856
172945 12100 5 100000 126178 2 2 126173
190994 12100 5 100000 190984 1 1 190984
91376 12100 5 100000 91368 2 2 91368
116610 12100 5 100000 116602 1 1 116602
108324 12100 5 100000 108313 1 1 108313
102014 12100 5 100000 102005 2 2 102004
109646 12100 5 100000 94906 5 5 94902
151618 12100 5 100000 119525 2 2 119521
97518 12100 5 100000 97509 1 1 97509
98525 12100 5 100000 98518 1 1 98518
105632 12100 5 100000 73170 2 2 73166
134001 12100 5 100000 133995 1 1 133995
95860 12100 5 100000 95855 1 1 95855
134253 12100 5 100000 100381 2 2 100377
103535 12100 5 100000 103528 2 2 103528
111577 12100 5 100000 111569 1 1 111568
184882 12100 5 100000 184876 1 1 184875
97125 12100 5 100000 97119 1 1 97119
90214 12100 5 100000 90206 1 1 90206
84278 12100 5 100000 84257 1 2 84254
136122 12100 5 100000 136117 1 1 136116
93079 12100 5 100000 93072 1 1 93072
189284 12100 5 100000 189277 1 1 189277
107536 12100 5 100000 107525 1 1 107525
91213 12100 5 100000 91202 2 2 91200
167201 12100 5 100000 167196 2 2 167196
95733 12100 5 100000 95725 1 1 95725
129770 12100 5 100000 129762 1 1 129762
188161 12100 5 100000 160794 2 2 160791
121187 12100 5 100000 119327 3 3 119324
112872 12100 5 100000 112864 1 1 112864
167888 12100 5 100000 126365 2 2 126361
87242 12100 5 100000 87235 2 2 87234
136827 12100 5 100000 136821 1 1 136821
121458 12100 5 100000 121448 1 1 121448
172737 12100 5 100000 109973 3 3 109970
281166 12100 5 100000 239714 2 2 239712
137027 12100 5 100000 137021 1 1 137021
154105 12100 5 100000 154092 1 1 154091
93587 12100 5 100000 93580 1 1 93580
183820 12100 5 100000 137568 2 2 137566
96470 12100 5 100000 96464 1 1 96464
111178 12100 5 100000 111172 1 1 111172
130614 12100 5 100000 130599 1 1 130599
159782 12100 5 100000 159772 1 1 159772
97006 12100 5 100000 97000 2 2 97000
139454 12100 5 100000 131217 2 2 131214
194901 12100 5 100000 172306 2 2 172302
254813 12100 5 100000 254803 1 1 254803
250591 12100 5 100000 250586 1 1 250586
85420 12100 5 100000 85405 1 1 85405
157423 12100 5 100000 113339 4 4 113336
95788 12100 5 100000 95783 1 1 95782
129258 12100 5 100000 129248 5 5 129248
127429 12100 5 100000 127422 3 3 127422
108197 12100 5 100000 108185 1 1 108185
144697 12100 5 100000 117492 2 2 117488
98104 12100 5 100000 98099 1 1 98099
94127 12100 5 100000 94121 2 2 94121
110403 12100 5 100000 110399 1 1 110399
77571 12100 5 100000 77563 2 2 77563
70527 12100 5 100000 70518 1 1 70518
58640 12100 5 100000 58635 1 1 58635
77465 12100 5 100000 77460 3 3 77460
67742 12100 5 100000 67737 1 1 67737
77431 12100 5 100000 77427 2 2 77427
68644 12100 5 100000 68639 2 2 68639
73937 12100 5 100000 73931 1 1 73931
57788 12100 5 100000 57781 1 1 57781
109326 12100 5 100000 80445 3 3 80441
98028 12100 5 100000 73073 2 2 73072
113156 12100 5 100000 113151 1 1 113151
99467 12100 5 100000 72103 2 2 72099
53451 12100 5 100000 53445 1 1 53445
141336 12100 5 100000 118122 4 4 118118
90376 12100 5 100000 65863 2 2 65862
95403 12100 5 100000 95397 1 1 95396
76292 12100 5 100000 76286 1 1 76286
98727 12100 5 100000 98720 1 1 98720
82809 12100 5 100000 82797 2 2 82795
105098 12100 5 100000 105094 1 1 105094
77578 12100 5 100000 77572 4 4 77572
86710 12100 5 100000 86704 1 1 86704
79222 12100 5 100000 79126 4 4 79126
54397 12100 5 100000 54390 1 1 54390
56268 12100 5 100000 56257 1 1 56257
104307 12100 5 100000 86844 2 2 86840
82944 12100 5 100000 82937 1 1 82937
85598 12100 5 100000 85586 1 1 85586
65893 12100 5 100000 65885 1 1 65885
145311 12100 5 100000 119809 2 2 119805
109697 12100 5 100000 80025 2 2 80019
83071 12100 5 100000 83065 1 1 83065
91766 12100 5 100000 91755 1 1 91755
153275 12100 5 100000 125932 3 3 125929
74056 12100 5 100000 74046 2 2 74046
61931 12100 5 100000 61921 1 1 61921
92713 12100 5 100000 78913 3 3 78908
76940 12100 5 100000 76932 1 1 76932
105348 12100 5 100000 105340 1 1 105340
143323 12100 5 100000 143311 1 1 143311
86541 12100 5 100000 86534 1 1 86534
66363 12100 5 100000 66350 4 4 66348
152903 12100 5 100000 152895 1 1 152895
94556 12100 5 100000 94549 1 1 94548
132966 12100 5 100000 132960 1 1 132960
69745 12100 5 100000 69739 1 1 69738
84704 12100 5 100000 84694 1 1 84694
130335 12100 5 100000 130327 2 2 130327
207648 12100 5 100000 207644 1 1 207644
120937 12100 5 100000 120930 1 1 120930
145636 12100 5 100000 127007 3 3 127002
83348 12100 5 100000 83339 2 2 83339
100524 12100 5 100000 100517 1 1 100517
83147 12100 5 100000 74631 3 3 74622
164691 12100 5 100000 106562 3 3 106555
220881 12100 5 100000 170632 2 2 170626
83169 12100 5 100000 83163 2 2 83163
176514 12100 5 100000 148226 2 2 148222
157985 12100 5 100000 157979 1 1 157979
134418 12100 5 100000 134409 1 1 134409
90237 12100 5 100000 90230 1 1 90230
213423 12100 5 100000 148821 3 3 148819
123787 12100 5 100000 123780 2 2 123780
128679 12100 5 100000 128671 1 1 128671
135878 12100 5 100000 135867 3 3 135863
109880 12100 5 100000 109875 1 1 109875
171160 12100 5 100000 134947 2 2 134941
109157 12100 5 100000 109149 1 1 109149
125970 12100 5 100000 125965 1 1 125965
132555 12100 5 100000 128273 2 2 128267
147505 12100 5 100000 147495 1 1 147495
24937412 12100 5 100000 152764 4 5 152761
107358 12100 5 100000 107349 3 3 107349
101355 12100 5 100000 101346 1 1 101346
87858 12100 5 100000 87848 3 3 87848
203667 12100 5 100000 150684 3 3 150679
117156 12100 5 100000 117147 2 2 117147
86802 12100 5 100000 77991 3 3 77983
160589 12100 5 100000 160568 1 1 160568
113379 12100 5 100000 113373 1 1 113373
108789 12100 5 100000 108779 1 1 108779
81839 12100 5 100000 81831 1 1 81831
131082 12100 5 100000 131078 1 1 131078
92620 12100 5 100000 92611 2 2 92611
138360 12100 5 100000 108773 3 3 108766
125860 12100 5 100000 125855 2 2 125855
102569 12100 5 100000 102560 2 2 102560
99258 12100 5 100000 99249 1 1 99249
86329 12100 5 100000 86321 1 1 86321
100024 12100 5 100000 100018 1 1 100018
88599 12100 5 100000 88593 1 1 88593
168370 12100 5 100000 111191 2 2 111185
151668 12100 5 100000 107023 3 3 107018
213959 12100 5 100000 176371 2 2 176364
95344 12100 5 100000 95334 1 1 95334
103383 12100 5 100000 103376 1 1 103376
93231 12100 5 100000 93222 2 2 93222
123945 12100 5 100000 123937 2 2 123937
94228 12100 5 100000 94218 2 2 94218
101814 12100 5 100000 101806 2 2 101806
97702 12100 5 100000 97697 1 1 97697
8567518 12100 5 100000 117566 3 3 117559
67869 12100 5 100000 67861 1 1 67861
111156 12100 5 100000 111150 1 1 111150
91950 12100 5 100000 91943 1 1 91943
85583 12100 5 100000 85575 1 1 85575
92247 12100 5 100000 92242 1 1 92242
121356 12100 5 100000 96232 3 3 96225
82482 12100 5 100000 82472 2 2 82472
132936 12100 5 100000 132925 1 1 132925
70933 12100 5 100000 70924 2 2 70924
64077 12100 5 100000 64071 2 2 64071
96020 12100 5 100000 96012 1 1 96012
121266 12100 5 100000 121258 1 1 121258
74796 12100 5 100000 74787 1 1 74787
87023 12100 5 100000 87014 1 1 87014
160338 12100 5 100000 133914 1 1 133909
104047 12100 5 100000 78246 3 3 78243
78724 12100 5 100000 78713 2 2 78713
59398 12100 5 100000 59387 2 2 59387
87094 12100 5 100000 73269 1 1 73266
66605 12100 5 100000 66596 2 2 66596
137650 12100 5 100000 109533 1 1 109528
71151 12100 5 100000 71144 2 2 71144
122321 12100 5 100000 122317 1 1 122317
90258 12100 5 100000 90251 1 1 90251
101066 12100 5 100000 73051 2 2 73047
75164 12100 5 100000 75154 2 2 75153
94477 12100 5 100000 94471 2 2 94471
138834 12100 5 100000 112451 1 1 112449
127821 12100 5 100000 101514 2 2 101511
107236 12100 5 100000 81839 3 3 81836
93381 12100 5 100000 93376 2 2 93375
91188 12100 5 100000 63920 1 1 63918
120688 12100 5 100000 120681 2 2 120681
101083 12100 5 100000 75786 1 1 75783
109996 12100 5 100000 109989 2 2 109989
120841 12100 5 100000 88391 1 1 88387
79918 12100 5 100000 79909 2 2 79909
76958 12100 5 100000 76952 2 2 76952
74164 12100 5 100000 74154 1 1 74153
