133114 12100 5 100000 133099 1 1 133099
166698 12100 5 100000 150816 2 2 150813
73933 12100 5 100000 73925 1 1 73925
222207 12100 5 100000 222201 2 2 222201
165328 12100 5 100000 129927 2 2 129924
76218 12100 5 100000 76210 2 2 76210
112524 12100 5 100000 112520 1 1 112520
126395 12100 5 100000 126386 2 2 126386
96842 12100 5 100000 96834 1 1 96834
88070 12100 5 100000 88060 2 2 88060
175460 12100 5 100000 175453 1 1 175453
126815 12100 5 100000 107960 2 2 107958
110918 12100 5 100000 110902 3 3 110900
166349 12100 5 100000 166342 2 2 166342
96804 12100 5 100000 96795 2 2 96795
146092 12100 5 100000 98650 2 2 98642
108005 12100 5 100000 107998 2 2 107998
102384 12100 5 100000 102362 4 4 102360
155217 12100 5 100000 98689 2 2 98685
179219 12100 5 100000 179212 1 1 179212
183270 12100 5 100000 144057 2 2 144051
72305 12100 5 100000 72295 1 1 72295
137737 12100 5 100000 137724 1 1 137723
189002 12100 5 100000 188996 2 2 188996
102876 12100 5 100000 102868 1 1 102868
19504048 12100 5 100000 93261 3 3 93256
72387 12100 5 100000 72377 1 1 72377
159482 12100 5 100000 120774 2 2 120770
182068 12100 5 100000 149518 3 3 149516
199000 12100 5 100000 198990 1 1 198990
152007 12100 5 100000 151991 1 1 151991
104896 12100 5 100000 104888 1 1 104888
134958 12100 5 100000 90686 3 3 90681
134549 12100 5 100000 110135 2 2 110131
126181 12100 5 100000 126170 2 2 126170
81136 12100 5 100000 81129 2 2 81129
116875 12100 5 100000 116867 2 2 116867
114968 12100 5 100000 114956 2 2 114956
226461 12100 5 100000 180951 2 2 180945
119049 12100 5 100000 119040 1 1 119040
150483 12100 5 100000 115183 2 2 115178
90140 12100 5 100000 90128 2 2 90128
104026 12100 5 100000 104019 2 2 104019
67085 12100 5 100000 67073 2 2 67073
98211 12100 5 100000 98203 1 1 98203
126788 12100 5 100000 126781 2 2 126781
148705 12100 5 100000 108535 3 3 108532
111529 12100 5 100000 111523 1 1 111522
98802 12100 5 100000 98792 1 1 98792
129914 12100 5 100000 94794 1 1 94788
109564 12100 5 100000 109555 2 2 109555
79943 12100 5 100000 79935 1 1 79935
155361 12100 5 100000 121113 1 1 121111
103830 12100 5 100000 103822 3 3 103821
76876 12100 5 100000 76866 2 2 76865
130613 12100 5 100000 100568 2 2 100563
105128 12100 5 100000 105110 3 3 105109
131290 12100 5 100000 131270 1 1 131270
101571 12100 5 100000 101563 1 1 101563
80143 12100 5 100000 80132 1 1 80132
97883 12100 5 100000 97865 2 2 97865
196747 12100 5 100000 154459 1 1 154451
111724 12100 5 100000 111715 2 2 111715
207368 12100 5 100000 207357 1 1 207357
122973 12100 5 100000 122960 1 1 122960
147693 12100 5 100000 147686 1 1 147686
130397 12100 5 100000 112927 2 2 112923
126707 12100 5 100000 126694 2 2 126694
135931 12100 5 100000 135924 1 1 135923
97682 12100 5 100000 97677 1 1 97677
130410 12100 5 100000 130401 1 1 130401
102356 12100 5 100000 102350 2 2 102350
91088 12100 5 100000 91080 1 1 91080
105982 12100 5 100000 90607 1 1 90603
79360 12100 5 100000 79350 3 3 79350
183681 12100 5 100000 143382 1 1 143379
174158 12100 5 100000 174146 2 2 174146
157429 12100 5 100000 157418 1 1 157418
91264 12100 5 100000 91256 1 1 91256
113174 12100 5 100000 113166 1 1 113166
188956 12100 5 100000 129658 1 1 129649
120656 12100 5 100000 120649 2 2 120649
139263 12100 5 100000 139256 1 1 139256
104615 12100 5 100000 104607 1 1 104607
82927 12100 5 100000 82911 1 1 82911
115565 12100 5 100000 109525 1 1 109520
132410 12100 5 100000 115594 3 3 115587
92479 12100 5 100000 92472 3 3 92472
133819 12100 5 100000 133813 2 2 133813
200666 12100 5 100000 114934 1 1 114932
86122 12100 5 100000 86114 4 4 86114
123002 12100 5 100000 122987 1 1 122984
173641 12100 5 100000 173632 2 2 173632
192275 12100 5 100000 159527 3 3 159522
128879 12100 5 100000 128871 3 3 128871
117658 12100 5 100000 117650 1 1 117650
94839 12100 5 100000 94831 2 2 94831
112690 12100 5 100000 112673 1 1 112671
88118 12100 5 100000 88109 3 3 88109
111325 12100 5 100000 111319 1 1 111319
115718 12100 5 100000 115710 1 1 115710
191089 12100 5 100000 140999 2 2 140994
187221 12100 5 100000 187211 3 3 187211
77030 12100 5 100000 77022 2 2 77022
149992 12100 5 100000 149987 1 1 149987
106970 12100 5 100000 106965 2 2 106965
172755 12100 5 100000 136618 1 1 136614
201991 12100 5 100000 157297 2 2 157294
104155 12100 5 100000 104146 2 2 104145
116281 12100 5 100000 101086 1 1 101077
211976 12100 5 100000 165938 2 2 165933
141300 12100 5 100000 141289 2 2 141288
154582 12100 5 100000 120979 1 1 120973
142164 12100 5 100000 142156 2 2 142156
100799 12100 5 100000 100790 1 1 100790
101108 12100 5 100000 101091 1 1 101087
108993 12100 5 100000 108983 1 1 108983
99859 12100 5 100000 99851 1 1 99851
95683 12100 5 100000 95671 2 2 95669
24873228 12100 5 100000 115060 1 1 115056
98027 12100 5 100000 91744 2 2 91739
70969 12100 5 100000 70964 2 2 70964
96305 12100 5 100000 96300 3 4 96299
67554 12100 5 100000 67547 2 2 67547
98438 12100 5 100000 73199 1 1 73196
63036 12100 5 100000 63030 1 1 63029
101427 12100 5 100000 78534 2 2 78530
71148 12100 5 100000 71142 3 3 71141
58541 12100 5 100000 58534 1 1 58534
12524733 12100 5 100000 88930 2 2 88925
65532 12100 5 100000 65525 1 1 65525
95786 12100 5 100000 74588 1 1 74586
60420 12100 5 100000 48362 2 3 48359
59169 12100 5 100000 59162 1 1 59162
81355 12100 5 100000 81350 4 4 81350
96544 12100 5 100000 75308 3 3 75303
58331 12100 5 100000 58326 1 1 58325
86338 12100 5 100000 64370 1 1 64367
77457 12100 5 100000 66471 2 2 66468
78277 12100 5 100000 78271 1 1 78271
66930 12100 5 100000 66925 2 2 66925
89821 12100 5 100000 67009 3 3 67006
88121 12100 5 100000 65539 1 1 65536
66555 12100 5 100000 66550 1 1 66550
57958 12100 5 100000 57953 2 2 57953
96641 12100 5 100000 65347 2 2 65344
62544 12100 5 100000 62532 1 1 62531
90982 12100 5 100000 90978 1 1 90978
64933 12100 5 100000 64925 3 3 64925
88260 12100 5 100000 67153 2 2 67151
51186 12100 5 100000 51178 1 1 51175
88708 12100 5 100000 66441 2 2 66439
64898 12100 5 100000 64893 2 2 64892
55657 12100 5 100000 49929 3 3 49926
73303 12100 5 100000 50667 2 2 50665
86483 12100 5 100000 86478 1 1 86478
60714 12100 5 100000 60709 2 2 60709
57507 12100 5 100000 57501 2 2 57501
62027 12100 5 100000 62021 1 1 62021
66797 12100 5 100000 61099 1 1 61097
54184 12100 5 100000 54172 1 1 54172
92283 12100 5 100000 92279 1 1 92279
87656 12100 5 100000 65065 2 2 65063
94392 12100 5 100000 94387 3 3 94387
70514 12100 5 100000 59458 1 1 59456
92540 12100 5 100000 65860 2 2 65857
85090 12100 5 100000 85085 1 1 85085
2334055 12100 5 100000 51105 2 2 51103
57756 12100 5 100000 57748 3 3 57748
70415 12100 5 100000 70409 1 1 70409
61750 12100 5 100000 61741 4 4 61739
63872 12100 5 100000 63866 1 1 63866
85393 12100 5 100000 73989 2 2 73987
65922 12100 5 100000 65916 2 2 65916
52735 12100 5 100000 52726 3 3 52726
56762 12100 5 100000 56755 3 3 56755
64958 12100 5 100000 64952 2 2 64952
72244 12100 5 100000 72240 2 2 72240
58304 12100 5 100000 58299 1 1 58299
105183 12100 5 100000 81800 2 2 81798
58931 12100 5 100000 58926 1 1 58926
87073 12100 5 100000 87067 2 2 87067
93135 12100 5 100000 70956 2 2 70952
53463 12100 5 100000 53458 1 1 53458
85913 12100 5 100000 65052 2 2 65049
50202 12100 5 100000 50197 3 3 50197
53851 12100 5 100000 53843 1 1 53843
55144 12100 5 100000 55138 2 2 55138
63130 12100 5 100000 63118 1 1 63118
49888 12100 5 100000 49880 1 1 49880
91147 12100 5 100000 91142 1 1 91142
62058 12100 5 100000 62048 2 2 62048
58433 12100 5 100000 58425 1 1 58425
60783 12100 5 100000 60777 1 1 60777
50695 12100 5 100000 50688 1 1 50688
68891 12100 5 100000 68884 1 1 68884
84847 12100 5 100000 84838 1 1 84838
101532 12100 5 100000 78408 1 1 78406
110441 12100 5 100000 88129 1 1 88127
86472 12100 5 100000 86467 1 1 86467
66993 12100 5 100000 66987 2 2 66986
62392 12100 5 100000 62384 2 2 62384
64327 12100 5 100000 64321 1 1 64321
94536 12100 5 100000 94529 2 2 94529
56184 12100 5 100000 56178 2 2 56178
55118 12100 5 100000 55114 4 4 55113
73658 12100 5 100000 73652 1 1 73652
61625 12100 5 100000 61619 1 1 61619
105971 12100 5 100000 105961 1 1 105961
66508 12100 5 100000 66504 1 1 66503
90230 12100 5 100000 90223 4 4 90222
97021 12100 5 100000 97015 1 1 97015
57103 12100 5 100000 57098 1 1 57098
75543 12100 5 100000 62089 1 1 62086
45746 12100 5 100000 45739 1 1 45739
52028 12100 5 100000 52018 1 1 52017
99467 12100 5 100000 99461 2 2 99461
55888 12100 5 100000 55883 2 2 55883
69682 12100 5 100000 48571 2 2 48565
