73949 13225 5 100000 73937 2 2 73937
107024 13225 5 100000 107017 1 1 107017
74511 13225 5 100000 74496 2 2 74494
154897 13225 5 100000 96087 3 3 96079
120438 13225 5 100000 120428 1 1 120428
106620 13225 5 100000 88430 4 4 88424
84139 13225 5 100000 84127 2 2 84127
78847 13225 5 100000 78840 1 1 78840
84236 13225 5 100000 84225 2 2 84225
141646 13225 5 100000 141640 2 2 141640
96224 13225 5 100000 96214 2 2 96214
117762 13225 5 100000 117756 1 1 117756
104232 13225 5 100000 104219 1 1 104218
257447 13225 5 100000 151002 2 2 150999
104961 13225 5 100000 104954 3 3 104954
104754 13225 5 100000 100375 3 3 100370
235168 13225 5 100000 111502 5 5 111496
147771 13225 5 100000 147752 1 1 147752
115466 13225 5 100000 115458 2 2 115458
238538 13225 5 100000 99942 3 3 99936
97173 13225 5 100000 97166 1 1 97166
185936 13225 5 100000 185923 1 1 185923
265160 13225 5 100000 158787 2 2 158784
179934 13225 5 100000 179926 1 1 179926
183172 13225 5 100000 183167 2 2 183167
195668 13225 5 100000 195656 2 2 195656
170567 13225 5 100000 170554 1 1 170554
142277 13225 5 100000 142267 2 2 142267
195745 13225 5 100000 112756 2 2 112752
203101 13225 5 100000 132172 2 2 132168
118155 13225 5 100000 118143 2 2 118140
237345 13225 5 100000 137288 1 1 137285
149596 13225 5 100000 149588 3 3 149588
142411 13225 5 100000 142402 2 2 142402
129349 13225 5 100000 129336 1 1 129333
139024 13225 5 100000 139014 3 3 139014
154866 13225 5 100000 154856 1 1 154856
129394 13225 5 100000 112750 1 1 112747
208324 13225 5 100000 208320 2 2 208320
133896 13225 5 100000 133846 2 2 133846
92388 13225 5 100000 92378 2 2 92377
108127 13225 5 100000 108115 1 1 108115
212010 13225 5 100000 212001 1 1 212001
102837 13225 5 100000 102828 1 1 102828
135748 13225 5 100000 135738 1 1 135738
114375 13225 5 100000 114362 1 1 114360
281511 13225 5 100000 281505 2 2 281505
161276 13225 5 100000 115422 1 1 115417
151232 13225 5 100000 151225 2 2 151225
110535 13225 5 100000 110528 1 1 110528
141156 13225 5 100000 141145 1 1 141145
99742 13225 5 100000 99733 2 2 99733
137287 13225 5 100000 137279 2 2 137278
124042 13225 5 100000 124022 1 1 124022
264846 13225 5 100000 161057 1 1 161050
133305 13225 5 100000 133293 3 3 133292
131253 13225 5 100000 131248 1 1 131248
331158 13225 5 100000 233078 2 2 233071
121543 13225 5 100000 121531 2 2 121531
124523 13225 5 100000 124513 1 1 124513
185964 13225 5 100000 185953 2 2 185953
188386 13225 5 100000 188379 1 1 188379
152107 13225 5 100000 152099 1 1 152099
119077 13225 5 100000 119068 1 1 119067
126969 13225 5 100000 126959 1 1 126959
111658 13225 5 100000 111649 2 2 111649
94266 13225 5 100000 94257 1 1 94257
169123 13225 5 100000 169117 2 2 169117
127170 13225 5 100000 127157 1 1 127157
146384 13225 5 100000 146375 1 1 146375
129732 13225 5 100000 129727 2 2 129726
112591 13225 5 100000 112573 1 1 112570
128234 13225 5 100000 128222 1 2 128222
138361 13225 5 100000 138349 4 4 138349
117997 13225 5 100000 117989 1 1 117989
197148 13225 5 100000 197135 2 2 197135
122311 13225 5 100000 122295 1 1 122293
197695 13225 5 100000 123597 3 3 123593
107520 13225 5 100000 107514 2 2 107514
96981 13225 5 100000 96973 2 2 96973
155996 13225 5 100000 155991 1 1 155991
124935 13225 5 100000 124927 1 1 124927
111740 13225 5 100000 111726 1 1 111726
139383 13225 5 100000 139377 1 1 139377
227909 13225 5 100000 129390 1 1 129384
149991 13225 5 100000 149986 2 2 149986
102988 13225 5 100000 102979 4 4 102979
176736 13225 5 100000 92921 1 1 92915
96444 13225 5 100000 96436 4 4 96436
109491 13225 5 100000 109481 1 1 109481
133590 13225 5 100000 133581 1 1 133581
101063 13225 5 100000 101053 1 1 101052
94964 13225 5 100000 94952 1 1 94952
143103 13225 5 100000 143095 1 1 143094
139014 13225 5 100000 139007 1 1 139006
246582 13225 5 100000 151710 1 1 151703
129546 13225 5 100000 129538 2 2 129538
95916 13225 5 100000 95906 2 2 95905
178377 13225 5 100000 139656 1 1 139654
164943 13225 5 100000 164928 3 3 164926
114224 13225 5 100000 114216 1 2 114216
158143 13225 5 100000 158137 1 1 158137
102221 13225 5 100000 102209 1 1 102209
189609 13225 5 100000 127302 1 1 127296
91832 13225 5 100000 91821 3 3 91821
82696 13225 5 100000 82687 1 1 82687
195804 13225 5 100000 118905 1 1 118900
100530 13225 5 100000 100520 2 2 100519
116153 13225 5 100000 116145 1 1 116145
202528 13225 5 100000 112011 1 1 112007
104930 13225 5 100000 104921 4 4 104921
276204 13225 5 100000 167427 1 1 167423
180551 13225 5 100000 180544 2 2 180544
180432 13225 5 100000 180426 1 1 180426
112808 13225 5 100000 112800 1 1 112800
169219 13225 5 100000 111043 1 1 111036
114221 13225 5 100000 114213 2 2 114213
152820 13225 5 100000 152811 1 1 152811
187636 13225 5 100000 187628 2 2 187628
92591 13225 5 100000 92581 1 1 92581
196786 13225 5 100000 133497 1 1 133494
101516 13225 5 100000 101507 2 2 101507
104290 13225 5 100000 104283 1 1 104283
81819 13225 5 100000 81808 3 3 81808
131384 13225 5 100000 131375 1 1 131375
119000 13225 5 100000 118995 1 1 118994
107918 13225 5 100000 107907 1 1 107907
81523 13225 5 100000 81515 1 1 81515
93796 13225 5 100000 93787 2 2 93787
220359 13225 5 100000 134093 1 1 134089
129336 13225 5 100000 129325 3 3 129325
122434 13225 5 100000 122425 1 1 122425
123199 13225 5 100000 123191 1 1 123191
101375 13225 5 100000 101367 1 1 101367
174945 13225 5 100000 174930 1 1 174930
107155 13225 5 100000 107146 1 1 107146
112252 13225 5 100000 112239 1 1 112236
146795 13225 5 100000 146786 2 2 146785
121379 13225 5 100000 121365 1 1 121361
158121 13225 5 100000 114948 2 2 114944
195207 13225 5 100000 195199 2 2 195198
118065 13225 5 100000 118046 1 1 118044
124978 13225 5 100000 124968 2 2 124968
95522 13225 5 100000 95512 1 1 95512
60789075 13225 5 100000 114192 2 2 114191
56127 13225 5 100000 56121 2 3 56121
58683 13225 5 100000 58677 2 2 58677
101156 13225 5 100000 59565 2 2 59563
55566 13225 5 100000 55560 2 2 55560
55122 13225 5 100000 55117 1 1 55117
62180 13225 5 100000 62175 1 1 62175
102416 13225 5 100000 63647 1 1 63644
63002 13225 5 100000 62998 5 5 62998
59934 13225 5 100000 59928 1 1 59928
58898 13225 5 100000 58892 1 1 58892
41721 13225 5 100000 41714 1 1 41714
86324 13225 5 100000 86318 1 1 86318
61419 13225 5 100000 61415 1 1 61415
65277 13225 5 100000 65271 1 1 65271
67601 13225 5 100000 67596 1 1 67595
68575 13225 5 100000 68569 1 1 68569
50109 13225 5 100000 50101 1 1 50101
129435 13225 5 100000 87655 1 1 87653
69499 13225 5 100000 59011 2 2 59009
57927 13225 5 100000 57920 3 3 57920
52649 13225 5 100000 52643 2 2 52643
47327085 13225 5 100000 75846 2 2 75843
116159 13225 5 100000 78087 2 3 78084
71201 13225 5 100000 71192 2 2 71192
116001 13225 5 100000 73800 1 1 73799
101544 13225 5 100000 60323 2 2 60321
112939 13225 5 100000 69977 2 2 69975
62349 13225 5 100000 62343 2 2 62343
97999 13225 5 100000 58009 1 1 58008
64979 13225 5 100000 64974 3 3 64974
118122 13225 5 100000 60897 2 2 60895
54744 13225 5 100000 54739 4 4 54739
115548 13225 5 100000 72323 1 1 72320
138055 13225 5 100000 97945 2 2 97944
62220 13225 5 100000 62214 2 2 62214
50397 13225 5 100000 50391 2 2 50391
58492 13225 5 100000 58487 3 3 58487
52433 13225 5 100000 52425 2 2 52424
66040 13225 5 100000 66030 1 1 66030
105626 13225 5 100000 63824 2 2 63819
72549 13225 5 100000 72541 2 2 72541
67913 13225 5 100000 67906 1 1 67906
116601 13225 5 100000 66805 1 1 66803
163534 13225 5 100000 118221 1 1 118218
53212 13225 5 100000 53197 2 2 53196
98161 13225 5 100000 98143 2 2 98143
123161 13225 5 100000 80034 2 2 80031
63181 13225 5 100000 63174 2 2 63174
58730 13225 5 100000 58721 2 2 58721
141018 13225 5 100000 95472 1 1 95469
70075 13225 5 100000 70069 1 1 70069
134389 13225 5 100000 95354 2 2 95348
65108 13225 5 100000 65102 2 2 65102
47586 13225 5 100000 47581 2 2 47581
68292 13225 5 100000 68281 1 1 68280
68150 13225 5 100000 68146 1 1 68146
74281 13225 5 100000 74276 4 4 74276
54553 13225 5 100000 54548 1 1 54548
68551 13225 5 100000 68546 2 2 68546
67656 13225 5 100000 67650 1 1 67650
68098 13225 5 100000 68094 1 1 68094
73523 13225 5 100000 73517 1 1 73517
87664 13225 5 100000 87659 2 2 87659
81250 13225 5 100000 81245 1 1 81244
56739 13225 5 100000 56734 1 1 56734
