88508 13225 5 100000 88497 1 1 88497
137621 13225 5 100000 137615 1 1 137614
104049 13225 5 100000 104040 2 2 104040
142597 13225 5 100000 142589 2 2 142589
109056 13225 5 100000 109018 2 2 109017
168337 13225 5 100000 108402 2 2 108397
113987 13225 5 100000 113979 1 1 113979
122482 13225 5 100000 122473 2 2 122473
250724 13225 5 100000 167486 3 3 167481
102034 13225 5 100000 102027 1 1 102027
112464 13225 5 100000 112457 1 1 112457
126703 13225 5 100000 126694 1 1 126694
95511 13225 5 100000 95502 2 2 95502
136170 13225 5 100000 136156 1 1 136156
82429 13225 5 100000 82396 3 3 82393
188252 13225 5 100000 188235 1 1 188235
95216 13225 5 100000 95207 1 1 95207
199868 13225 5 100000 199862 1 1 199862
107104 13225 5 100000 107098 2 2 107098
122955 13225 5 100000 122948 1 1 122948
160497 13225 5 100000 160487 1 1 160486
223911 13225 5 100000 223902 1 1 223902
148841 13225 5 100000 148834 1 1 148833
92660 13225 5 100000 92647 3 3 92645
122301 13225 5 100000 122293 2 2 122293
240670 13225 5 100000 155617 2 2 155615
91042 13225 5 100000 91034 2 2 91034
195154 13225 5 100000 113013 3 3 113006
149089 13225 5 100000 149079 1 1 149079
104931 13225 5 100000 104917 3 3 104914
107693 13225 5 100000 107679 3 3 107676
84856 13225 5 100000 84846 2 2 84846
171506 13225 5 100000 171500 1 1 171500
172369 13225 5 100000 172365 2 2 172365
81246 13225 5 100000 81236 2 2 81236
108069 13225 5 100000 108063 1 1 108063
137628 13225 5 100000 96204 2 2 96201
216696 13225 5 100000 157614 2 2 157611
149417 13225 5 100000 149409 2 2 149409
341649 13225 5 100000 222408 2 2 222402
88767 13225 5 100000 88759 2 2 88759
200229 13225 5 100000 200211 1 1 200211
95287 13225 5 100000 95280 1 1 95280
234626 13225 5 100000 141070 3 3 141065
109247 13225 5 100000 109242 1 1 109242
188001 13225 5 100000 143027 3 3 143025
149250 13225 5 100000 149234 1 1 149234
142827 13225 5 100000 142812 2 2 142812
84850 13225 5 100000 84841 1 1 84841
144250 13225 5 100000 144242 1 1 144242
202442 13225 5 100000 120535 3 3 120528
106365 13225 5 100000 106356 1 1 106356
88677 13225 5 100000 88668 2 2 88668
156159 13225 5 100000 156148 2 2 156148
142034 13225 5 100000 142027 1 1 142027
102561 13225 5 100000 85938 2 2 85935
211172 13225 5 100000 150019 2 2 150012
163682 13225 5 100000 163669 3 3 163667
125575 13225 5 100000 125566 1 1 125566
130370 13225 5 100000 130363 1 1 130363
167203 13225 5 100000 167196 1 1 167196
127426 13225 5 100000 127417 1 1 127417
261601 13225 5 100000 191942 3 3 191936
175885 13225 5 100000 175877 1 1 175877
187224 13225 5 100000 119399 2 2 119392
149914 13225 5 100000 149897 1 1 149897
95234 13225 5 100000 95224 1 1 95224
85404 13225 5 100000 85390 1 1 85390
79072 13225 5 100000 79065 1 1 79065
123371 13225 5 100000 123360 1 1 123360
108394 13225 5 100000 108384 1 1 108384
164382 13225 5 100000 164372 1 1 164372
82369 13225 5 100000 82360 1 1 82360
125694 13225 5 100000 125684 1 1 125684
220510 13225 5 100000 147265 1 1 147260
219297 13225 5 100000 124183 3 3 124178
166790 13225 5 100000 90030 3 3 90022
192910 13225 5 100000 192902 5 5 192902
137142 13225 5 100000 137133 1 1 137132
197704 13225 5 100000 127853 1 1 127845
84397 13225 5 100000 84383 2 2 84382
123219 13225 5 100000 123206 1 1 123206
229725 13225 5 100000 229713 1 1 229713
140353 13225 5 100000 140344 2 2 140344
157915 13225 5 100000 157907 1 1 157907
231187 13225 5 100000 231178 3 3 231178
223439 13225 5 100000 142667 2 2 142663
119438 13225 5 100000 119431 2 2 119431
141703 13225 5 100000 141694 1 1 141694
155308 13225 5 100000 119052 1 1 119041
151623 13225 5 100000 151613 2 2 151613
110739 13225 5 100000 110731 2 2 110731
196249 13225 5 100000 112630 2 2 112624
134276 13225 5 100000 134267 2 2 134267
184957 13225 5 100000 107419 1 1 107417
104859 13225 5 100000 104851 2 2 104851
127494 13225 5 100000 127487 2 2 127486
187585 13225 5 100000 109758 1 1 109756
149915 13225 5 100000 149909 5 5 149908
90085 13225 5 100000 90073 1 1 90073
92063 13225 5 100000 92053 1 1 92053
124709 13225 5 100000 124690 2 2 124690
145563 13225 5 100000 102434 1 1 102427
289021 13225 5 100000 177757 3 3 177751
250922 13225 5 100000 174406 2 2 174402
122120 13225 5 100000 122114 3 3 122114
91224 13225 5 100000 91214 1 1 91214
148242 13225 5 100000 148236 1 1 148235
86640 13225 5 100000 86624 1 1 86624
213907 13225 5 100000 96070 1 1 96066
112240 13225 5 100000 112231 2 2 112231
198526 13225 5 100000 94051 1 1 94049
206027 13225 5 100000 129623 2 2 129616
81158 13225 5 100000 81152 2 2 81152
158727 13225 5 100000 158718 1 1 158718
109350 13225 5 100000 109342 1 1 109342
187908 13225 5 100000 118529 1 1 118521
104933 13225 5 100000 104924 4 4 104924
120782 13225 5 100000 120773 1 1 120773
139846 13225 5 100000 139837 1 1 139837
134565 13225 5 100000 134555 1 1 134555
98048 13225 5 100000 98038 2 2 98038
151867 13225 5 100000 151861 1 1 151861
179924 13225 5 100000 179916 2 2 179916
92749 13225 5 100000 92738 2 2 92738
147550 13225 5 100000 109573 2 2 109570
150192 13225 5 100000 107321 2 2 107316
197908 13225 5 100000 122470 2 2 122467
101351 13225 5 100000 101337 2 2 101334
95708 13225 5 100000 95700 1 2 95700
213500 13225 5 100000 133271 3 3 133267
221949 13225 5 100000 146806 2 2 146802
213359 13225 5 100000 128553 2 2 128546
77029 13225 5 100000 77018 2 2 77018
229032 13225 5 100000 151137 2 2 151131
141040 13225 5 100000 141032 4 4 141032
170011 13225 5 100000 107557 1 1 107554
129154 13225 5 100000 129147 3 3 129147
87815 13225 5 100000 87806 1 1 87806
119268 13225 5 100000 119256 2 2 119256
129931 13225 5 100000 129918 1 1 129918
164573 13225 5 100000 164560 1 1 164560
108337 13225 5 100000 108327 3 3 108327
122484 13225 5 100000 122474 1 1 122474
176278 13225 5 100000 176269 1 1 176269
271005 13225 5 100000 194924 1 1 194916
95958 13225 5 100000 95950 4 4 95949
87021 13225 5 100000 87013 1 1 87013
108260 13225 5 100000 108249 2 2 108249
125159 13225 5 100000 125153 1 1 125153
113326 13225 5 100000 113317 1 1 113317
101548 13225 5 100000 101541 1 1 101541
166082 13225 5 100000 166073 1 1 166073
133189 13225 5 100000 133181 3 3 133181
177448 13225 5 100000 177440 2 2 177440
84617 13225 5 100000 84607 1 1 84607
135735 13225 5 100000 135728 1 1 135728
100478 13225 5 100000 100473 1 1 100472
203437 13225 5 100000 121917 2 2 121914
132345 13225 5 100000 132337 1 1 132337
86058 13225 5 100000 86049 2 2 86049
124028 13225 5 100000 124022 2 2 124022
135409 13225 5 100000 135398 1 1 135398
89872 13225 5 100000 89860 2 2 89860
140041 13225 5 100000 140034 1 1 140034
172474 13225 5 100000 172466 1 1 172466
105688 13225 5 100000 105675 1 1 105675
165330 13225 5 100000 165322 1 1 165322
162395 13225 5 100000 162388 1 1 162388
100525 13225 5 100000 100518 1 1 100518
117981 13225 5 100000 117975 1 1 117975
85447 13225 5 100000 85436 1 1 85436
110685 13225 5 100000 110675 1 1 110675
111340 13225 5 100000 111330 2 2 111330
142462 13225 5 100000 133797 1 1 133794
120155 13225 5 100000 120145 1 1 120145
134724 13225 5 100000 134717 3 3 134717
112215 13225 5 100000 95783 1 1 95781
176871 13225 5 100000 106906 1 1 106900
118412 13225 5 100000 118402 3 3 118402
122974 13225 5 100000 122964 2 2 122964
118991 13225 5 100000 118985 1 1 118985
111813 13225 5 100000 111805 2 2 111805
265630 13225 5 100000 181845 2 2 181843
96865 13225 5 100000 96855 1 1 96855
131911 13225 5 100000 131903 3 3 131903
133390 13225 5 100000 133380 1 1 133380
111534 13225 5 100000 111520 1 1 111519
73914 13225 5 100000 73905 1 1 73905
187854 13225 5 100000 187846 2 2 187846
100808 13225 5 100000 100800 1 1 100800
146707 13225 5 100000 96508 2 2 96502
94785 13225 5 100000 94773 1 1 94773
105306 13225 5 100000 105299 3 3 105299
112725 13225 5 100000 112716 1 1 112716
105436 13225 5 100000 105428 1 1 105428
183759 13225 5 100000 107319 1 1 107315
116419 13225 5 100000 116411 1 1 116411
113821 13225 5 100000 113811 2 2 113811
210736 13225 5 100000 128896 2 2 128893
293561 13225 5 100000 195036 1 1 195030
152247 13225 5 100000 114486 2 2 114478
108074 13225 5 100000 108064 2 2 108064
259764 13225 5 100000 185991 2 2 185986
114708 13225 5 100000 114701 2 2 114701
135028 13225 5 100000 102514 2 2 102506
194935 13225 5 100000 117754 1 1 117749
149929 13225 5 100000 149917 4 4 149917
