95000 13225 5 100000 78729 2 2 78720
99240 13225 5 100000 99222 4 4 99219
271328 13225 5 100000 193477 2 2 193474
117916 13225 5 100000 117909 1 1 117909
117626 13225 5 100000 117615 1 1 117614
90197 13225 5 100000 90178 1 1 90177
144112 13225 5 100000 144105 1 1 144105
148435 13225 5 100000 148426 2 2 148426
179952 13225 5 100000 179943 1 1 179943
185170 13225 5 100000 185158 1 1 185158
137505 13225 5 100000 101675 2 2 101671
116977 13225 5 100000 116966 1 1 116966
148885 13225 5 100000 148880 2 2 148880
287335 13225 5 100000 287330 1 1 287330
222398 13225 5 100000 125674 2 2 125668
117321 13225 5 100000 117310 1 1 117310
223197 13225 5 100000 108516 3 3 108513
109369 13225 5 100000 109356 1 1 109356
155866 13225 5 100000 155856 2 2 155856
151383 13225 5 100000 151377 1 1 151377
119383 13225 5 100000 119374 1 1 119374
111085 13225 5 100000 111071 2 2 111071
136396 13225 5 100000 136386 1 1 136386
124166 13225 5 100000 124159 1 1 124159
273291 13225 5 100000 199072 2 2 199069
134763 13225 5 100000 134751 2 2 134750
250431 13225 5 100000 166238 2 2 166235
100221 13225 5 100000 100212 1 1 100212
103762 13225 5 100000 103753 1 1 103752
105782 13225 5 100000 105720 3 3 105718
143045 13225 5 100000 96291 2 2 96288
115742 13225 5 100000 115733 1 1 115733
312531 13225 5 100000 216015 3 3 216009
164852 13225 5 100000 128152 3 3 128149
189211 13225 5 100000 189207 1 1 189206
269644 13225 5 100000 202697 2 2 202690
162111 13225 5 100000 162097 1 1 162097
89019 13225 5 100000 89008 2 2 89008
93909 13225 5 100000 93900 1 1 93900
94621 13225 5 100000 94612 2 2 94612
192678 13225 5 100000 157208 3 3 157201
116622 13225 5 100000 116615 1 1 116615
92412 13225 5 100000 92405 1 1 92405
241665 13225 5 100000 174472 2 2 174467
99894 13225 5 100000 99876 2 2 99876
117368 13225 5 100000 117358 3 3 117358
121820 13225 5 100000 121812 1 1 121812
143703 13225 5 100000 143694 1 1 143694
126150 13225 5 100000 126143 1 1 126142
105421 13225 5 100000 105412 1 1 105412
131260 13225 5 100000 97397 2 2 97389
101198 13225 5 100000 101189 2 2 101189
135594 13225 5 100000 135587 3 3 135587
111363 13225 5 100000 111353 2 2 111353
90933 13225 5 100000 90921 1 1 90921
200058 13225 5 100000 125089 2 2 125081
181640 13225 5 100000 121999 2 2 121996
116160 13225 5 100000 116149 1 1 116149
124170 13225 5 100000 124162 1 1 124161
180951 13225 5 100000 180939 1 1 180939
186914 13225 5 100000 114673 2 2 114670
167837 13225 5 100000 99069 3 3 99062
111819 13225 5 100000 111808 1 1 111808
250207 13225 5 100000 250200 1 1 250200
125784 13225 5 100000 107805 3 3 107798
115401 13225 5 100000 115390 1 1 115390
93287 13225 5 100000 93276 1 1 93276
270620 13225 5 100000 115923 4 4 115917
97570 13225 5 100000 97562 1 1 97562
101784 13225 5 100000 101775 1 1 101775
185997 13225 5 100000 185987 1 1 185987
140820 13225 5 100000 140805 1 1 140805
91221 13225 5 100000 91214 1 1 91214
108696 13225 5 100000 108687 1 1 108687
211888 13225 5 100000 211878 1 1 211878
128566 13225 5 100000 128558 2 2 128558
204645 13225 5 100000 132443 2 2 132439
113198 13225 5 100000 113190 1 1 113189
141636 13225 5 100000 141626 2 2 141626
64487846 13225 5 100000 115126 2 3 115121
57220 13225 5 100000 57214 1 1 57214
51201 13225 5 100000 51195 1 1 51195
93493 13225 5 100000 51020 4 4 51016
62754 13225 5 100000 62749 1 1 62749
90001 13225 5 100000 49030 2 2 49027
61390 13225 5 100000 61385 1 1 61385
91387 13225 5 100000 91382 1 1 91382
94315 13225 5 100000 54510 2 2 54508
67890 13225 5 100000 67885 2 2 67885
56691 13225 5 100000 56685 1 1 56685
66720 13225 5 100000 66706 3 3 66706
58334 13225 5 100000 58329 1 1 58329
72246 13225 5 100000 72241 1 1 72240
49856 13225 5 100000 49852 1 1 49851
47508 13225 5 100000 47503 1 1 47503
55760 13225 5 100000 55756 1 1 55756
129632 13225 5 100000 89344 2 2 89343
68646 13225 5 100000 58015 2 2 58013
96223 13225 5 100000 55189 2 2 55186
129179 13225 5 100000 87744 3 3 87741
47134523 13225 5 100000 76212 2 3 76210
48168 13225 5 100000 48156 1 2 48155
49123 13225 5 100000 49118 1 1 49118
116882 13225 5 100000 74502 2 2 74500
62116 13225 5 100000 62110 1 1 62110
61398 13225 5 100000 61392 1 1 61392
87994 13225 5 100000 51172 3 3 51171
63322 13225 5 100000 63317 2 2 63317
82119 13225 5 100000 82114 1 1 82114
103192 13225 5 100000 59967 2 2 59964
51160 13225 5 100000 51154 1 1 51154
47372 13225 5 100000 47367 1 1 47367
94608 13225 5 100000 58561 2 2 58559
50276 13225 5 100000 50271 1 1 50271
49339 13225 5 100000 49314 3 3 49313
52986 13225 5 100000 52980 3 3 52980
46156433 13225 5 100000 89640 2 3 89638
56009 13225 5 100000 56004 1 1 56003
76104 13225 5 100000 76098 1 1 76098
46909 13225 5 100000 46904 1 1 46904
53420 13225 5 100000 53415 1 1 53415
42718 13225 5 100000 42712 2 2 42712
87533 13225 5 100000 52116 3 3 52114
46741 13225 5 100000 46736 2 2 46736
110855 13225 5 100000 73544 3 3 73543
60144 13225 5 100000 60140 2 2 60139
82168 13225 5 100000 82163 1 1 82162
78858 13225 5 100000 60306 3 3 60304
50526 13225 5 100000 50521 2 2 50520
49425 13225 5 100000 49419 2 2 49419
73792 13225 5 100000 55239 3 3 55236
58137 13225 5 100000 58131 2 2 58131
41490 13225 5 100000 41484 1 1 41484
57599 13225 5 100000 57594 1 1 57594
48687 13225 5 100000 48681 4 4 48681
90416 13225 5 100000 53264 1 1 53262
68016 13225 5 100000 68010 3 3 68010
63245 13225 5 100000 63238 1 1 63237
55607 13225 5 100000 55601 1 1 55601
57309 13225 5 100000 57304 3 3 57304
61897 13225 5 100000 61893 2 2 61893
51541 13225 5 100000 51535 1 1 51535
60396 13225 5 100000 60391 1 1 60391
97933 13225 5 100000 62080 1 1 62078
62144 13225 5 100000 62139 2 2 62139
95515 13225 5 100000 59959 1 1 59957
48991 13225 5 100000 48985 2 2 48984
68810 13225 5 100000 59103 1 1 59101
49977 13225 5 100000 49971 2 2 49971
56128 13225 5 100000 56122 1 1 56122
49673 13225 5 100000 44533 1 1 44532
52392 13225 5 100000 52386 2 2 52386
85308 13225 5 100000 49885 1 1 49884
44270 13225 5 100000 44265 2 2 44264
51218 13225 5 100000 51208 1 1 51206
50484 13225 5 100000 50478 1 2 50478
57150 13225 5 100000 57144 1 1 57144
94781 13225 5 100000 42642 1 1 42639
58451 13225 5 100000 58440 3 3 58439
109060 13225 5 100000 54422 3 3 54419
56847 13225 5 100000 56839 3 3 56837
71475 13225 5 100000 52922 2 2 52921
71644 13225 5 100000 61981 2 2 61979
64785 13225 5 100000 46486 3 3 46485
48689 13225 5 100000 48683 4 4 48683
117285 13225 5 100000 81871 1 1 81869
97861 13225 5 100000 61328 2 2 61326
50965 13225 5 100000 50959 3 3 50959
40447 13225 5 100000 40442 1 1 40442
96475 13225 5 100000 60935 1 1 60932
58174 13225 5 100000 58167 2 2 58167
78477 13225 5 100000 78472 1 1 78472
53655 13225 5 100000 53647 1 1 53647
53472 13225 5 100000 53467 2 2 53466
57713 13225 5 100000 57708 1 1 57708
56716 13225 5 100000 56709 1 1 56709
16107604 13225 5 100000 53633 1 1 53631
107762 13225 5 100000 72365 3 3 72363
60755 13225 5 100000 42807 2 2 42805
46474 13225 5 100000 46467 2 2 46467
80446 13225 5 100000 80441 2 2 80441
50012 13225 5 100000 50001 2 2 50000
101641 13225 5 100000 66218 2 2 66216
65854 13225 5 100000 65848 2 2 65848
74483 13225 5 100000 74477 1 1 74477
59708 13225 5 100000 59702 3 3 59702
60947 13225 5 100000 60943 1 1 60943
83656 13225 5 100000 47643 1 1 47641
58002 13225 5 100000 57997 3 3 57997
94434 13225 5 100000 57014 2 2 57013
82804 13225 5 100000 46770 2 2 46769
47727 13225 5 100000 47721 2 2 47721
51902 13225 5 100000 51896 1 1 51896
73418 13225 5 100000 73412 2 2 73412
97702 13225 5 100000 61760 2 2 61758
91909 13225 5 100000 56305 3 3 56303
74891 13225 5 100000 74885 2 2 74885
60772 13225 5 100000 60767 1 1 60766
57336 13225 5 100000 47881 2 2 47880
70608 13225 5 100000 52085 2 2 52084
91945 13225 5 100000 52743 3 3 52741
49212 13225 5 100000 49207 2 2 49207
77040 13225 5 100000 77034 1 1 77034
62376 13225 5 100000 62369 2 2 62369
59608 13225 5 100000 59602 2 2 59601
42870 13225 5 100000 42864 1 1 42864
59128 13225 5 100000 59122 1 1 59122
52693 13225 5 100000 52687 1 1 52686
73705 13225 5 100000 73701 1 1 73700
51754 13225 5 100000 51749 2 2 51749
62641 13225 5 100000 62636 1 1 62636
45561 13225 5 100000 45555 1 1 45555
54903 13225 5 100000 54898 1 1 54898
46868 13225 5 100000 46863 1 1 46863
72167 13225 5 100000 72163 1 1 72163
71594 13225 5 100000 71588 1 1 71588
53987 13225 5 100000 53982 2 2 53982
42868 13225 5 100000 42862 2 2 42862
