223361 13225 5 100000 223353 1 1 223353
124430 13225 5 100000 124421 1 1 124421
268333 13225 5 100000 144292 2 2 144289
253390 13225 5 100000 253383 3 3 253383
148571 13225 5 100000 148561 2 2 148561
236815 13225 5 100000 236804 1 1 236804
160995 13225 5 100000 160981 2 2 160980
108589 13225 5 100000 108581 1 1 108581
125376 13225 5 100000 124017 1 1 124016
133765 13225 5 100000 133758 4 4 133758
149285 13225 5 100000 149276 1 1 149276
104374 13225 5 100000 104358 1 1 104358
167257 13225 5 100000 167247 1 1 167247
269273 13225 5 100000 159364 1 1 159359
85759 13225 5 100000 85751 2 2 85751
173233 13225 5 100000 91236 2 2 91234
237373 13225 5 100000 167447 3 3 167444
97234 13225 5 100000 97226 3 3 97226
160838 13225 5 100000 160832 1 1 160832
110633 13225 5 100000 110622 2 2 110622
170814 13225 5 100000 170802 1 1 170802
90399 13225 5 100000 90381 1 1 90381
140570 13225 5 100000 140563 2 2 140563
132130 13225 5 100000 132124 1 1 132124
173464 13225 5 100000 173441 2 2 173437
146501 13225 5 100000 146486 1 2 146486
172577 13225 5 100000 98016 1 1 98011
145252 13225 5 100000 145244 2 2 145244
102224 13225 5 100000 102216 1 1 102216
154305 13225 5 100000 81944 1 1 81936
146377 13225 5 100000 146368 3 3 146368
101260 13225 5 100000 101251 2 2 101251
116213 13225 5 100000 116202 1 1 116202
112649 13225 5 100000 112633 5 5 112633
135576 13225 5 100000 135566 1 1 135566
264582 13225 5 100000 154817 2 2 154812
137343 13225 5 100000 99666 3 3 99663
122151 13225 5 100000 122142 2 2 122142
192654 13225 5 100000 121746 1 1 121741
197743 13225 5 100000 197733 2 2 197733
97241 13225 5 100000 97231 1 1 97231
129371 13225 5 100000 129362 1 1 129362
109992 13225 5 100000 109979 1 1 109978
118315 13225 5 100000 118307 2 2 118306
100315 13225 5 100000 100308 2 2 100308
114378 13225 5 100000 114362 1 1 114361
186269 13225 5 100000 186262 2 2 186262
196328 13225 5 100000 118151 2 2 118149
287492 13225 5 100000 202315 3 3 202311
101002 13225 5 100000 100991 3 3 100991
194315 13225 5 100000 120702 3 3 120694
191343 13225 5 100000 191331 2 2 191331
235493 13225 5 100000 162545 1 1 162542
92118 13225 5 100000 92106 3 3 92106
257000 13225 5 100000 191158 1 1 191154
110957 13225 5 100000 110946 3 3 110946
198948 13225 5 100000 198938 1 1 198938
101212 13225 5 100000 101200 1 1 101200
132920 13225 5 100000 115125 1 1 115120
176160 13225 5 100000 125369 2 2 125366
176120 13225 5 100000 135223 2 2 135218
271116 13225 5 100000 189223 3 3 189217
171061 13225 5 100000 171051 2 2 171051
159909 13225 5 100000 159899 2 2 159899
126664 13225 5 100000 126650 1 1 126650
144555 13225 5 100000 144544 1 1 144543
137136 13225 5 100000 120441 2 2 120439
160487 13225 5 100000 124687 4 4 124684
130258 13225 5 100000 130151 5 5 130151
90661 13225 5 100000 90652 2 2 90652
121772 13225 5 100000 121762 2 2 121762
197137 13225 5 100000 117004 1 1 116999
186977 13225 5 100000 186967 4 4 186967
86426 13225 5 100000 86418 1 1 86418
92989 13225 5 100000 92979 1 1 92979
272044 13225 5 100000 201980 2 2 201975
115550 13225 5 100000 115542 2 2 115542
170492 13225 5 100000 92019 1 1 92016
134574 13225 5 100000 134569 2 2 134569
127249 13225 5 100000 127241 1 1 127241
201803 13225 5 100000 117908 1 1 117906
179570 13225 5 100000 179565 3 3 179565
111977 13225 5 100000 111968 2 2 111968
137914 13225 5 100000 137908 1 1 137907
177154 13225 5 100000 109847 1 1 109845
110984 13225 5 100000 110976 2 2 110976
176205 13225 5 100000 94287 1 1 94282
87133 13225 5 100000 87123 2 2 87123
87053 13225 5 100000 87040 5 5 87040
96069 13225 5 100000 96058 1 1 96058
236899 13225 5 100000 168851 1 1 168849
96011 13225 5 100000 96004 2 2 96004
102861 13225 5 100000 102853 1 1 102852
151671 13225 5 100000 151660 2 2 151660
144787 13225 5 100000 110007 1 1 110001
151095 13225 5 100000 151087 2 2 151087
82584 13225 5 100000 82575 2 2 82575
123512 13225 5 100000 123504 1 1 123504
183812 13225 5 100000 183803 1 1 183803
224655 13225 5 100000 146374 2 2 146369
136488 13225 5 100000 136479 1 1 136479
132697 13225 5 100000 132688 2 2 132688
253493 13225 5 100000 181185 1 1 181182
171954 13225 5 100000 171946 1 1 171946
110219 13225 5 100000 110210 2 2 110210
100843 13225 5 100000 100833 1 1 100833
128378 13225 5 100000 128369 1 1 128368
125473 13225 5 100000 125461 2 2 125461
173763 13225 5 100000 173755 1 1 173755
122099 13225 5 100000 122086 1 1 122086
201640 13225 5 100000 126498 1 1 126491
141433 13225 5 100000 141422 2 2 141422
104917 13225 5 100000 104905 2 2 104904
193264 13225 5 100000 128618 1 1 128613
138151 13225 5 100000 138143 1 1 138143
208329 13225 5 100000 126081 2 2 126077
112101 13225 5 100000 112093 1 1 112093
141653 13225 5 100000 141645 2 2 141644
102132 13225 5 100000 102122 1 1 102122
174239 13225 5 100000 174235 1 1 174235
109966 13225 5 100000 109958 1 1 109958
105248 13225 5 100000 105240 1 1 105240
209077 13225 5 100000 133888 2 2 133884
111557 13225 5 100000 111546 1 1 111546
169062 13225 5 100000 169057 3 3 169057
153074 13225 5 100000 153063 1 1 153062
167958 13225 5 100000 167953 1 1 167953
194862 13225 5 100000 96467 2 2 96462
178150 13225 5 100000 178142 1 1 178142
112986 13225 5 100000 112979 3 3 112979
76974 13225 5 100000 76964 2 2 76964
125874 13225 5 100000 125866 1 1 125865
112201 13225 5 100000 112194 2 2 112194
118458 13225 5 100000 118451 1 1 118451
100221 13225 5 100000 100213 1 1 100213
99885 13225 5 100000 99877 1 1 99877
118538 13225 5 100000 118527 2 2 118526
191256 13225 5 100000 191247 1 1 191247
132580 13225 5 100000 132569 1 1 132568
186706 13225 5 100000 114603 1 1 114599
106804 13225 5 100000 106794 1 1 106794
130421 13225 5 100000 130413 4 4 130413
94116 13225 5 100000 94108 1 1 94108
174800 13225 5 100000 174791 1 1 174790
150549 13225 5 100000 80818 1 1 80814
208841 13225 5 100000 208834 2 2 208834
259118 13225 5 100000 186530 4 4 186525
104681 13225 5 100000 104668 1 1 104668
130881 13225 5 100000 130874 2 2 130874
129909 13225 5 100000 129896 2 2 129892
113936 13225 5 100000 113924 2 2 113924
89339 13225 5 100000 89327 1 2 89324
127934 13225 5 100000 127923 3 3 127923
136963 13225 5 100000 136955 3 3 136955
164656 13225 5 100000 143675 1 1 143669
126007 13225 5 100000 125997 1 1 125997
221469 13225 5 100000 124133 3 3 124128
239873 13225 5 100000 157842 1 1 157837
156740 13225 5 100000 156729 2 2 156729
150793 13225 5 100000 150785 2 2 150785
181715 13225 5 100000 108480 1 1 108475
103185 13225 5 100000 103175 1 1 103175
103557 13225 5 100000 103547 2 2 103547
148443 13225 5 100000 111060 1 1 111054
181898 13225 5 100000 99439 1 1 99432
120020 13225 5 100000 120009 2 2 120009
120046 13225 5 100000 120034 2 2 120034
186553 13225 5 100000 186544 1 1 186544
138572 13225 5 100000 138563 1 1 138563
156426 13225 5 100000 156417 1 1 156417
130550 13225 5 100000 130544 1 1 130543
136891 13225 5 100000 118258 1 1 118255
133114 13225 5 100000 97559 2 2 97553
125169 13225 5 100000 125161 3 3 125160
56884235 13225 5 100000 124003 2 2 123999
58296 13225 5 100000 58290 1 1 58290
58652 13225 5 100000 58641 2 3 58641
50644 13225 5 100000 50636 1 1 50636
57268 13225 5 100000 57262 2 2 57262
72506 13225 5 100000 72498 1 1 72498
49276 13225 5 100000 49265 2 2 49265
80879 13225 5 100000 80873 1 1 80873
94195 13225 5 100000 52778 1 1 52776
85273 13225 5 100000 85268 1 1 85268
56858 13225 5 100000 56852 2 2 56852
128194 13225 5 100000 88013 6 6 88011
62329 13225 5 100000 62322 1 1 62322
76473 13225 5 100000 76469 2 2 76469
63734 13225 5 100000 63729 2 2 63729
63529 13225 5 100000 63520 1 1 63520
61255 13225 5 100000 61249 1 1 61249
65527 13225 5 100000 65520 2 2 65520
61600 13225 5 100000 61594 2 2 61594
93289 13225 5 100000 52963 2 2 52961
60340 13225 5 100000 60334 1 1 60334
76693 13225 5 100000 76689 2 2 76689
102718 13225 5 100000 61423 3 3 61419
80049 13225 5 100000 80006 2 2 80006
123952 13225 5 100000 82856 1 1 82853
56549 13225 5 100000 56544 2 2 56543
66031 13225 5 100000 66026 1 1 66026
86763 13225 5 100000 86756 2 2 86756
59768 13225 5 100000 59763 1 1 59763
74008 13225 5 100000 74003 2 2 74002
114497 13225 5 100000 71051 1 1 71049
105615 13225 5 100000 63511 1 1 63510
56974 13225 5 100000 56968 2 2 56967
