11254 900 5 100000 11250 1 2 11247
9182 900 5 100000 9176 1 1 9176
11389 900 5 100000 11384 1 1 11384
17573 900 5 100000 17556 1 2 17553
9350 900 5 100000 9342 1 1 9342
9097 900 5 100000 9095 1 1 9094
8985 900 5 100000 8979 1 2 8976
8713 900 5 100000 8707 1 2 8704
8308 900 5 100000 8303 1 1 8302
8096 900 5 100000 8090 1 3 8086
10450 900 5 100000 10444 1 2 10440
8300 900 5 100000 8282 1 1 8281
8517 900 5 100000 8511 1 2 8508
11489 900 5 100000 11479 1 2 11475
8703 900 5 100000 8698 1 1 8698
8791 900 5 100000 8785 1 1 8785
7673 900 5 100000 7671 1 1 7671
9345 900 5 100000 9339 1 1 9339
7235 900 5 100000 7227 1 2 7224
9435 900 5 100000 9430 1 1 9430
8497 900 5 100000 8488 1 2 8485
9770 900 5 100000 9763 1 1 9762
7640 900 5 100000 7623 1 2 7619
9747 900 5 100000 9738 1 1 9737
9613 900 5 100000 9606 1 1 9605
8568 900 5 100000 8561 1 2 8557
9426 900 5 100000 9416 1 3 9412
9104 900 5 100000 9097 1 1 9097
16134 900 5 100000 16128 1 1 16128
12854 900 5 100000 12851 1 1 12850
8471 900 5 100000 8466 1 2 8462
14630 900 5 100000 14624 1 2 14621
48337 900 5 100000 48332 1 1 48332
39954 900 5 100000 39948 1 2 39946
30997 900 5 100000 30991 1 1 30990
32857 900 5 100000 32852 1 1 32852
35215 900 5 100000 35210 1 1 35210
17436 900 5 100000 17431 1 1 17431
9071 900 5 100000 9068 1 1 9067
12519 900 5 100000 12511 1 1 12511
7791 900 5 100000 7784 1 2 7781
9810 900 5 100000 9805 1 2 9802
7471 900 5 100000 7469 1 2 7467
8693 900 5 100000 8690 1 1 8690
7767 900 5 100000 7764 1 2 7761
8808 900 5 100000 8805 1 1 8804
8664 900 5 100000 8649 1 2 8644
8209 900 5 100000 8207 1 2 8207
7332 900 5 100000 7330 1 2 7327
9161 900 5 100000 9156 1 1 9155
8521 900 5 100000 8514 1 2 8513
8498 900 5 100000 8494 1 3 8491
8143 900 5 100000 8135 1 1 8135
9233 900 5 100000 9231 1 1 9230
9489 900 5 100000 9484 1 1 9484
8356 900 5 100000 8349 1 2 8346
8558 900 5 100000 8554 1 2 8551
8177 900 5 100000 8171 1 2 8168
10221 900 5 100000 10215 1 1 10215
7921 900 5 100000 7913 1 2 7910
9030 900 5 100000 9023 1 3 9019
8289 900 5 100000 8288 1 1 8287
10769 900 5 100000 10761 1 2 10757
7932 900 5 100000 7923 1 2 7920
8558 900 5 100000 8553 1 1 8552
7463 900 5 100000 7462 1 2 7458
8577 900 5 100000 8571 1 1 8570
8353 900 5 100000 8349 1 2 8346
8835 900 5 100000 8833 1 1 8833
7919 900 5 100000 7916 1 1 7916
10784 900 5 100000 10778 1 2 10774
10879 900 5 100000 10871 1 1 10870
7846 900 5 100000 7840 1 2 7837
8400 900 5 100000 8391 1 2 8387
11197 900 5 100000 11184 1 1 11183
8650 900 5 100000 8645 1 2 8642
9515 900 5 100000 9512 1 2 9509
7487 900 5 100000 7485 1 1 7485
8468 900 5 100000 8455 1 2 8451
9700 900 5 100000 9679 1 1 9678
8716 900 5 100000 8708 1 1 8708
7853 900 5 100000 7842 1 2 7837
7766 900 5 100000 7758 1 2 7754
8739 900 5 100000 8726 1 2 8721
9098 900 5 100000 9087 1 1 9086
8659 900 5 100000 8646 1 2 8641
8082 900 5 100000 8076 1 2 8068
10815 900 5 100000 10791 1 2 10787
10129 900 5 100000 10114 1 3 10109
8755 900 5 100000 8742 1 2 8738
8259 900 5 100000 8249 1 2 8244
10755 900 5 100000 10733 1 1 10731
9617 900 5 100000 9593 1 2 9592
10566 900 5 100000 10562 1 2 10558
12346 900 5 100000 12334 1 2 12330
9651 900 5 100000 9616 1 2 9608
10895 900 5 100000 10888 1 1 10888
14807 900 5 100000 14796 1 1 14795
12924 900 5 100000 12918 1 1 12917
8643 900 5 100000 8637 1 2 8634
11867 900 5 100000 11850 1 1 11849
9054 900 5 100000 9039 1 2 9033
9491 900 5 100000 9483 1 2 9480
9489 900 5 100000 9481 1 2 9475
9693 900 5 100000 9685 1 2 9680
9051 900 5 100000 9043 1 2 9039
8730 900 5 100000 8723 1 2 8721
8391 900 5 100000 8386 1 2 8383
10147 900 5 100000 10113 1 1 10112
12390 900 5 100000 12337 1 2 12323
15857 900 5 100000 15845 1 1 15844
10566 900 5 100000 10556 1 2 10555
9474 900 5 100000 9439 1 1 9438
9298 900 5 100000 9294 1 2 9291
9914 900 5 100000 9910 1 1 9909
9089 900 5 100000 9082 1 2 9079
9049 900 5 100000 9044 1 1 9044
8896 900 5 100000 8891 1 2 8888
10342 900 5 100000 10339 1 1 10338
9276 900 5 100000 9268 1 1 9266
11763 900 5 100000 11753 1 2 11749
16313 900 5 100000 16299 1 2 16294
18827 900 5 100000 18815 1 1 18815
9644 900 5 100000 9618 1 3 9612
9910 900 5 100000 9903 1 1 9903
11871 900 5 100000 11862 1 1 11861
10448 900 5 100000 10413 1 2 10406
9647 900 5 100000 9624 1 2 9617
10500 900 5 100000 10488 1 2 10482
10850 900 5 100000 10844 1 2 10841
9822 900 5 100000 9818 1 2 9814
9683 900 5 100000 9681 1 1 9681
8963 900 5 100000 8965 1 2 8960
11963 900 5 100000 11973 1 2 11959
10818 900 5 100000 10810 1 1 10809
9484 900 5 100000 9488 1 2 9476
9057 900 5 100000 9055 1 1 9054
10943 900 5 100000 10936 1 1 10933
9955 900 5 100000 9948 1 1 9947
10728 900 5 100000 10746 1 2 10715
14567 900 5 100000 14564 1 1 14564
13317 900 5 100000 13309 1 1 13308
11710 900 5 100000 11725 1 3 11700
10213 900 5 100000 10208 1 1 10206
9495 900 5 100000 9499 1 2 9487
10929 900 5 100000 10927 1 2 10927
8469 900 5 100000 8467 1 1 8467
9114 900 5 100000 9117 1 2 9108
11190 900 5 100000 11185 1 1 11183
12466 900 5 100000 12471 1 1 12459
10709 900 5 100000 10723 1 2 10697
8728 900 5 100000 8721 1 1 8720
10349 900 5 100000 10358 1 2 10343
10054 900 5 100000 10060 1 2 10046
9359 900 5 100000 9367 1 2 9346
9103 900 5 100000 9110 1 2 9087
10252 900 5 100000 10248 1 2 10247
11866 900 5 100000 11882 1 2 11839
9800 900 5 100000 9791 1 1 9790
9948 900 5 100000 9948 1 2 9942
10332 900 5 100000 10336 1 2 10320
10233 900 5 100000 10226 1 1 10224
12196 900 5 100000 12211 1 2 12186
9695 900 5 100000 9685 1 1 9684
10406 900 5 100000 10397 1 2 10396
13500 900 5 100000 13493 1 1 13492
10226 900 5 100000 10249 1 2 10213
9208 900 5 100000 9214 1 2 9198
9635 900 5 100000 9647 1 2 9627
8918 900 5 100000 8915 1 1 8914
8594 900 5 100000 8588 1 1 8587
12409 900 5 100000 12416 1 2 12387
10203 900 5 100000 10198 1 1 10197
9780 900 5 100000 9774 1 1 9773
10079 900 5 100000 10076 1 1 10075
7854 900 5 100000 7861 1 2 7850
9364 900 5 100000 9357 1 1 9356
10120 900 5 100000 10118 1 1 10118
8977 900 5 100000 8978 1 2 8975
7983 900 5 100000 7984 1 2 7981
8980 900 5 100000 8978 1 1 8978
8604 900 5 100000 8603 1 1 8603
13022 900 5 100000 13016 1 1 13014
8494 900 5 100000 8508 1 2 8479
8114 900 5 100000 8121 1 2 8103
9501 900 5 100000 9511 1 2 9488
10524 900 5 100000 10522 1 1 10522
11261 900 5 100000 11264 1 3 11251
12124 900 5 100000 12131 1 2 12114
10654 900 5 100000 10657 1 2 10651
10034 900 5 100000 10038 1 2 10027
8990 900 5 100000 8989 1 2 8984
9147 900 5 100000 9132 1 1 9130
10689 900 5 100000 10702 1 3 10672
10708 900 5 100000 10718 1 2 10693
9517 900 5 100000 9519 1 2 9506
8929 900 5 100000 8927 1 2 8920
11257 900 5 100000 11251 1 1 11250
10254 900 5 100000 10241 1 1 10240
9712 900 5 100000 9711 1 2 9691
11025 900 5 100000 10991 1 3 10965
12438 900 5 100000 12434 1 1 12434
10328 900 5 100000 10327 1 2 10319
11047 900 5 100000 11042 1 1 11040
12080 900 5 100000 12089 1 2 12057
11310 900 5 100000 11322 1 2 11294
10546 900 5 100000 10537 1 2 10537
10518 900 5 100000 10521 1 2 10507
9411 900 5 100000 9408 1 1 9408
11217 900 5 100000 11204 1 1 11203
11180 900 5 100000 11166 1 1 11164
9921 900 5 100000 9912 1 1 9911
12235 900 5 100000 12225 1 1 12224
9607 900 5 100000 9609 1 2 9591
13550 900 5 100000 13561 1 2 13538
10033 900 5 100000 10033 1 2 10020
8568 900 5 100000 8566 1 2 8562
9941 900 5 100000 9940 1 2 9919
10788 900 5 100000 10774 1 1 10773
10004 900 5 100000 9998 1 1 9997
9995 900 5 100000 10012 1 2 9979
16625 900 5 100000 16611 1 1 16610
11329 900 5 100000 11312 1 2 11305
10139 900 5 100000 10125 1 1 10124
9476 900 5 100000 9462 1 2 9458
9611 900 5 100000 9599 1 2 9593
11222 900 5 100000 11214 1 1 11212
11004 900 5 100000 10991 1 1 10990
9361 900 5 100000 9354 1 1 9353
14005 900 5 100000 13997 1 2 13991
10623 900 5 100000 10612 1 2 10608
9317 900 5 100000 9304 1 2 9299
10539 900 5 100000 10530 1 2 10525
9287 900 5 100000 9275 1 2 9271
9973 900 5 100000 9963 1 2 9962
10628 900 5 100000 10616 1 1 10615
11485 900 5 100000 11479 1 2 11474
11256 900 5 100000 11244 1 1 11243
16194 900 5 100000 16185 1 1 16184
15525 900 5 100000 15512 1 2 15504
10792 900 5 100000 10775 1 1 10774
10627 900 5 100000 10615 1 1 10614
12878 900 5 100000 12864 1 2 12858
10860 900 5 100000 10843 1 1 10841
19782 900 5 100000 19772 1 1 19771
18162 900 5 100000 18149 1 2 18144
8886 900 5 100000 8872 1 2 8865
9375 900 5 100000 9373 1 1 9372
