10185 900 5 100000 10177 1 2 10173
12102 900 5 100000 12091 1 2 12085
9329 900 5 100000 9309 1 2 9304
10454 900 5 100000 10430 1 2 10422
10513 900 5 100000 10492 1 2 10485
10871 900 5 100000 10854 1 2 10848
11990 900 5 100000 11969 1 2 11964
15263 900 5 100000 15242 1 2 15237
9130 900 5 100000 9127 1 1 9126
10360 900 5 100000 10346 1 1 10346
9204 900 5 100000 9188 1 2 9180
8990 900 5 100000 8976 1 1 8975
10860 900 5 100000 10835 1 1 10834
10925 900 5 100000 10898 1 1 10897
8909 900 5 100000 8900 1 1 8898
9240 900 5 100000 9230 1 2 9227
8885 900 5 100000 8881 1 2 8878
10497 900 5 100000 10489 1 1 10489
9784 900 5 100000 9759 1 2 9751
14271 900 5 100000 14242 1 2 14235
11571 900 5 100000 11533 1 2 11525
9239 900 5 100000 9233 1 1 9232
10292 900 5 100000 10272 1 2 10267
9460 900 5 100000 9431 1 2 9425
9129 900 5 100000 9124 1 2 9121
9675 900 5 100000 9664 1 1 9663
9388 900 5 100000 9384 1 1 9384
11019 900 5 100000 11002 1 2 10998
9062 900 5 100000 9054 1 1 9053
11226 900 5 100000 11201 1 1 11200
16113 900 5 100000 16101 1 1 16101
19918 900 5 100000 19901 1 3 19896
12571 900 5 100000 12558 1 2 12552
10796 900 5 100000 10766 1 1 10760
10207 900 5 100000 10197 1 2 10193
10456 900 5 100000 10434 1 2 10429
11024 900 5 100000 11001 1 1 11000
9547 900 5 100000 9535 1 1 9534
10783 900 5 100000 10774 1 2 10770
8323 900 5 100000 8318 1 2 8316
8782 900 5 100000 8757 1 1 8757
8756 900 5 100000 8753 1 1 8753
9776 900 5 100000 9772 1 1 9771
7856 900 5 100000 7866 1 2 7851
9651 900 5 100000 9647 1 1 9646
10059 900 5 100000 10075 1 2 10042
8991 900 5 100000 8988 1 1 8986
9814 900 5 100000 9808 1 1 9807
8740 900 5 100000 8748 1 2 8731
11871 900 5 100000 11867 1 1 11867
18692 900 5 100000 18685 1 1 18684
12014 900 5 100000 12007 1 1 12006
9718 900 5 100000 9715 1 1 9713
9874 900 5 100000 9871 1 1 9870
9405 900 5 100000 9400 1 1 9399
9925 900 5 100000 9921 1 1 9920
9710 900 5 100000 9709 1 1 9708
9128 900 5 100000 9127 1 1 9127
9325 900 5 100000 9324 1 1 9324
10278 900 5 100000 10266 1 1 10265
12838 900 5 100000 12833 1 1 12832
10140 900 5 100000 10155 1 2 10128
8787 900 5 100000 8794 1 2 8779
11976 900 5 100000 11970 1 1 11969
14922 900 5 100000 14917 1 1 14915
13075 900 5 100000 13070 1 1 13069
10518 900 5 100000 10532 1 2 10499
11350 900 5 100000 11346 1 1 11345
8973 900 5 100000 8986 1 2 8960
9746 900 5 100000 9744 1 2 9744
9217 900 5 100000 9220 1 2 9213
12445 900 5 100000 12465 1 3 12427
10491 900 5 100000 10489 1 2 10489
11646 900 5 100000 11661 1 2 11634
12959 900 5 100000 12948 1 1 12946
10941 900 5 100000 10956 1 2 10930
10255 900 5 100000 10271 1 2 10246
8832 900 5 100000 8826 1 1 8825
8278 900 5 100000 8291 1 2 8271
8596 900 5 100000 8600 1 2 8587
10942 900 5 100000 10954 1 2 10929
10161 900 5 100000 10179 1 2 10152
8667 900 5 100000 8671 1 2 8661
9083 900 5 100000 9093 1 2 9079
8725 900 5 100000 8722 1 1 8721
8602 900 5 100000 8616 1 2 8594
8284 900 5 100000 8297 1 2 8278
10154 900 5 100000 10151 1 1 10149
8589 900 5 100000 8599 1 3 8579
8586 900 5 100000 8584 1 1 8583
8353 900 5 100000 8347 1 1 8346
8121 900 5 100000 8128 1 2 8112
10539 900 5 100000 10559 1 3 10530
9280 900 5 100000 9287 1 2 9274
9306 900 5 100000 9320 1 2 9298
9272 900 5 100000 9265 1 1 9264
12308 900 5 100000 12315 1 2 12302
10790 900 5 100000 10785 1 1 10783
13524 900 5 100000 13514 1 1 13513
9551 900 5 100000 9565 1 2 9543
9255 900 5 100000 9263 1 2 9246
9892 900 5 100000 9894 1 2 9876
12977 900 5 100000 12983 1 2 12963
13810 900 5 100000 13801 1 1 13799
11603 900 5 100000 11590 1 1 11589
9589 900 5 100000 9589 1 2 9574
12819 900 5 100000 12818 1 2 12811
10235 900 5 100000 10239 1 1 10209
11004 900 5 100000 11009 1 2 10992
10643 900 5 100000 10644 1 2 10638
11296 900 5 100000 11284 1 1 11283
9405 900 5 100000 9406 1 2 9389
10151 900 5 100000 10138 1 1 10138
20301 900 5 100000 20302 1 2 20285
11675 900 5 100000 11662 1 1 11661
12571 900 5 100000 12561 1 1 12560
9740 900 5 100000 9747 1 2 9721
9188 900 5 100000 9188 1 2 9174
11310 900 5 100000 11296 1 2 11295
10409 900 5 100000 10396 1 1 10395
9204 900 5 100000 9207 1 2 9185
9705 900 5 100000 9701 1 1 9700
16151 900 5 100000 16156 1 2 16133
11029 900 5 100000 11040 1 2 11003
11306 900 5 100000 11312 1 2 11290
10019 900 5 100000 10013 1 1 10011
12463 900 5 100000 12498 1 2 12449
9382 900 5 100000 9378 1 1 9378
11307 900 5 100000 11301 1 1 11300
11648 900 5 100000 11637 1 2 11632
11690 900 5 100000 11679 1 2 11672
10146 900 5 100000 10137 1 1 10136
9002 900 5 100000 8987 1 1 8987
9109 900 5 100000 9097 1 2 9093
13144 900 5 100000 13137 1 2 13131
10194 900 5 100000 10178 1 2 10171
9138 900 5 100000 9128 1 1 9127
9629 900 5 100000 9613 1 2 9607
10906 900 5 100000 10896 1 2 10890
9783 900 5 100000 9771 1 1 9770
8742 900 5 100000 8726 1 2 8720
45453 900 5 100000 45439 1 2 45438
10116 900 5 100000 10095 1 3 10090
9397 900 5 100000 9385 1 2 9380
20124 900 5 100000 20114 1 2 20109
12115 900 5 100000 12112 1 1 12112
10742 900 5 100000 10730 1 2 10725
13974 900 5 100000 13963 1 1 13962
22062 900 5 100000 22055 1 2 22051
14688 900 5 100000 14684 1 2 14682
11525 900 5 100000 11517 1 1 11516
9039 900 5 100000 9034 1 2 9030
8266 900 5 100000 8261 1 2 8258
10284 900 5 100000 10268 1 2 10266
8600 900 5 100000 8597 1 2 8594
7686 900 5 100000 7683 1 1 7683
7534 900 5 100000 7531 1 3 7529
8165 900 5 100000 8163 1 2 8160
8576 900 5 100000 8574 1 1 8574
8514 900 5 100000 8508 1 1 8507
9079 900 5 100000 9071 1 1 9070
7280 900 5 100000 7278 1 2 7274
8577 900 5 100000 8575 1 1 8575
10323 900 5 100000 10303 1 2 10297
8407 900 5 100000 8403 1 2 8403
7731 900 5 100000 7720 1 2 7715
8192 900 5 100000 8189 1 2 8187
8330 900 5 100000 8328 1 1 8328
10143 900 5 100000 10140 1 1 10140
8276 900 5 100000 8269 1 2 8266
8208 900 5 100000 8205 1 2 8204
7839 900 5 100000 7835 1 1 7835
8305 900 5 100000 8303 1 1 8302
9598 900 5 100000 9595 1 2 9591
8119 900 5 100000 8116 1 2 8112
8050 900 5 100000 8039 1 2 8035
9645 900 5 100000 9636 1 2 9632
8213 900 5 100000 8204 1 2 8200
8417 900 5 100000 8408 1 1 8407
8065 900 5 100000 8060 1 2 8056
8017 900 5 100000 8012 1 2 8010
8281 900 5 100000 8272 1 2 8268
7599 900 5 100000 7594 1 2 7592
8247 900 5 100000 8241 1 2 8239
8394 900 5 100000 8385 1 2 8382
8376 900 5 100000 8369 1 1 8369
8423 900 5 100000 8418 1 1 8417
8469 900 5 100000 8466 1 1 8466
8587 900 5 100000 8584 1 1 8584
8865 900 5 100000 8856 1 2 8856
11398 900 5 100000 11393 1 1 11392
8683 900 5 100000 8665 1 2 8660
8410 900 5 100000 8407 1 1 8407
8497 900 5 100000 8494 1 1 8494
7984 900 5 100000 7982 1 2 7981
8455 900 5 100000 8451 1 1 8451
8190 900 5 100000 8188 1 1 8188
11268 900 5 100000 11263 1 1 11262
8104 900 5 100000 8101 1 1 8100
8713 900 5 100000 8708 1 1 8707
7506 900 5 100000 7503 1 2 7501
10595 900 5 100000 10589 1 2 10586
8619 900 5 100000 8615 1 2 8615
8097 900 5 100000 8096 1 1 8096
10211 900 5 100000 10205 1 1 10205
8142 900 5 100000 8140 1 2 8139
9453 900 5 100000 9434 1 2 9427
8639 900 5 100000 8635 1 2 8631
10378 900 5 100000 10363 1 1 10362
8619 900 5 100000 8616 1 2 8614
7959 900 5 100000 7949 1 2 7945
8085 900 5 100000 8083 1 1 8083
10338 900 5 100000 10328 1 2 10327
7769 900 5 100000 7768 1 2 7764
9703 900 5 100000 9699 1 1 9699
7895 900 5 100000 7888 1 2 7885
9713 900 5 100000 9710 1 1 9710
8732 900 5 100000 8717 1 2 8712
8548 900 5 100000 8545 1 2 8545
10793 900 5 100000 10786 1 2 10781
7508 900 5 100000 7506 1 1 7506
9111 900 5 100000 9102 1 1 9100
8282 900 5 100000 8280 1 2 8279
7187 900 5 100000 7185 1 2 7183
8144 900 5 100000 8142 1 2 8141
10065 900 5 100000 10057 1 2 10052
8367 900 5 100000 8364 1 1 8364
11144 900 5 100000 11139 1 1 11139
8378 900 5 100000 8375 1 1 8374
8175 900 5 100000 8172 1 1 8172
8583 900 5 100000 8580 1 2 8579
9966 900 5 100000 9963 1 2 9962
8416 900 5 100000 8407 1 2 8404
8395 900 5 100000 8384 1 1 8383
12234 900 5 100000 12222 1 2 12217
8981 900 5 100000 8971 1 1 8970
9867 900 5 100000 9857 1 2 9851
8285 900 5 100000 8279 1 2 8276
10285 900 5 100000 10274 1 1 10273
9655 900 5 100000 9640 1 2 9635
7775 900 5 100000 7767 1 1 7766
11227 900 5 100000 11216 1 1 11215
8069 900 5 100000 8062 1 3 8058
13431 900 5 100000 13420 1 2 13415
8201 900 5 100000 8193 1 1 8190
8377 900 5 100000 8373 1 2 8371
8640 900 5 100000 8625 1 2 8621
