12307 900 5 100000 12303 1 1 12301
12229 900 5 100000 12227 1 1 12227
14150 900 5 100000 14147 1 1 14146
10215 900 5 100000 10216 1 3 10210
35836 900 5 100000 35831 1 1 35829
10512 900 5 100000 10488 1 1 10487
10896 900 5 100000 10888 1 1 10888
9815 900 5 100000 9802 1 1 9801
11156 900 5 100000 11155 1 2 11129
10895 900 5 100000 10896 1 2 10888
10987 900 5 100000 10982 1 1 10982
10325 900 5 100000 10327 1 3 10316
12089 900 5 100000 12082 1 1 12081
9092 900 5 100000 9096 1 2 9080
9574 900 5 100000 9580 1 2 9555
11138 900 5 100000 11127 1 1 11126
11968 900 5 100000 11955 1 1 11954
12470 900 5 100000 12451 1 1 12449
10848 900 5 100000 10840 1 1 10838
9676 900 5 100000 9677 1 2 9667
10071 900 5 100000 10073 1 2 10054
9945 900 5 100000 9949 1 2 9932
11527 900 5 100000 11520 1 1 11519
10380 900 5 100000 10383 1 2 10362
9616 900 5 100000 9618 1 2 9604
15344 900 5 100000 15336 1 1 15334
10916 900 5 100000 10920 1 2 10890
9585 900 5 100000 9653 1 2 9569
9722 900 5 100000 9723 1 2 9713
10576 900 5 100000 10580 1 2 10560
9790 900 5 100000 9775 1 1 9774
10388 900 5 100000 10378 1 1 10377
9286 900 5 100000 9298 1 2 9266
11568 900 5 100000 11556 1 2 11551
11842 900 5 100000 11831 1 2 11823
8773 900 5 100000 8765 1 2 8760
10419 900 5 100000 10411 1 1 10411
11377 900 5 100000 11365 1 1 11363
9190 900 5 100000 9180 1 1 9180
9711 900 5 100000 9703 1 2 9698
9568 900 5 100000 9559 1 2 9553
10500 900 5 100000 10490 1 1 10488
10675 900 5 100000 10660 1 2 10654
9885 900 5 100000 9882 1 1 9881
42761 900 5 100000 42747 1 2 42742
13328 900 5 100000 13307 1 1 13306
9891 900 5 100000 9884 1 1 9884
19365 900 5 100000 19335 1 1 19334
11670 900 5 100000 11659 1 2 11655
12524 900 5 100000 12514 1 2 12506
11794 900 5 100000 11781 1 2 11775
10059 900 5 100000 10055 1 2 10053
10811 900 5 100000 10797 1 1 10796
19037 900 5 100000 19033 1 1 19033
17072 900 5 100000 17064 1 2 17061
8393 900 5 100000 8388 1 2 8387
9591 900 5 100000 9587 1 1 9587
8669 900 5 100000 8658 1 2 8652
8691 900 5 100000 8688 1 2 8687
11549 900 5 100000 11539 1 1 11538
8392 900 5 100000 8389 1 1 8389
8402 900 5 100000 8399 1 1 8399
7712 900 5 100000 7709 1 1 7709
8440 900 5 100000 8437 1 1 8437
8245 900 5 100000 8242 1 3 8240
8123 900 5 100000 8121 1 2 8118
9492 900 5 100000 9489 1 1 9489
8707 900 5 100000 8703 1 1 8703
7959 900 5 100000 7958 1 2 7955
9550 900 5 100000 9545 1 2 9541
8456 900 5 100000 8452 1 1 8452
8548 900 5 100000 8543 1 1 8542
7812 900 5 100000 7803 1 2 7800
10477 900 5 100000 10467 1 2 10462
9199 900 5 100000 9184 1 2 9178
8992 900 5 100000 8981 1 3 8977
8497 900 5 100000 8486 1 1 8485
8634 900 5 100000 8632 1 1 8632
8897 900 5 100000 8884 1 1 8883
8691 900 5 100000 8690 1 2 8688
8249 900 5 100000 8246 1 2 8246
10271 900 5 100000 10269 1 2 10268
8934 900 5 100000 8932 1 1 8932
8289 900 5 100000 8286 1 2 8282
8013 900 5 100000 8011 1 2 8010
8261 900 5 100000 8259 1 2 8258
7905 900 5 100000 7903 1 1 7903
11057 900 5 100000 11049 1 2 11044
8432 900 5 100000 8420 1 1 8419
8453 900 5 100000 8444 1 1 8444
8435 900 5 100000 8425 1 2 8420
8831 900 5 100000 8825 1 3 8822
10587 900 5 100000 10577 1 2 10573
8251 900 5 100000 8249 1 1 8248
11464 900 5 100000 11453 1 2 11447
8314 900 5 100000 8308 1 1 8308
10788 900 5 100000 10779 1 2 10776
8554 900 5 100000 8541 1 1 8541
8434 900 5 100000 8432 1 2 8428
8369 900 5 100000 8359 1 1 8359
8480 900 5 100000 8475 1 4 8470
10544 900 5 100000 10534 1 2 10530
8126 900 5 100000 8121 1 1 8121
8069 900 5 100000 8060 1 2 8057
8192 900 5 100000 8189 1 2 8187
9589 900 5 100000 9580 1 1 9579
8711 900 5 100000 8704 1 2 8700
8257 900 5 100000 8254 1 2 8253
9701 900 5 100000 9688 1 2 9683
8443 900 5 100000 8440 1 2 8436
7547 900 5 100000 7544 1 2 7543
10214 900 5 100000 10204 1 1 10204
8520 900 5 100000 8512 1 2 8508
9818 900 5 100000 9814 1 2 9809
7672 900 5 100000 7664 1 2 7662
8336 900 5 100000 8334 1 2 8333
10459 900 5 100000 10448 1 2 10444
8004 900 5 100000 8001 1 1 8000
10011 900 5 100000 10002 1 2 10002
7997 900 5 100000 7991 1 2 7988
10305 900 5 100000 10294 1 1 10293
7692 900 5 100000 7689 1 1 7689
8592 900 5 100000 8584 1 2 8580
10131 900 5 100000 10120 1 1 10119
8193 900 5 100000 8189 1 2 8188
7272 900 5 100000 7269 1 2 7269
9193 900 5 100000 9191 1 2 9187
8417 900 5 100000 8415 1 1 8415
8146 900 5 100000 8144 1 2 8144
8209 900 5 100000 8207 1 1 8206
9389 900 5 100000 9385 1 3 9384
10821 900 5 100000 10812 1 2 10811
8218 900 5 100000 8215 1 1 8215
8324 900 5 100000 8317 1 2 8316
7639 900 5 100000 7637 1 2 7633
8730 900 5 100000 8720 1 2 8715
8454 900 5 100000 8452 1 1 8452
8509 900 5 100000 8503 1 1 8503
10927 900 5 100000 10917 1 1 10916
10855 900 5 100000 10842 1 1 10840
8926 900 5 100000 8914 1 1 8913
8509 900 5 100000 8504 1 2 8502
9175 900 5 100000 9164 1 1 9164
9073 900 5 100000 9060 1 2 9056
11015 900 5 100000 11011 1 1 11010
8876 900 5 100000 8871 1 1 8871
11273 900 5 100000 11266 1 2 11266
8984 900 5 100000 8974 1 2 8969
9549 900 5 100000 9547 1 2 9545
8259 900 5 100000 8256 1 2 8253
8079 900 5 100000 8075 1 1 8075
8787 900 5 100000 8780 1 1 8779
8042 900 5 100000 8034 1 1 8034
8765 900 5 100000 8756 1 1 8755
7814 900 5 100000 7812 1 1 7812
10743 900 5 100000 10731 1 1 10730
8266 900 5 100000 8262 1 1 8262
7701 900 5 100000 7689 1 2 7686
7993 900 5 100000 7989 1 2 7988
8814 900 5 100000 8805 1 1 8805
8346 900 5 100000 8342 1 3 8339
8502 900 5 100000 8496 1 1 8495
8692 900 5 100000 8684 1 2 8681
9412 900 5 100000 9403 1 1 9403
7521 900 5 100000 7513 1 2 7510
9338 900 5 100000 9330 1 2 9326
8044 900 5 100000 8039 1 1 8038
9006 900 5 100000 8996 1 2 8992
7706 900 5 100000 7698 1 2 7694
10438 900 5 100000 10432 1 1 10431
7910 900 5 100000 7901 1 1 7901
8663 900 5 100000 8652 1 3 8649
8184 900 5 100000 8164 1 2 8157
8941 900 5 100000 8933 1 2 8930
9158 900 5 100000 9150 1 2 9147
8540 900 5 100000 8533 1 1 8532
10359 900 5 100000 10349 1 1 10348
7985 900 5 100000 7979 1 1 7979
9475 900 5 100000 9466 1 2 9463
7416 900 5 100000 7410 1 1 7410
8103 900 5 100000 8094 1 2 8090
8240 900 5 100000 8232 1 2 8228
11088 900 5 100000 11074 1 1 11072
10467 900 5 100000 10457 1 2 10453
14912 900 5 100000 14902 1 2 14898
13313 900 5 100000 13302 1 1 13301
9284 900 5 100000 9273 1 3 9268
12769 900 5 100000 12758 1 1 12757
8823 900 5 100000 8808 1 1 8807
10143 900 5 100000 10130 1 1 10128
8793 900 5 100000 8785 1 2 8784
8267 900 5 100000 8255 1 2 8250
9255 900 5 100000 9245 1 2 9242
10226 900 5 100000 10216 1 2 10213
8172 900 5 100000 8164 1 2 8161
8871 900 5 100000 8860 1 1 8860
7626 900 5 100000 7617 1 1 7616
8157 900 5 100000 8148 1 2 8144
8428 900 5 100000 8423 1 2 8422
18175 900 5 100000 18167 1 1 18166
16461 900 5 100000 16452 1 2 16449
15743 900 5 100000 15735 1 2 15732
11673 900 5 100000 11664 1 2 11661
9739 900 5 100000 9732 1 1 9730
8415 900 5 100000 8408 1 2 8403
8048 900 5 100000 8040 1 2 8036
8625 900 5 100000 8609 1 2 8602
8955 900 5 100000 8948 1 1 8947
8324 900 5 100000 8314 1 1 8314
8306 900 5 100000 8300 1 2 8297
8104 900 5 100000 8098 1 2 8095
8678 900 5 100000 8672 1 1 8672
8136 900 5 100000 8127 1 1 8126
9324 900 5 100000 9315 1 2 9312
7946 900 5 100000 7935 1 1 7935
10633 900 5 100000 10625 1 1 10625
8766 900 5 100000 8758 1 1 8757
8274 900 5 100000 8267 1 1 8266
8687 900 5 100000 8681 1 1 8680
8306 900 5 100000 8299 1 1 8299
9572 900 5 100000 9563 1 1 9562
7770 900 5 100000 7762 1 1 7761
9163 900 5 100000 9155 1 1 9154
7928 900 5 100000 7921 1 1 7921
9676 900 5 100000 9667 1 2 9664
8137 900 5 100000 8132 1 1 8131
8242 900 5 100000 8234 1 2 8230
8014 900 5 100000 8009 1 1 8008
9635 900 5 100000 9628 1 2 9625
8353 900 5 100000 8347 1 1 8347
8456 900 5 100000 8448 1 1 8447
7462 900 5 100000 7459 1 2 7456
11975 900 5 100000 11966 1 2 11963
8419 900 5 100000 8412 1 2 8409
8590 900 5 100000 8582 1 2 8579
9550 900 5 100000 9541 1 2 9537
8056 900 5 100000 8053 1 2 8052
8275 900 5 100000 8268 1 2 8265
8312 900 5 100000 8305 1 2 8302
8616 900 5 100000 8608 1 2 8605
8281 900 5 100000 8275 1 1 8275
8703 900 5 100000 8695 1 2 8691
8192 900 5 100000 8186 1 2 8183
8179 900 5 100000 8172 1 2 8169
7950 900 5 100000 7945 1 1 7944
9004 900 5 100000 8997 1 2 8996
7967 900 5 100000 7961 1 2 7958
8510 900 5 100000 8502 1 2 8498
