9546 1225 5 100000 9499 2 2 9496
11513 1225 5 100000 11499 1 1 11498
10001 1225 5 100000 9994 1 1 9993
8492 1225 5 100000 8486 1 1 8485
9339 1225 5 100000 9330 1 1 9329
12645 1225 5 100000 12636 1 2 12631
9371 1225 5 100000 9361 1 2 9357
11025 1225 5 100000 11017 2 2 11017
11865 1225 5 100000 11859 1 1 11858
12217 1225 5 100000 12210 1 1 12210
10517 1225 5 100000 10510 1 1 10510
7607 1225 5 100000 7599 2 2 7596
11446 1225 5 100000 11440 1 1 11439
8011 1225 5 100000 8002 1 1 8001
8219 1225 5 100000 8213 1 1 8212
15661 1225 5 100000 15653 2 2 15648
10318 1225 5 100000 10308 2 2 10303
9274 1225 5 100000 9266 2 2 9266
9009 1225 5 100000 8993 1 1 8992
7804 1225 5 100000 7752 1 3 7748
10016 1225 5 100000 10007 1 2 10003
8649 1225 5 100000 8640 1 1 8639
9299 1225 5 100000 9290 1 2 9287
6869 1225 5 100000 6864 1 1 6863
8386 1225 5 100000 8379 1 1 8379
7349 1225 5 100000 7342 1 1 7341
11111 1225 5 100000 11105 2 2 11101
9593 1225 5 100000 9586 2 2 9582
9085 1225 5 100000 9078 1 2 9076
7061 1225 5 100000 7052 1 1 7052
10118 1225 5 100000 10112 1 1 10111
12830 1225 5 100000 12825 1 2 12821
9093 1225 5 100000 9087 1 1 9086
11646 1225 5 100000 11637 2 2 11633
8857 1225 5 100000 8848 3 3 8844
9977 1225 5 100000 9969 1 2 9964
7231 1225 5 100000 7228 1 2 7227
8983 1225 5 100000 8975 1 1 8975
7098 1225 5 100000 7093 1 1 7093
11471 1225 5 100000 11463 2 2 11459
7050 1225 5 100000 7043 1 1 7043
9528 1225 5 100000 9521 1 1 9520
7325 1225 5 100000 7316 1 1 7315
8813 1225 5 100000 8807 1 2 8803
8149 1225 5 100000 8141 1 1 8140
8216 1225 5 100000 8207 1 1 8207
11375 1225 5 100000 11367 3 3 11363
14807 1225 5 100000 14802 1 1 14801
8657 1225 5 100000 8649 1 1 8649
8624 1225 5 100000 8621 1 1 8621
11245 1225 5 100000 11239 1 1 11239
13261 1225 5 100000 13255 1 1 13254
8312 1225 5 100000 8306 1 1 8305
10227 1225 5 100000 10220 1 1 10219
13746 1225 5 100000 13741 1 1 13740
8926 1225 5 100000 8920 1 1 8920
12169 1225 5 100000 12161 2 2 12157
9339 1225 5 100000 9332 1 1 9331
8053 1225 5 100000 8046 1 1 8046
9583 1225 5 100000 9576 1 1 9575
7834 1225 5 100000 7826 2 2 7823
10366 1225 5 100000 10360 1 1 10359
12309 1225 5 100000 12302 2 2 12298
10869 1225 5 100000 10860 1 1 10860
11327 1225 5 100000 11321 2 2 11316
11295 1225 5 100000 11289 1 1 11288
10353 1225 5 100000 10347 2 2 10343
8215 1225 5 100000 8211 1 1 8211
6918 1225 5 100000 6911 1 1 6911
10605 1225 5 100000 10577 2 3 10573
9944 1225 5 100000 9893 1 2 9889
8172 1225 5 100000 8130 2 2 8125
8795 1225 5 100000 8789 1 1 8788
7860 1225 5 100000 7854 1 1 7853
13777 1225 5 100000 13772 1 1 13771
9314 1225 5 100000 9307 2 2 9306
11176 1225 5 100000 11171 1 1 11171
12014 1225 5 100000 12008 2 2 12004
8005 1225 5 100000 8001 1 2 7998
7147 1225 5 100000 7142 1 2 7137
8474 1225 5 100000 8468 1 1 8467
12937 1225 5 100000 12931 1 1 12930
10626 1225 5 100000 10620 1 1 10619
7355 1225 5 100000 7351 2 2 7347
8976 1225 5 100000 8971 1 1 8970
9217 1225 5 100000 9213 1 1 9213
11473 1225 5 100000 11466 1 1 11466
9212 1225 5 100000 9203 1 1 9203
11059 1225 5 100000 11053 1 1 11052
7235 1225 5 100000 7227 2 2 7227
8822 1225 5 100000 8817 1 2 8813
7436 1225 5 100000 7431 1 1 7430
10595 1225 5 100000 10592 2 2 10588
7292 1225 5 100000 7283 1 1 7283
10226 1225 5 100000 10223 2 2 10222
7598 1225 5 100000 7593 1 1 7592
6947 1225 5 100000 6938 1 1 6938
7778 1225 5 100000 7774 1 1 7773
13443 1225 5 100000 13439 1 1 13439
15643 1225 5 100000 15639 1 1 15639
8861 1225 5 100000 8858 1 1 8858
10371 1225 5 100000 10369 1 1 10368
12200 1225 5 100000 12192 1 1 12191
8376 1225 5 100000 8373 1 2 8369
8549 1225 5 100000 8542 1 1 8541
11988 1225 5 100000 11981 2 2 11967
14782 1225 5 100000 14780 1 1 14780
7859 1225 5 100000 7849 1 1 7849
9751 1225 5 100000 9743 2 2 9738
12571 1225 5 100000 12562 3 3 12555
9495 1225 5 100000 9488 1 1 9487
9241 1225 5 100000 9239 2 2 9234
16682 1225 5 100000 16673 2 2 16667
9018 1225 5 100000 9014 2 2 9010
11264 1225 5 100000 11259 1 1 11259
9441 1225 5 100000 9432 2 2 9427
7813 1225 5 100000 7807 1 1 7806
9784 1225 5 100000 9774 1 1 9773
8158 1225 5 100000 8150 1 1 8149
7179 1225 5 100000 7174 1 1 7173
11894 1225 5 100000 11886 1 2 11881
11239 1225 5 100000 11233 1 1 11233
8596 1225 5 100000 8587 1 1 8586
7881 1225 5 100000 7873 1 1 7872
9968 1225 5 100000 9959 1 1 9958
9039 1225 5 100000 9037 2 2 9037
7019 1225 5 100000 7000 2 3 6996
8350 1225 5 100000 8344 1 1 8343
13217 1225 5 100000 13208 2 2 13206
10379 1225 5 100000 10371 1 1 10370
8280 1225 5 100000 8276 1 3 8276
8909 1225 5 100000 8903 1 1 8902
8371 1225 5 100000 8364 1 1 8363
7434 1225 5 100000 7425 1 1 7425
10127 1225 5 100000 10098 1 2 10088
10789 1225 5 100000 10784 2 2 10783
8810 1225 5 100000 8803 1 1 8803
10356 1225 5 100000 10348 1 1 10347
8080 1225 5 100000 8074 2 2 8073
9336 1225 5 100000 9330 1 1 9329
9181 1225 5 100000 9173 1 2 9168
6568 1225 5 100000 6560 1 1 6559
15183 1225 5 100000 15174 2 2 15168
15439 1225 5 100000 15430 2 2 15422
12220 1225 5 100000 12214 2 2 12209
7411 1225 5 100000 7406 1 1 7406
7061 1225 5 100000 7049 1 1 7048
10141 1225 5 100000 10134 1 1 10133
9162 1225 5 100000 9153 1 1 9152
7555 1225 5 100000 7552 1 2 7549
9660 1225 5 100000 9658 1 1 9657
9779 1225 5 100000 9772 1 1 9772
13084 1225 5 100000 13077 2 2 13072
15213 1225 5 100000 15211 1 1 15211
12383 1225 5 100000 12377 1 1 12377
12512 1225 5 100000 12508 1 1 12508
8820 1225 5 100000 8811 1 1 8811
12730 1225 5 100000 12727 1 1 12726
10983 1225 5 100000 10975 2 2 10970
13849 1225 5 100000 13844 2 2 13838
7792 1225 5 100000 7780 1 3 7773
10759 1225 5 100000 10749 2 2 10749
10186 1225 5 100000 10179 1 1 10178
11116 1225 5 100000 11108 2 2 11102
8961 1225 5 100000 8954 1 1 8953
9763 1225 5 100000 9757 1 1 9756
14123 1225 5 100000 14115 1 1 14114
7840 1225 5 100000 7835 2 2 7830
11937 1225 5 100000 11930 1 1 11929
13690 1225 5 100000 13680 1 1 13679
11168 1225 5 100000 11161 2 2 11160
7808 1225 5 100000 7802 3 3 7797
9695 1225 5 100000 9687 1 1 9686
11407 1225 5 100000 11400 2 2 11397
8511 1225 5 100000 8508 2 2 8504
7752 1225 5 100000 7749 1 1 7749
9398 1225 5 100000 9393 1 1 9393
10666 1225 5 100000 10664 1 1 10664
8922 1225 5 100000 8920 1 1 8920
7584 1225 5 100000 7573 1 2 7567
8884 1225 5 100000 8865 1 2 8858
9273 1225 5 100000 9263 1 1 9262
9352 1225 5 100000 9511 1 2 9321
10723 1225 5 100000 10716 2 2 10710
15350 1225 5 100000 15350 2 2 15337
13644 1225 5 100000 13639 1 1 13639
9634 1225 5 100000 9625 1 1 9624
7748 1225 5 100000 7742 1 1 7742
10715 1225 5 100000 10703 1 1 10702
11041 1225 5 100000 11033 1 1 11032
9369 1225 5 100000 9357 3 3 9352
11716 1225 5 100000 11707 1 1 11706
11654 1225 5 100000 11645 1 1 11644
14888 1225 5 100000 14880 1 1 14877
9119 1225 5 100000 9110 2 2 9104
9257 1225 5 100000 9248 1 2 9242
14351 1225 5 100000 14343 1 1 14341
15123 1225 5 100000 15116 1 1 15115
9787 1225 5 100000 9778 1 1 9777
13322 1225 5 100000 13317 1 1 13316
10261 1225 5 100000 10252 1 1 10251
8796 1225 5 100000 8787 2 2 8779
9417 1225 5 100000 9404 1 1 9403
12471 1225 5 100000 12467 1 1 12466
11271 1225 5 100000 11260 1 1 11259
15500 1225 5 100000 15489 1 1 15488
8413 1225 5 100000 8406 1 1 8406
8233 1225 5 100000 8224 1 1 8222
7536 1225 5 100000 7530 1 1 7530
8147 1225 5 100000 8137 1 1 8136
16745 1225 5 100000 16735 2 2 16734
11626 1225 5 100000 11618 1 1 11617
8066 1225 5 100000 8061 1 2 8055
14280 1225 5 100000 14269 1 1 14269
13681 1225 5 100000 13672 1 1 13671
12547 1225 5 100000 12544 1 1 12544
8283 1225 5 100000 8272 2 2 8265
8930 1225 5 100000 8919 1 1 8918
14057 1225 5 100000 14044 1 1 14042
14711 1225 5 100000 14698 1 1 14697
