8594 1225 5 100000 8591 2 2 8586
12152 1225 5 100000 12145 1 1 12144
8714 1225 5 100000 8712 2 2 8707
6732 1225 5 100000 6725 1 1 6724
8817 1225 5 100000 8815 1 1 8815
7976 1225 5 100000 7969 1 1 7968
14501 1225 5 100000 14494 2 2 14488
7851 1225 5 100000 7849 1 1 7849
11246 1225 5 100000 11237 2 2 11233
7928 1225 5 100000 7926 1 1 7926
10749 1225 5 100000 10744 1 1 10744
8776 1225 5 100000 8768 1 1 8767
11410 1225 5 100000 11404 2 2 11398
11602 1225 5 100000 11594 1 1 11593
9217 1225 5 100000 9209 2 2 9204
9149 1225 5 100000 9138 1 1 9137
7197 1225 5 100000 7189 1 1 7188
7756 1225 5 100000 7753 1 1 7753
17144 1225 5 100000 17134 2 2 17134
9530 1225 5 100000 9522 1 2 9517
8488 1225 5 100000 8484 1 2 8480
9121 1225 5 100000 9114 1 1 9113
6661 1225 5 100000 6658 1 1 6658
12650 1225 5 100000 12642 2 2 12637
10828 1225 5 100000 10823 3 3 10818
9252 1225 5 100000 9246 2 2 9241
11750 1225 5 100000 11746 1 1 11746
9628 1225 5 100000 9626 1 1 9626
8879 1225 5 100000 8867 1 1 8866
12120 1225 5 100000 12109 1 1 12109
12574 1225 5 100000 12567 1 1 12567
10731 1225 5 100000 10723 1 1 10722
9483 1225 5 100000 9476 2 2 9469
8719 1225 5 100000 8717 1 2 8711
11791 1225 5 100000 11780 1 1 11779
11037 1225 5 100000 11031 3 3 11025
11489 1225 5 100000 11481 2 2 11475
6166 1225 5 100000 6163 1 1 6163
7923 1225 5 100000 7922 2 2 7918
11326 1225 5 100000 11319 2 2 11313
12997 1225 5 100000 12990 1 1 12989
9532 1225 5 100000 9526 1 1 9524
8875 1225 5 100000 8865 1 2 8859
11991 1225 5 100000 11984 3 3 11979
9538 1225 5 100000 9530 1 1 9529
7983 1225 5 100000 7972 1 3 7967
9622 1225 5 100000 9620 1 1 9619
12049 1225 5 100000 12036 1 1 12035
16385 1225 5 100000 16373 1 1 16371
12303 1225 5 100000 12286 2 2 12280
14897 1225 5 100000 14889 2 2 14885
9217 1225 5 100000 9210 1 1 9209
9399 1225 5 100000 9392 1 2 9387
9497 1225 5 100000 9490 1 1 9489
9878 1225 5 100000 9871 1 1 9870
9643 1225 5 100000 9637 1 1 9636
11845 1225 5 100000 11844 2 2 11839
8623 1225 5 100000 8620 2 3 8617
7585 1225 5 100000 7584 2 2 7584
8487 1225 5 100000 8480 2 2 8479
12716 1225 5 100000 12707 1 1 12706
12009 1225 5 100000 12001 1 1 12000
8251 1225 5 100000 8250 1 2 8245
8193 1225 5 100000 8183 1 2 8178
10179 1225 5 100000 10171 1 1 10170
7510 1225 5 100000 7503 1 1 7501
8805 1225 5 100000 8798 1 2 8792
15339 1225 5 100000 15334 2 2 15331
13410 1225 5 100000 13404 2 2 13398
8488 1225 5 100000 8486 2 2 8485
12949 1225 5 100000 12939 2 2 12934
10209 1225 5 100000 10199 1 1 10198
9034 1225 5 100000 9023 2 2 9022
9477 1225 5 100000 9469 1 1 9469
8412 1225 5 100000 8408 1 1 8407
9206 1225 5 100000 9201 1 2 9197
7293 1225 5 100000 7288 1 1 7287
13512 1225 5 100000 13509 2 2 13508
12949 1225 5 100000 12939 3 4 12934
9775 1225 5 100000 9767 1 1 9767
8032 1225 5 100000 8026 1 1 8025
7889 1225 5 100000 7881 1 1 7881
11613 1225 5 100000 11601 3 3 11592
11199 1225 5 100000 11192 2 2 11187
11447 1225 5 100000 11443 1 1 11443
9086 1225 5 100000 9076 1 1 9076
11577 1225 5 100000 11576 3 3 11571
8851 1225 5 100000 8846 1 1 8845
7324 1225 5 100000 7324 1 2 7319
9947 1225 5 100000 9945 1 1 9945
12832 1225 5 100000 12809 1 1 12807
7925 1225 5 100000 7924 1 2 7917
13458 1225 5 100000 13444 1 3 13438
14115 1225 5 100000 14105 1 1 14104
14457 1225 5 100000 14439 2 2 14431
11224 1225 5 100000 11222 2 2 11217
13646 1225 5 100000 13643 2 2 13643
12477 1225 5 100000 12466 1 1 12465
12140 1225 5 100000 12128 1 1 12127
13104 1225 5 100000 13093 1 1 13093
10231 1225 5 100000 10225 1 1 10225
15599 1225 5 100000 15590 1 1 15589
8093 1225 5 100000 8083 2 2 8076
7356 1225 5 100000 7355 2 2 7349
7725 1225 5 100000 7718 1 2 7714
8503 1225 5 100000 8499 1 1 8498
16343 1225 5 100000 16333 1 1 16332
6935 1225 5 100000 6931 1 1 6931
14071 1225 5 100000 14058 1 1 14057
12307 1225 5 100000 12297 1 1 12295
9298 1225 5 100000 9292 1 1 9292
9779 1225 5 100000 9776 1 2 9770
16398 1225 5 100000 16395 3 3 16389
13513 1225 5 100000 13506 2 2 13499
9545 1225 5 100000 9535 1 1 9533
10715 1225 5 100000 10707 1 1 10706
11736 1225 5 100000 11733 1 1 11733
7168 1225 5 100000 7166 1 2 7160
10436 1225 5 100000 10427 1 1 10426
12395 1225 5 100000 12384 2 2 12382
9542 1225 5 100000 9536 2 2 9535
9675 1225 5 100000 9665 1 1 9663
13230 1225 5 100000 13218 1 1 13216
13777 1225 5 100000 13771 1 1 13770
8985 1225 5 100000 8980 3 3 8975
7813 1225 5 100000 7803 1 1 7803
12980 1225 5 100000 12977 1 1 12976
10898 1225 5 100000 10892 1 1 10892
15016 1225 5 100000 15006 1 1 15004
7268 1225 5 100000 7255 1 2 7249
10144 1225 5 100000 10136 2 2 10135
6946 1225 5 100000 6939 1 1 6938
10444 1225 5 100000 10436 1 1 10434
15439 1225 5 100000 15429 1 1 15428
9396 1225 5 100000 9386 1 1 9385
7376 1225 5 100000 7368 1 2 7363
8836 1225 5 100000 8830 2 2 8824
19217 1225 5 100000 19209 3 3 19203
10336 1225 5 100000 10332 1 1 10331
10188 1225 5 100000 10181 2 2 10180
11279 1225 5 100000 11277 1 1 11277
9904 1225 5 100000 9897 1 1 9896
11441 1225 5 100000 11427 1 3 11420
7887 1225 5 100000 7876 2 2 7870
9746 1225 5 100000 9733 1 1 9733
10588 1225 5 100000 10575 1 1 10574
7984 1225 5 100000 7974 1 2 7969
11580 1225 5 100000 11568 1 1 11567
10988 1225 5 100000 10977 1 1 10976
11795 1225 5 100000 11779 2 2 11774
9846 1225 5 100000 9842 1 1 9842
9084 1225 5 100000 9070 1 1 9069
8214 1225 5 100000 8199 1 1 8198
8841 1225 5 100000 8832 1 2 8827
8949 1225 5 100000 8946 2 2 8941
13247 1225 5 100000 13239 2 2 13233
8024 1225 5 100000 8010 1 1 8009
12139 1225 5 100000 12130 3 3 12130
8555 1225 5 100000 8547 2 2 8546
11807 1225 5 100000 11804 2 2 11804
9815 1225 5 100000 9806 1 1 9806
13751 1225 5 100000 13736 3 3 13731
9818 1225 5 100000 9807 1 2 9800
8790 1225 5 100000 8782 2 2 8782
10534 1225 5 100000 10529 1 1 10529
12912 1225 5 100000 12906 2 2 12899
14580 1225 5 100000 14564 2 2 14558
10040 1225 5 100000 10022 2 2 10022
8794 1225 5 100000 8780 1 1 8779
10496 1225 5 100000 10471 2 2 10469
11934 1225 5 100000 11931 1 1 11931
7959 1225 5 100000 7949 1 1 7948
10958 1225 5 100000 10952 3 3 10951
10588 1225 5 100000 10579 1 1 10578
8567 1225 5 100000 8545 3 3 8538
8452 1225 5 100000 8440 2 2 8440
13626 1225 5 100000 13603 1 1 13595
10224 1225 5 100000 10218 2 3 10215
9799 1225 5 100000 9785 2 2 9778
10798 1225 5 100000 10791 2 2 10791
10704 1225 5 100000 10690 2 2 10689
9033 1225 5 100000 9029 1 1 9028
9658 1225 5 100000 9654 1 1 9651
11887 1225 5 100000 11882 2 2 11882
9949 1225 5 100000 9941 1 1 9941
9784 1225 5 100000 9769 1 1 9767
12183 1225 5 100000 12169 1 1 12167
8172 1225 5 100000 8167 1 1 8166
7937 1225 5 100000 7922 2 2 7922
14195 1225 5 100000 14186 1 1 14185
7360 1225 5 100000 7312 1 1 7308
10979 1225 5 100000 10967 2 2 10966
12401 1225 5 100000 12394 1 1 12392
8784 1225 5 100000 8765 2 3 8757
11982 1225 5 100000 11964 2 2 11963
11377 1225 5 100000 11368 1 1 11366
10398 1225 5 100000 10383 2 2 10375
19008 1225 5 100000 18993 2 2 18986
12147 1225 5 100000 12124 3 3 12116
10663 1225 5 100000 10659 2 3 10659
11414 1225 5 100000 11403 1 1 11397
11922 1225 5 100000 11914 3 3 11910
11810 1225 5 100000 11797 1 2 11794
21607 1225 5 100000 21591 1 1 21584
11052 1225 5 100000 11046 1 1 11046
15367 1225 5 100000 15361 2 2 15361
16125 1225 5 100000 16119 1 1 16119
13017 1225 5 100000 12999 2 2 12998
17515 1225 5 100000 17499 1 1 17493
12692 1225 5 100000 12688 1 1 12681
12811 1225 5 100000 12799 1 2 12795
9672 1225 5 100000 9663 1 2 9662
13838 1225 5 100000 13830 2 2 13827
13794 1225 5 100000 13789 1 1 13783
10654 1225 5 100000 10635 2 2 10633
16257 1225 5 100000 16245 2 2 16244
11009 1225 5 100000 11006 1 1 11006
14670 1225 5 100000 14661 2 2 14655
14906 1225 5 100000 14896 1 1 14895
12713 1225 5 100000 12687 1 2 12679
10068 1225 5 100000 10060 1 1 10054
11236 1225 5 100000 11226 1 4 11225
8412 1225 5 100000 8394 2 2 8387
12939 1225 5 100000 12929 1 1 12925
11079 1225 5 100000 11066 2 2 11065
9328 1225 5 100000 9311 2 2 9310
10711 1225 5 100000 10704 1 1 10698
11409 1225 5 100000 11396 1 1 11394
