7773 1225 5 100000 7767 2 2 7760
17022 1225 5 100000 17016 1 1 17016
9561 1225 5 100000 9545 2 2 9539
9757 1225 5 100000 9749 1 1 9748
12039 1225 5 100000 12031 1 1 12029
12312 1225 5 100000 12309 1 1 12309
10062 1225 5 100000 10057 1 1 10057
9620 1225 5 100000 9612 1 1 9610
13119 1225 5 100000 13110 2 2 13102
12639 1225 5 100000 12633 1 1 12633
16583 1225 5 100000 16573 3 3 16566
10165 1225 5 100000 10164 1 1 10163
10129 1225 5 100000 10120 1 1 10119
8609 1225 5 100000 8598 1 1 8597
11833 1225 5 100000 11826 1 1 11825
14430 1225 5 100000 14424 2 2 14423
9093 1225 5 100000 9080 1 1 9079
13728 1225 5 100000 13726 2 2 13718
12959 1225 5 100000 12948 1 1 12946
9890 1225 5 100000 9879 1 1 9877
13219 1225 5 100000 13210 1 1 13209
10875 1225 5 100000 10867 1 1 10866
12897 1225 5 100000 12881 2 2 12872
8843 1225 5 100000 8834 1 1 8833
10197 1225 5 100000 10192 1 1 10192
11912 1225 5 100000 11905 3 3 11896
7996 1225 5 100000 7985 1 2 7979
14906 1225 5 100000 14902 3 3 14895
12666 1225 5 100000 12660 1 1 12659
8742 1225 5 100000 8739 1 1 8739
12508 1225 5 100000 12501 2 2 12494
10854 1225 5 100000 10848 2 2 10839
7600 1225 5 100000 7596 2 2 7592
8429 1225 5 100000 8299 1 1 8297
11187 1225 5 100000 11180 1 1 11180
12709 1225 5 100000 12704 1 1 12703
11816 1225 5 100000 11805 3 3 11799
8891 1225 5 100000 8886 1 1 8885
14299 1225 5 100000 14296 1 1 14296
10337 1225 5 100000 10326 1 1 10323
11904 1225 5 100000 11889 1 2 11883
12815 1225 5 100000 12802 3 3 12795
11338 1225 5 100000 11331 1 1 11330
14886 1225 5 100000 14879 2 2 14871
12136 1225 5 100000 12126 1 1 12124
13749 1225 5 100000 13742 2 2 13735
8816 1225 5 100000 8809 1 2 8803
12253 1225 5 100000 12242 2 2 12236
8694 1225 5 100000 8687 1 1 8686
8924 1225 5 100000 8915 2 2 8910
9158 1225 5 100000 9149 1 1 9149
7687 1225 5 100000 7682 1 1 7681
8898 1225 5 100000 8887 1 1 8886
12913 1225 5 100000 12910 3 3 12909
11374 1225 5 100000 11366 1 1 11365
11452 1225 5 100000 11441 2 2 11434
7646 1225 5 100000 7631 1 1 7630
9419 1225 5 100000 9411 1 1 9410
8570 1225 5 100000 8557 2 2 8553
9279 1225 5 100000 9263 1 2 9259
10785 1225 5 100000 10766 2 2 10760
9061 1225 5 100000 9045 3 3 9039
12283 1225 5 100000 12271 2 2 12265
12953 1225 5 100000 12942 1 1 12941
7918 1225 5 100000 7915 2 2 7915
8848 1225 5 100000 8834 1 1 8833
11069 1225 5 100000 11056 1 1 11055
10864 1225 5 100000 10857 1 1 10856
10741 1225 5 100000 10726 1 1 10725
9567 1225 5 100000 9563 1 2 9563
11828 1225 5 100000 11813 2 2 11808
8299 1225 5 100000 8283 1 1 8281
9093 1225 5 100000 9090 1 2 9085
6331 1225 5 100000 6325 2 3 6322
12349 1225 5 100000 12337 2 2 12332
8144 1225 5 100000 8142 1 2 8137
14451 1225 5 100000 14432 1 1 14431
6779 1225 5 100000 6774 2 2 6772
12549 1225 5 100000 12545 1 1 12545
9440 1225 5 100000 9438 2 2 9433
7896 1225 5 100000 7880 1 1 7880
16656 1225 5 100000 16651 3 3 16651
10604 1225 5 100000 10595 1 1 10594
9839 1225 5 100000 9831 2 2 9826
11775 1225 5 100000 11757 2 3 11752
7909 1225 5 100000 7900 2 4 7898
9317 1225 5 100000 9317 2 2 9309
7556 1225 5 100000 7552 1 2 7550
9225 1225 5 100000 9212 1 1 9211
12843 1225 5 100000 12831 3 3 12824
9262 1225 5 100000 9256 1 1 9256
14210 1225 5 100000 14199 1 1 14198
11943 1225 5 100000 11935 1 2 11931
15709 1225 5 100000 15693 2 2 15688
10465 1225 5 100000 10460 2 2 10458
10718 1225 5 100000 10710 1 2 10704
10097 1225 5 100000 10083 2 2 10077
15628 1225 5 100000 15622 2 2 15622
10071 1225 5 100000 10057 1 1 10056
14355 1225 5 100000 14351 1 1 14351
11875 1225 5 100000 11865 1 1 11864
8856 1225 5 100000 8838 1 2 8829
10016 1225 5 100000 10006 2 2 9999
7970 1225 5 100000 7966 1 1 7966
10058 1225 5 100000 10053 2 2 10053
12115 1225 5 100000 12103 1 1 12101
11835 1225 5 100000 11780 2 2 11774
16291 1225 5 100000 16275 1 2 16269
9603 1225 5 100000 9585 2 2 9578
10383 1225 5 100000 10377 1 3 10372
10366 1225 5 100000 10357 1 1 10356
15355 1225 5 100000 15338 2 2 15331
9533 1225 5 100000 9527 1 1 9527
14659 1225 5 100000 14650 1 1 14649
9632 1225 5 100000 9617 1 1 9616
13185 1225 5 100000 13171 1 1 13170
10423 1225 5 100000 10410 1 1 10409
14242 1225 5 100000 14235 2 2 14229
10860 1225 5 100000 10844 1 1 10843
16834 1225 5 100000 16819 2 2 16818
9922 1225 5 100000 9906 1 1 9904
19811 1225 5 100000 19796 2 2 19790
12039 1225 5 100000 12033 1 2 12031
14417 1225 5 100000 14411 1 1 14411
16810 1225 5 100000 16799 2 2 16799
17239 1225 5 100000 17235 1 1 17235
12513 1225 5 100000 12498 1 1 12496
11434 1225 5 100000 11406 2 3 11398
14157 1225 5 100000 14148 1 1 14148
13305 1225 5 100000 13302 2 2 13302
10643 1225 5 100000 10634 1 1 10633
16411 1225 5 100000 16406 1 1 16406
10023 1225 5 100000 10012 2 2 10009
12769 1225 5 100000 12759 1 2 12758
15878 1225 5 100000 15873 1 1 15872
8454 1225 5 100000 8438 1 1 8436
12737 1225 5 100000 12723 1 1 12722
7926 1225 5 100000 7910 1 1 7909
13990 1225 5 100000 13965 3 3 13959
15905 1225 5 100000 15895 1 1 15895
10881 1225 5 100000 10875 1 1 10875
11987 1225 5 100000 11981 2 2 11975
12867 1225 5 100000 12856 1 1 12856
13549 1225 5 100000 13537 3 3 13531
12141 1225 5 100000 12127 1 1 12125
11282 1225 5 100000 11268 2 2 11263
13472 1225 5 100000 13465 1 1 13465
14832 1225 5 100000 14825 2 2 14820
12203 1225 5 100000 12192 2 2 12191
9197 1225 5 100000 9181 2 3 9176
10592 1225 5 100000 10580 1 2 10575
8599 1225 5 100000 8588 1 1 8588
10110 1225 5 100000 10107 2 2 10106
11339 1225 5 100000 11329 1 1 11328
7630 1225 5 100000 7615 1 2 7610
12916 1225 5 100000 12896 2 2 12891
14801 1225 5 100000 14786 2 2 14779
12025 1225 5 100000 12010 1 1 12009
7575 1225 5 100000 7564 1 1 7563
12432 1225 5 100000 12421 1 1 12421
7950 1225 5 100000 7938 1 1 7937
12930 1225 5 100000 12919 3 3 12914
10738 1225 5 100000 10728 1 1 10727
9250 1225 5 100000 9237 1 1 9237
9495 1225 5 100000 9483 3 3 9477
14450 1225 5 100000 14439 1 1 14438
13555 1225 5 100000 13551 1 1 13551
9406 1225 5 100000 9396 1 1 9396
7619 1225 5 100000 7617 1 1 7616
9935 1225 5 100000 9925 1 1 9924
8601 1225 5 100000 8595 1 1 8594
13887 1225 5 100000 13877 1 1 13876
10134 1225 5 100000 10124 1 1 10123
11450 1225 5 100000 11434 1 1 11432
12187 1225 5 100000 12173 1 1 12173
9559 1225 5 100000 9545 1 1 9544
9707 1225 5 100000 9698 1 1 9698
11270 1225 5 100000 11258 2 2 11253
9290 1225 5 100000 9276 2 3 9271
8124 1225 5 100000 8107 1 1 8106
9020 1225 5 100000 9008 1 1 9008
11522 1225 5 100000 11508 2 2 11503
9093 1225 5 100000 9083 1 2 9078
14198 1225 5 100000 14182 2 2 14178
9022 1225 5 100000 9002 1 1 9001
15589 1225 5 100000 15577 1 1 15577
12591 1225 5 100000 12583 2 2 12580
11844 1225 5 100000 11831 2 2 11826
7461 1225 5 100000 7453 1 1 7452
10547 1225 5 100000 10537 2 2 10536
12830 1225 5 100000 12818 3 3 12812
12801 1225 5 100000 12789 1 1 12788
15167 1225 5 100000 15154 2 2 15148
9222 1225 5 100000 9212 2 2 9211
12203 1225 5 100000 12194 1 1 12194
12656 1225 5 100000 12652 1 1 12652
13335 1225 5 100000 13322 1 1 13321
9628 1225 5 100000 9620 1 1 9619
7923 1225 5 100000 7915 1 2 7911
7599 1225 5 100000 7588 2 3 7583
8101 1225 5 100000 8087 1 1 8087
7455 1225 5 100000 7450 1 1 7450
9003 1225 5 100000 8991 1 3 8986
7149 1225 5 100000 7140 1 2 7136
9528 1225 5 100000 9510 1 3 9503
10761 1225 5 100000 10742 1 1 10741
9232 1225 5 100000 9220 1 1 9219
10291 1225 5 100000 10279 1 2 10274
8097 1225 5 100000 8089 1 1 8089
9343 1225 5 100000 9331 1 1 9330
8492 1225 5 100000 8482 1 1 8481
9213 1225 5 100000 9200 1 1 9199
9465 1225 5 100000 9448 1 1 9447
9070 1225 5 100000 9057 1 2 9056
10091 1225 5 100000 10081 1 1 10077
13073 1225 5 100000 13059 2 2 13058
11620 1225 5 100000 11609 1 1 11603
11722 1225 5 100000 11708 1 1 11707
9403 1225 5 100000 9398 2 2 9398
10210 1225 5 100000 10200 1 1 10199
13446 1225 5 100000 13433 1 1 13432
14901 1225 5 100000 14881 1 1 14879
18769 1225 5 100000 18756 1 2 18755
10564 1225 5 100000 10550 1 1 10545
18181 1225 5 100000 18167 1 3 18166
12005 1225 5 100000 11993 1 1 11987
15304 1225 5 100000 15290 1 1 15289
15134 1225 5 100000 15120 2 2 15118
14837 1225 5 100000 14822 1 1 14816
13562 1225 5 100000 13548 1 2 13547
11777 1225 5 100000 11766 1 1 11759
