9531 1225 5 100000 9517 1 1 9515
11050 1225 5 100000 11034 2 2 11029
9887 1225 5 100000 9876 1 1 9875
11681 1225 5 100000 11674 1 2 11672
7831 1225 5 100000 7825 2 2 7824
7954 1225 5 100000 7947 1 1 7946
9799 1225 5 100000 9783 1 1 9781
12699 1225 5 100000 12694 3 3 12689
11645 1225 5 100000 11641 2 2 11636
13485 1225 5 100000 13477 2 3 13470
8703 1225 5 100000 8700 1 1 8700
11982 1225 5 100000 11966 1 1 11964
11537 1225 5 100000 11526 1 1 11525
12603 1225 5 100000 12588 2 2 12587
17613 1225 5 100000 17594 1 1 17593
9451 1225 5 100000 9439 2 2 9436
9397 1225 5 100000 9392 1 2 9386
15792 1225 5 100000 15777 1 1 15776
10612 1225 5 100000 10608 1 1 10608
10595 1225 5 100000 10570 1 1 10568
10630 1225 5 100000 10619 1 2 10615
10428 1225 5 100000 10422 1 1 10422
9016 1225 5 100000 9004 1 1 9003
12931 1225 5 100000 12925 2 2 12925
10189 1225 5 100000 10184 2 2 10184
15846 1225 5 100000 15837 1 1 15837
13798 1225 5 100000 13783 1 1 13782
13186 1225 5 100000 13168 1 1 13165
11708 1225 5 100000 11694 1 2 11688
16811 1225 5 100000 16804 1 1 16804
9346 1225 5 100000 9343 3 3 9337
11082 1225 5 100000 11067 1 1 11066
8983 1225 5 100000 8977 2 2 8973
17547 1225 5 100000 17537 1 1 17536
13382 1225 5 100000 13378 1 1 13378
11244 1225 5 100000 11234 1 1 11233
10587 1225 5 100000 10571 1 3 10565
9078 1225 5 100000 9074 1 3 9073
11916 1225 5 100000 11898 1 1 11897
13708 1225 5 100000 13699 2 2 13690
10783 1225 5 100000 10773 1 2 10766
12441 1225 5 100000 12423 2 2 12415
13420 1225 5 100000 13403 1 1 13402
14755 1225 5 100000 14750 2 2 14743
12016 1225 5 100000 11988 3 3 11976
13842 1225 5 100000 13828 2 3 13823
9555 1225 5 100000 9547 1 2 9541
11491 1225 5 100000 11472 2 2 11466
10533 1225 5 100000 10528 1 1 10528
8999 1225 5 100000 8991 1 1 8990
8978 1225 5 100000 8972 1 2 8969
13181 1225 5 100000 13174 2 3 13173
8103 1225 5 100000 8091 1 1 8090
16876 1225 5 100000 16868 1 1 16868
10282 1225 5 100000 10270 1 1 10270
8841 1225 5 100000 8833 1 1 8832
11249 1225 5 100000 11237 1 1 11236
9982 1225 5 100000 9968 2 2 9967
9452 1225 5 100000 9441 1 2 9434
9173 1225 5 100000 9169 2 2 9169
11209 1225 5 100000 11204 2 2 11202
13153 1225 5 100000 13137 1 1 13135
11089 1225 5 100000 11082 2 2 11077
10177 1225 5 100000 10165 2 2 10161
7884 1225 5 100000 7877 1 1 7876
8258 1225 5 100000 8248 1 1 8247
9689 1225 5 100000 9682 1 2 9678
8930 1225 5 100000 8918 1 2 8914
15090 1225 5 100000 15077 2 2 15076
12253 1225 5 100000 12236 1 1 12235
10898 1225 5 100000 10890 1 1 10890
8168 1225 5 100000 8156 1 1 8155
9322 1225 5 100000 9310 1 1 9309
9765 1225 5 100000 9758 1 1 9758
7741 1225 5 100000 7736 1 1 7735
13794 1225 5 100000 13789 1 1 13789
9394 1225 5 100000 9385 1 1 9384
11132 1225 5 100000 11122 1 2 11117
8801 1225 5 100000 8791 1 1 8790
6814 1225 5 100000 6811 2 2 6807
11142 1225 5 100000 11139 2 2 11135
7405 1225 5 100000 7402 1 1 7402
11849 1225 5 100000 11842 1 1 11842
10973 1225 5 100000 10960 1 1 10959
9147 1225 5 100000 9142 2 2 9137
13044 1225 5 100000 13037 2 2 13037
12967 1225 5 100000 12952 1 1 12951
12355 1225 5 100000 12342 2 2 12341
6559 1225 5 100000 6548 1 1 6548
13570 1225 5 100000 13558 1 1 13557
13177 1225 5 100000 13166 1 1 13165
10523 1225 5 100000 10520 1 1 10519
11271 1225 5 100000 11258 2 2 11253
13589 1225 5 100000 13582 1 1 13582
10256 1225 5 100000 10252 1 2 10248
15845 1225 5 100000 15832 2 2 15831
9787 1225 5 100000 9775 1 2 9769
9139 1225 5 100000 9133 1 1 9133
10379 1225 5 100000 10363 2 3 10357
11012 1225 5 100000 11005 2 2 11004
12032 1225 5 100000 12020 2 2 12015
12682 1225 5 100000 12676 1 1 12675
7220 1225 5 100000 7210 1 1 7209
7814 1225 5 100000 7798 1 1 7797
7679 1225 5 100000 7668 1 2 7663
9331 1225 5 100000 9310 1 1 9309
9711 1225 5 100000 9704 1 1 9703
8253 1225 5 100000 8243 1 3 8237
15296 1225 5 100000 15288 2 2 15288
8261 1225 5 100000 8252 1 1 8251
12169 1225 5 100000 12150 3 3 12143
6696 1225 5 100000 6680 1 1 6680
9558 1225 5 100000 9557 3 3 9551
9918 1225 5 100000 9905 1 1 9905
9449 1225 5 100000 9445 1 1 9445
10219 1225 5 100000 10209 1 1 10208
10855 1225 5 100000 10844 1 1 10844
9963 1225 5 100000 9954 1 1 9954
8616 1225 5 100000 8609 1 1 8608
9261 1225 5 100000 9258 1 1 9258
7972 1225 5 100000 7964 1 1 7964
13000 1225 5 100000 12987 1 1 12986
11835 1225 5 100000 11824 2 2 11819
10864 1225 5 100000 10860 1 1 10860
7708 1225 5 100000 7705 2 2 7701
12711 1225 5 100000 12706 2 2 12702
8221 1225 5 100000 8212 1 1 8211
10581 1225 5 100000 10567 3 3 10562
8200 1225 5 100000 8191 2 2 8185
8069 1225 5 100000 8056 1 2 8051
13430 1225 5 100000 13419 2 2 13414
9743 1225 5 100000 9731 1 2 9724
9957 1225 5 100000 9943 1 1 9942
11517 1225 5 100000 11503 2 2 11497
13805 1225 5 100000 13773 1 3 13767
16651 1225 5 100000 16642 2 2 16642
27384 1225 5 100000 27375 1 1 27368
13625 1225 5 100000 13611 1 2 13605
17739 1225 5 100000 17662 1 1 17660
21841 1225 5 100000 21828 2 2 21822
17961 1225 5 100000 17949 1 1 17948
12669 1225 5 100000 12656 3 3 12649
16656 1225 5 100000 16643 2 2 16637
7542 1225 5 100000 7529 1 1 7529
13756 1225 5 100000 13743 1 1 13742
10922 1225 5 100000 10910 1 1 10909
9897 1225 5 100000 9886 1 1 9885
11166 1225 5 100000 11154 2 2 11153
12538 1225 5 100000 12523 2 2 12519
8955 1225 5 100000 8946 1 1 8945
9705 1225 5 100000 9688 1 1 9687
11975 1225 5 100000 11963 2 2 11959
7563 1225 5 100000 7549 1 1 7549
8401 1225 5 100000 8393 1 1 8393
7935 1225 5 100000 7921 2 2 7921
8080 1225 5 100000 8072 1 2 8068
9381 1225 5 100000 9367 1 2 9363
10767 1225 5 100000 10755 3 3 10751
7430 1225 5 100000 7419 1 1 7419
9065 1225 5 100000 9056 3 3 9051
13667 1225 5 100000 13655 2 2 13651
7707 1225 5 100000 7697 2 2 7692
8273 1225 5 100000 8263 1 2 8259
9795 1225 5 100000 9778 1 3 9773
9415 1225 5 100000 9405 1 1 9404
9279 1225 5 100000 9270 2 2 9265
7491 1225 5 100000 7486 1 1 7486
9380 1225 5 100000 9370 1 1 9369
7195 1225 5 100000 7186 1 1 7186
11123 1225 5 100000 11114 2 2 11110
7511 1225 5 100000 7503 1 3 7498
10250 1225 5 100000 10240 1 1 10239
11623 1225 5 100000 11613 1 1 11613
9810 1225 5 100000 9801 1 1 9800
9582 1225 5 100000 9570 1 1 9569
7442 1225 5 100000 7436 1 2 7432
8182 1225 5 100000 8169 1 2 8165
10341 1225 5 100000 10330 1 1 10329
11143 1225 5 100000 11133 2 2 11133
8947 1225 5 100000 8917 1 1 8917
8489 1225 5 100000 8457 1 1 8456
7458 1225 5 100000 7434 1 2 7425
10554 1225 5 100000 10568 2 2 10542
7884 1225 5 100000 7879 2 2 7874
12124 1225 5 100000 12116 1 1 12116
7571 1225 5 100000 7564 1 1 7563
14092 1225 5 100000 14085 1 1 14084
11342 1225 5 100000 11334 1 1 11330
6802 1225 5 100000 6795 2 2 6795
7871 1225 5 100000 7864 1 1 7860
9716 1225 5 100000 9708 2 3 9704
7799 1225 5 100000 7792 2 2 7792
12008 1225 5 100000 12003 1 1 11999
10952 1225 5 100000 10944 2 2 10944
8169 1225 5 100000 8152 1 1 8152
8290 1225 5 100000 8283 1 1 8283
7916 1225 5 100000 7910 1 1 7906
11557 1225 5 100000 11550 2 2 11549
10391 1225 5 100000 10385 2 2 10380
10513 1225 5 100000 10507 2 2 10506
11075 1225 5 100000 11066 1 1 11062
8052 1225 5 100000 8047 1 2 8043
9894 1225 5 100000 9882 1 2 9877
9325 1225 5 100000 9319 1 3 9318
7153 1225 5 100000 7149 1 1 7144
11183 1225 5 100000 11179 2 2 11179
11336 1225 5 100000 11330 1 1 11326
9479 1225 5 100000 9471 2 2 9466
9234 1225 5 100000 9225 2 2 9222
7119 1225 5 100000 7112 2 2 7112
9549 1225 5 100000 9534 1 1 9533
9850 1225 5 100000 9842 1 1 9842
11416 1225 5 100000 11409 1 1 11404
12480 1225 5 100000 12472 2 2 12471
6857 1225 5 100000 6851 1 1 6850
12630 1225 5 100000 12623 1 1 12618
11411 1225 5 100000 11405 2 2 11404
11558 1225 5 100000 11552 1 1 11551
8625 1225 5 100000 8615 1 1 8609
7867 1225 5 100000 7859 2 3 7859
8322 1225 5 100000 8314 1 1 8314
