14424 1600 5 100000 14418 1 1 14418
13306 1600 5 100000 13299 1 1 13298
8284 1600 5 100000 8276 1 1 8275
11863 1600 5 100000 11860 1 1 11859
8458 1600 5 100000 8451 1 1 8451
6662 1600 5 100000 6656 1 1 6656
10161 1600 5 100000 10149 1 1 10149
8705 1600 5 100000 8702 1 1 8702
9560 1600 5 100000 9553 1 1 9552
11838 1600 5 100000 11831 1 1 11830
10477 1600 5 100000 10471 2 2 10467
11345 1600 5 100000 11338 1 2 11338
13493 1600 5 100000 13490 1 1 13486
7611 1600 5 100000 7607 2 2 7607
10304 1600 5 100000 10301 1 1 10289
10261 1600 5 100000 10255 3 3 10254
10108 1600 5 100000 10101 1 1 10101
12202 1600 5 100000 12196 1 1 12191
15793 1600 5 100000 15784 2 2 15781
17877 1600 5 100000 17870 3 3 17870
14865 1600 5 100000 14859 1 1 14858
14195 1600 5 100000 14187 1 1 14186
11588 1600 5 100000 11580 1 1 11577
10056 1600 5 100000 10049 2 2 10048
10287 1600 5 100000 10282 1 1 10282
11453 1600 5 100000 11446 1 1 11446
12402 1600 5 100000 12395 1 1 12395
10345 1600 5 100000 10338 1 1 10333
10345 1600 5 100000 10339 3 3 10336
15317 1600 5 100000 15309 2 2 15309
16802 1600 5 100000 16795 2 2 16794
14387 1600 5 100000 14380 3 3 14376
12916 1600 5 100000 12908 2 2 12904
7447 1600 5 100000 7445 2 2 7445
10638 1600 5 100000 10631 1 1 10630
12279 1600 5 100000 12272 2 2 12268
9850 1600 5 100000 9846 2 2 9846
12204 1600 5 100000 12196 1 1 12192
9765 1600 5 100000 9762 2 2 9761
15331 1600 5 100000 15324 1 1 15324
10143 1600 5 100000 10136 1 1 10135
7496 1600 5 100000 7494 1 1 7494
9183 1600 5 100000 9175 1 1 9175
8214 1600 5 100000 8206 1 1 8205
15429 1600 5 100000 15419 1 1 15413
11840 1600 5 100000 11832 1 2 11832
11139 1600 5 100000 11134 1 1 11130
8149 1600 5 100000 8143 2 2 8142
10282 1600 5 100000 10277 1 1 10273
16049 1600 5 100000 16042 2 2 16042
15766 1600 5 100000 15757 1 1 15754
15589 1600 5 100000 15583 3 3 15583
9007 1600 5 100000 9000 1 1 8999
19237 1600 5 100000 19230 1 1 19229
16695 1600 5 100000 16687 1 1 16687
10333 1600 5 100000 10327 1 1 10322
7347 1600 5 100000 7341 2 2 7340
11063 1600 5 100000 11058 1 1 11054
7802 1600 5 100000 7790 2 2 7789
11357 1600 5 100000 11350 1 1 11350
7172 1600 5 100000 7166 1 1 7166
13179 1600 5 100000 13172 1 1 13168
8678 1600 5 100000 8671 2 2 8668
16412 1600 5 100000 16401 2 2 16395
12451 1600 5 100000 12444 2 2 12443
11767 1600 5 100000 11761 1 1 11760
10401 1600 5 100000 10395 1 1 10394
11665 1600 5 100000 11657 1 1 11656
10676 1600 5 100000 10670 2 2 10669
8327 1600 5 100000 8323 1 1 8319
9982 1600 5 100000 9976 2 2 9975
7518 1600 5 100000 7511 2 2 7511
11719 1600 5 100000 11713 1 1 11712
10552 1600 5 100000 10551 1 1 10546
9693 1600 5 100000 9685 2 2 9685
12342 1600 5 100000 12337 1 1 12335
10660 1600 5 100000 10656 2 2 10654
10532 1600 5 100000 10526 1 2 10525
11695 1600 5 100000 11691 1 1 11691
13238 1600 5 100000 13235 1 1 13235
12593 1600 5 100000 12585 1 1 12584
10414 1600 5 100000 10404 2 2 10400
13347 1600 5 100000 13342 3 3 13337
10850 1600 5 100000 10810 2 2 10799
10318 1600 5 100000 10310 3 5 10309
12900 1600 5 100000 12887 1 1 12882
21715 1600 5 100000 21707 2 2 21706
11089 1600 5 100000 11076 1 1 11069
11224 1600 5 100000 11217 2 2 11211
15036 1600 5 100000 15024 2 2 15019
13162 1600 5 100000 13154 3 3 13153
12228 1600 5 100000 12219 1 1 12218
14474 1600 5 100000 14468 1 1 14468
11520 1600 5 100000 11518 1 1 11518
7666 1600 5 100000 7660 1 1 7659
7819 1600 5 100000 7816 2 2 7811
16265 1600 5 100000 16260 2 2 16259
10965 1600 5 100000 10959 1 1 10955
13035 1600 5 100000 13025 2 2 13019
14958 1600 5 100000 14944 1 3 14932
10938 1600 5 100000 10935 3 3 10935
15232 1600 5 100000 15230 1 1 15225
12227 1600 5 100000 12219 2 2 12214
8199 1600 5 100000 8193 3 3 8193
15914 1600 5 100000 15906 2 2 15902
11537 1600 5 100000 11532 2 2 11532
9614 1600 5 100000 9605 1 1 9600
12955 1600 5 100000 12950 3 3 12949
9252 1600 5 100000 9248 1 1 9244
9077 1600 5 100000 9075 1 3 9075
9646 1600 5 100000 9641 1 1 9641
18549 1600 5 100000 18539 1 1 18537
10899 1600 5 100000 10897 1 1 10897
10550 1600 5 100000 10541 1 1 10540
10577 1600 5 100000 10564 1 1 10558
15958 1600 5 100000 15948 1 4 15948
14042 1600 5 100000 14038 1 1 14037
10608 1600 5 100000 10606 2 2 10606
14165 1600 5 100000 14157 1 1 14152
15782 1600 5 100000 15772 3 3 15767
11686 1600 5 100000 11684 2 2 11682
14636 1600 5 100000 14634 2 2 14634
13224 1600 5 100000 13215 1 1 13211
10833 1600 5 100000 10828 1 2 10827
10664 1600 5 100000 10661 1 1 10661
11301 1600 5 100000 11297 1 1 11297
10963 1600 5 100000 10953 1 2 10949
8327 1600 5 100000 8324 2 2 8323
12889 1600 5 100000 12883 2 2 12883
16263 1600 5 100000 16254 1 1 16252
10263 1600 5 100000 10256 1 1 10251
10897 1600 5 100000 10893 1 2 10891
11703 1600 5 100000 11697 2 2 11693
10610 1600 5 100000 10605 3 3 10604
12392 1600 5 100000 12384 2 2 12384
15401 1600 5 100000 15392 1 1 15388
11394 1600 5 100000 11392 2 2 11388
10090 1600 5 100000 10088 2 2 10088
13523 1600 5 100000 13515 1 1 13514
11925 1600 5 100000 11914 2 2 11912
10229 1600 5 100000 10220 1 1 10219
10475 1600 5 100000 10469 1 1 10464
14669 1600 5 100000 14662 2 2 14657
6477 1600 5 100000 6475 2 2 6475
10454 1600 5 100000 10448 2 2 10442
12386 1600 5 100000 12379 1 2 12378
12398 1600 5 100000 12390 3 3 12390
12910 1600 5 100000 12906 1 1 12902
13896 1600 5 100000 13885 2 2 13884
18173 1600 5 100000 18166 1 1 18166
17569 1600 5 100000 17560 2 2 17554
11831 1600 5 100000 11823 2 2 11818
11361 1600 5 100000 11354 2 2 11349
18473 1600 5 100000 18463 2 2 18456
16235 1600 5 100000 16226 2 2 16225
10408 1600 5 100000 10397 1 1 10396
12027 1600 5 100000 12012 1 1 12011
7162 1600 5 100000 7150 1 1 7149
11663 1600 5 100000 11654 1 1 11652
11678 1600 5 100000 11669 1 1 11668
21466 1600 5 100000 21463 1 1 21463
14093 1600 5 100000 14088 1 1 14087
12760 1600 5 100000 12756 1 1 12755
20022 1600 5 100000 20019 1 1 20019
12173 1600 5 100000 12170 1 1 12170
18655 1600 5 100000 18652 1 1 18652
16697 1600 5 100000 16692 1 1 16691
10770 1600 5 100000 10760 1 1 10759
9662 1600 5 100000 9658 1 1 9658
12839 1600 5 100000 12834 1 1 12830
9094 1600 5 100000 9087 2 2 9081
10292 1600 5 100000 10292 2 2 10284
12504 1600 5 100000 12500 1 2 12499
14176 1600 5 100000 14173 2 2 14173
11479 1600 5 100000 11469 1 1 11468
17604 1600 5 100000 17595 1 1 17589
12529 1600 5 100000 12523 2 2 12523
9272 1600 5 100000 9261 1 1 9261
17208 1600 5 100000 17201 1 1 17200
11669 1600 5 100000 11666 1 1 11666
14254 1600 5 100000 14247 2 2 14241
15693 1600 5 100000 15681 3 3 15680
9122 1600 5 100000 9107 1 1 9106
12829 1600 5 100000 12820 1 1 12819
16888 1600 5 100000 16884 2 2 16880
15578 1600 5 100000 15575 2 2 15575
15906 1600 5 100000 15903 1 1 15903
13328 1600 5 100000 13317 1 1 13315
11213 1600 5 100000 11199 1 1 11197
10580 1600 5 100000 10573 2 2 10572
9455 1600 5 100000 9444 1 1 9443
17994 1600 5 100000 17987 2 2 17981
16675 1600 5 100000 16672 2 3 16672
11281 1600 5 100000 11271 1 1 11269
9195 1600 5 100000 9184 1 1 9183
11645 1600 5 100000 11642 1 1 11641
9200 1600 5 100000 9196 1 1 9196
12111 1600 5 100000 12099 1 1 12094
10599 1600 5 100000 10590 1 2 10589
19325 1600 5 100000 19320 1 1 19320
8161 1600 5 100000 8150 1 1 8145
10189 1600 5 100000 10181 3 3 10173
12716 1600 5 100000 12712 1 2 12712
10949 1600 5 100000 10943 1 1 10933
15378 1600 5 100000 15374 1 2 15374
16897 1600 5 100000 16892 1 1 16892
9626 1600 5 100000 9611 2 2 9599
9298 1600 5 100000 9288 2 3 9288
12884 1600 5 100000 12878 1 1 12877
10891 1600 5 100000 10898 1 1 10887
15171 1600 5 100000 15168 1 1 15168
9212 1600 5 100000 9211 2 2 9211
7493 1600 5 100000 7490 1 1 7489
15215 1600 5 100000 15210 1 1 15209
15383 1600 5 100000 15378 1 1 15373
13058 1600 5 100000 13059 2 2 13051
10747 1600 5 100000 10750 2 2 10742
18832 1600 5 100000 18833 2 2 18825
12542 1600 5 100000 12540 2 3 12538
21671 1600 5 100000 21665 2 2 21663
18050 1600 5 100000 18055 1 1 18046
