11634 1600 5 100000 11627 2 2 11623
10378 1600 5 100000 10370 4 4 10365
11114 1600 5 100000 11106 1 1 11106
9487 1600 5 100000 9479 1 1 9479
12412 1600 5 100000 12402 1 2 12398
15812 1600 5 100000 15803 1 1 15803
10083 1600 5 100000 10072 2 3 10067
15020 1600 5 100000 15018 1 1 15017
12127 1600 5 100000 12119 2 2 12113
11254 1600 5 100000 11245 3 3 11240
10640 1600 5 100000 10632 1 1 10632
17742 1600 5 100000 17723 2 2 17722
11241 1600 5 100000 11238 2 2 11233
19614 1600 5 100000 19603 1 1 19602
11774 1600 5 100000 11772 1 1 11772
12808 1600 5 100000 12799 1 1 12799
12596 1600 5 100000 12588 2 2 12584
10753 1600 5 100000 10743 1 1 10741
13325 1600 5 100000 13321 2 2 13317
12745 1600 5 100000 12743 1 1 12742
12008 1600 5 100000 11994 1 1 11993
10459 1600 5 100000 10453 1 1 10452
13756 1600 5 100000 13749 2 2 13748
11345 1600 5 100000 11336 1 1 11336
8289 1600 5 100000 8287 1 1 8287
9925 1600 5 100000 9917 1 1 9917
12694 1600 5 100000 12680 1 1 12678
21046 1600 5 100000 21042 1 1 21041
9804 1600 5 100000 9802 1 1 9802
7880 1600 5 100000 7872 1 1 7872
9747 1600 5 100000 9745 1 2 9743
7702 1600 5 100000 7697 1 1 7696
10507 1600 5 100000 10496 2 2 10490
14228 1600 5 100000 14225 2 2 14221
17413 1600 5 100000 17411 3 3 17410
7223 1600 5 100000 7221 1 1 7221
14803 1600 5 100000 14795 1 1 14794
9601 1600 5 100000 9599 1 1 9598
12644 1600 5 100000 12641 1 1 12641
11015 1600 5 100000 11013 1 1 11013
10376 1600 5 100000 10375 1 1 10370
14880 1600 5 100000 14872 2 2 14866
18216 1600 5 100000 18207 3 3 18203
11939 1600 5 100000 11935 2 2 11934
11716 1600 5 100000 11713 1 1 11709
14691 1600 5 100000 14685 2 2 14684
9919 1600 5 100000 9916 1 1 9916
8629 1600 5 100000 8627 1 1 8627
14594 1600 5 100000 14584 1 1 14581
14944 1600 5 100000 14941 3 3 14941
11506 1600 5 100000 11504 1 1 11504
15823 1600 5 100000 15815 2 2 15815
10504 1600 5 100000 10501 1 1 10501
10754 1600 5 100000 10746 1 1 10743
8476 1600 5 100000 8465 1 3 8464
11378 1600 5 100000 11374 1 1 11373
17879 1600 5 100000 17874 4 4 17873
8204 1600 5 100000 8195 1 1 8191
9265 1600 5 100000 9261 2 2 9261
8639 1600 5 100000 8634 1 1 8634
11191 1600 5 100000 11183 1 1 11182
12700 1600 5 100000 12695 1 1 12694
17282 1600 5 100000 17275 1 1 17274
13158 1600 5 100000 13157 1 1 13157
9747 1600 5 100000 9745 2 2 9745
10244 1600 5 100000 10243 1 1 10243
13990 1600 5 100000 13988 1 1 13988
12755 1600 5 100000 12743 1 1 12737
9633 1600 5 100000 9620 2 2 9619
15237 1600 5 100000 15226 1 1 15221
11333 1600 5 100000 11331 2 2 11331
15735 1600 5 100000 15729 1 1 15728
10252 1600 5 100000 10247 3 3 10247
13493 1600 5 100000 13483 2 2 13482
13981 1600 5 100000 13978 1 1 13978
13267 1600 5 100000 13258 1 1 13251
10840 1600 5 100000 10825 2 2 10824
15820 1600 5 100000 15809 1 1 15808
16834 1600 5 100000 16822 1 1 16815
12441 1600 5 100000 12430 3 3 12429
11996 1600 5 100000 11986 2 2 11985
16092 1600 5 100000 16084 1 1 16083
12905 1600 5 100000 12902 1 1 12902
9892 1600 5 100000 9881 2 2 9876
16962 1600 5 100000 16955 3 3 16947
12672 1600 5 100000 12668 2 2 12667
9228 1600 5 100000 9219 1 1 9219
13428 1600 5 100000 13413 1 1 13412
10845 1600 5 100000 10839 1 1 10838
13864 1600 5 100000 13853 1 1 13852
14494 1600 5 100000 14491 1 1 14491
15008 1600 5 100000 14995 2 2 14990
12473 1600 5 100000 12464 2 2 12462
10863 1600 5 100000 10858 1 1 10857
9452 1600 5 100000 9441 2 2 9440
11123 1600 5 100000 11120 1 1 11120
13912 1600 5 100000 13904 1 1 13903
12315 1600 5 100000 12302 2 2 12301
11475 1600 5 100000 11464 2 2 11459
15051 1600 5 100000 15044 2 2 15037
15934 1600 5 100000 15932 2 2 15932
18098 1600 5 100000 18094 1 1 18094
17643 1600 5 100000 17634 1 1 17633
9333 1600 5 100000 9323 1 1 9323
15303 1600 5 100000 15298 3 3 15292
11834 1600 5 100000 11827 1 1 11825
11090 1600 5 100000 11077 2 3 11071
11342 1600 5 100000 11336 2 2 11331
11193 1600 5 100000 11185 1 1 11182
11864 1600 5 100000 11858 1 1 11857
14292 1600 5 100000 14282 1 1 14280
12719 1600 5 100000 12705 2 3 12698
12098 1600 5 100000 12096 1 1 12095
14565 1600 5 100000 14551 1 1 14550
18529 1600 5 100000 18521 3 3 18520
14519 1600 5 100000 14512 2 2 14511
8568 1600 5 100000 8558 2 2 8553
13159 1600 5 100000 13148 1 1 13147
10272 1600 5 100000 10268 1 1 10268
8957 1600 5 100000 8955 2 2 8955
19461 1600 5 100000 19457 2 2 19451
17048 1600 5 100000 17039 2 2 17031
13090 1600 5 100000 13078 3 3 13071
9980 1600 5 100000 9970 1 1 9969
17205 1600 5 100000 17194 2 2 17188
10358 1600 5 100000 10353 1 1 10353
11956 1600 5 100000 11948 1 1 11947
11860 1600 5 100000 11852 3 3 11846
9508 1600 5 100000 9498 1 1 9497
10061 1600 5 100000 10059 2 2 10053
13066 1600 5 100000 13060 1 1 13059
9527 1600 5 100000 9513 1 2 9507
14017 1600 5 100000 13989 1 1 13988
16395 1600 5 100000 16392 2 2 16386
14008 1600 5 100000 14007 3 3 13999
6874 1600 5 100000 6872 1 1 6872
9354 1600 5 100000 9351 2 2 9344
10508 1600 5 100000 10506 1 1 10505
17531 1600 5 100000 17531 1 1 17530
13083 1600 5 100000 13081 2 2 13073
14261 1600 5 100000 14257 1 1 14256
19160 1600 5 100000 19157 2 2 19153
12746 1600 5 100000 12744 1 2 12739
13703 1600 5 100000 13700 2 2 13692
12788 1600 5 100000 12782 2 2 12781
21712 1600 5 100000 21706 1 1 21705
14303 1600 5 100000 14297 1 1 14296
11477 1600 5 100000 11473 1 1 11472
9747 1600 5 100000 9746 2 2 9746
17376 1600 5 100000 17371 1 1 17369
18257 1600 5 100000 18259 2 2 18253
13314 1600 5 100000 13309 1 1 13308
17321 1600 5 100000 17319 1 1 17318
14881 1600 5 100000 14873 1 1 14872
13882 1600 5 100000 13879 2 2 13878
12068 1600 5 100000 12064 1 1 12063
13731 1600 5 100000 13729 2 2 13729
12105 1600 5 100000 12103 1 1 12102
11805 1600 5 100000 11800 1 1 11798
13485 1600 5 100000 13480 1 1 13479
12821 1600 5 100000 12820 1 1 12819
12109 1600 5 100000 12110 2 2 12102
13489 1600 5 100000 13487 1 1 13487
12355 1600 5 100000 12353 1 1 12352
13239 1600 5 100000 13237 1 1 13237
11852 1600 5 100000 11849 1 1 11848
18444 1600 5 100000 18441 1 1 18440
15494 1600 5 100000 15490 1 1 15488
13478 1600 5 100000 13472 1 1 13470
14425 1600 5 100000 14423 1 1 14423
15030 1600 5 100000 15024 1 1 15023
9452 1600 5 100000 9451 3 3 9450
10828 1600 5 100000 10829 2 2 10822
13967 1600 5 100000 13964 2 2 13963
14871 1600 5 100000 14863 1 1 14861
14604 1600 5 100000 14599 1 1 14598
12797 1600 5 100000 12794 1 1 12794
20971 1600 5 100000 20966 1 1 20965
12374 1600 5 100000 12373 1 1 12373
12801 1600 5 100000 12798 1 2 12791
13080 1600 5 100000 13078 1 1 13078
11079 1600 5 100000 11078 1 2 11070
18872 1600 5 100000 18866 1 1 18865
16053 1600 5 100000 16051 3 3 16044
12061 1600 5 100000 12056 1 1 12055
19190 1600 5 100000 19189 2 2 19185
12111 1600 5 100000 12109 2 2 12108
10786 1600 5 100000 10785 2 2 10785
12560 1600 5 100000 12558 1 2 12555
11985 1600 5 100000 11985 2 2 11978
14851 1600 5 100000 14850 2 2 14842
16654 1600 5 100000 16652 2 2 16644
12185 1600 5 100000 12182 1 1 12182
8480 1600 5 100000 8477 3 3 8475
18025 1600 5 100000 18022 1 1 18021
11732 1600 5 100000 11726 1 1 11725
13848 1600 5 100000 13848 1 2 13842
16834 1600 5 100000 16830 2 2 16823
14734 1600 5 100000 14730 2 2 14723
11031 1600 5 100000 11026 1 1 11025
13735 1600 5 100000 13733 1 2 13726
15905 1600 5 100000 15900 1 1 15899
14377 1600 5 100000 14372 1 1 14370
20656 1600 5 100000 20652 1 1 20650
11630 1600 5 100000 11625 1 1 11624
14528 1600 5 100000 14526 1 1 14526
10896 1600 5 100000 10894 1 2 10888
9297 1600 5 100000 9294 1 1 9293
11592 1600 5 100000 11592 2 2 11586
11226 1600 5 100000 11221 4 4 11213
10702 1600 5 100000 10703 1 2 10694
17900 1600 5 100000 17893 1 1 17892
9284 1600 5 100000 9285 4 5 9280
18172 1600 5 100000 18168 2 2 18163
13834 1600 5 100000 13828 1 1 13827
15899 1600 5 100000 15897 1 1 15896
20798 1600 5 100000 20799 2 2 20790
11954 1600 5 100000 11953 1 1 11952
8983 1600 5 100000 8984 1 2 8977
8763 1600 5 100000 8761 2 2 8759
12451 1600 5 100000 12448 2 2 12442
9357 1600 5 100000 9353 4 4 9347
20015 1600 5 100000 20011 3 3 20005
