10499 1600 5 100000 10495 1 2 10490
12311 1600 5 100000 12309 1 1 12309
11082 1600 5 100000 11067 1 1 11066
9293 1600 5 100000 9286 1 1 9285
9955 1600 5 100000 9943 1 1 9942
15318 1600 5 100000 15311 2 2 15305
18816 1600 5 100000 18806 1 1 18805
12128 1600 5 100000 12112 2 2 12106
13141 1600 5 100000 13134 1 2 13128
9823 1600 5 100000 9812 1 1 9811
9589 1600 5 100000 9577 1 1 9576
13202 1600 5 100000 13192 1 1 13191
13222 1600 5 100000 13212 1 1 13210
14618 1600 5 100000 14609 3 3 14603
12731 1600 5 100000 12723 1 1 12722
11230 1600 5 100000 11219 1 1 11218
9971 1600 5 100000 9966 1 1 9966
9723 1600 5 100000 9720 1 1 9720
9476 1600 5 100000 9470 3 3 9470
18263 1600 5 100000 18259 1 1 18259
9734 1600 5 100000 9730 1 1 9730
6760 1600 5 100000 6754 1 1 6754
10097 1600 5 100000 10095 1 1 10095
10244 1600 5 100000 10240 1 1 10240
9783 1600 5 100000 9770 1 1 9769
10490 1600 5 100000 10483 1 1 10483
12231 1600 5 100000 12218 1 2 12213
11219 1600 5 100000 11216 1 1 11215
9726 1600 5 100000 9717 1 1 9716
14573 1600 5 100000 14483 1 1 14483
11032 1600 5 100000 11026 2 2 11026
10274 1600 5 100000 10267 1 1 10265
11913 1600 5 100000 11904 3 3 11899
15593 1600 5 100000 15581 1 1 15580
11853 1600 5 100000 11849 2 2 11845
10721 1600 5 100000 10718 1 2 10713
12407 1600 5 100000 12394 2 2 12393
12382 1600 5 100000 12378 1 1 12378
9062 1600 5 100000 9055 1 2 9054
10824 1600 5 100000 10822 2 2 10817
21038 1600 5 100000 21024 2 2 21022
11928 1600 5 100000 11915 1 2 11909
12967 1600 5 100000 12955 1 1 12954
12533 1600 5 100000 12521 2 2 12516
16555 1600 5 100000 16547 3 3 16542
14105 1600 5 100000 14096 1 1 14094
10162 1600 5 100000 10158 2 2 10158
10681 1600 5 100000 10678 1 1 10678
14648 1600 5 100000 14636 1 1 14635
17545 1600 5 100000 17540 2 2 17534
11906 1600 5 100000 11900 1 1 11900
12750 1600 5 100000 12741 2 3 12736
8618 1600 5 100000 8611 1 1 8611
15866 1600 5 100000 15849 2 2 15835
10766 1600 5 100000 10762 1 1 10762
10714 1600 5 100000 10711 2 2 10711
12181 1600 5 100000 12178 1 1 12177
13317 1600 5 100000 13310 1 1 13310
11384 1600 5 100000 11381 2 2 11381
16875 1600 5 100000 16868 1 1 16867
16449 1600 5 100000 16437 3 3 16431
11191 1600 5 100000 11164 2 2 11158
12476 1600 5 100000 12448 2 2 12442
10721 1600 5 100000 10716 1 1 10715
13977 1600 5 100000 13975 1 1 13975
9646 1600 5 100000 9647 2 3 9642
11464 1600 5 100000 11466 2 2 11461
9299 1600 5 100000 9299 2 2 9296
16125 1600 5 100000 16124 1 1 16123
10941 1600 5 100000 10935 1 1 10934
9923 1600 5 100000 9920 2 2 9907
13187 1600 5 100000 13185 2 2 13182
14644 1600 5 100000 14639 1 2 14632
11124 1600 5 100000 11121 2 2 11115
22807 1600 5 100000 22800 1 1 22799
18353 1600 5 100000 18355 3 3 18349
13604 1600 5 100000 13601 2 2 13595
11409 1600 5 100000 11405 1 1 11404
12124 1600 5 100000 12119 2 2 12118
10772 1600 5 100000 10768 1 1 10768
12562 1600 5 100000 12559 1 1 12559
13848 1600 5 100000 13843 1 1 13841
18735 1600 5 100000 18738 4 4 18731
19372 1600 5 100000 19365 1 1 19364
14213 1600 5 100000 14209 2 2 14198
13650 1600 5 100000 13647 2 2 13640
11582 1600 5 100000 11579 2 3 11572
12968 1600 5 100000 12962 1 1 12961
10864 1600 5 100000 10862 1 1 10862
11734 1600 5 100000 11731 1 1 11731
12160 1600 5 100000 12151 1 1 12149
9449 1600 5 100000 9444 1 1 9443
12368 1600 5 100000 12362 1 1 12361
11702 1600 5 100000 11703 2 2 11700
12688 1600 5 100000 12688 2 2 12684
18281 1600 5 100000 18280 1 1 18280
13776 1600 5 100000 13772 1 3 13766
14622 1600 5 100000 14616 1 1 14616
13131 1600 5 100000 13125 1 1 13124
17660 1600 5 100000 17659 3 4 17652
12771 1600 5 100000 12769 1 1 12769
10635 1600 5 100000 10629 1 1 10628
19469 1600 5 100000 19463 1 1 19461
9914 1600 5 100000 9913 1 1 9911
13793 1600 5 100000 13791 2 2 13791
18075 1600 5 100000 18072 1 1 18072
15059 1600 5 100000 15054 2 2 15047
20492 1600 5 100000 20486 2 2 20485
11353 1600 5 100000 11356 1 2 11350
12355 1600 5 100000 12350 1 1 12345
20911 1600 5 100000 20909 2 2 20909
11950 1600 5 100000 11946 1 2 11944
10315 1600 5 100000 10314 2 2 10308
12077 1600 5 100000 12074 1 1 12073
14976 1600 5 100000 14967 1 1 14965
12465 1600 5 100000 12469 2 2 12462
13098 1600 5 100000 13095 2 2 13094
12885 1600 5 100000 12886 2 2 12881
12450 1600 5 100000 12443 2 2 12441
17429 1600 5 100000 17427 2 2 17423
14514 1600 5 100000 14510 1 2 14499
12978 1600 5 100000 12977 3 3 12973
12366 1600 5 100000 12365 1 2 12363
20101 1600 5 100000 20099 2 2 20099
7770 1600 5 100000 7766 1 1 7765
15654 1600 5 100000 15652 2 2 15645
20926 1600 5 100000 20922 1 1 20921
12336 1600 5 100000 12319 1 1 12318
11708 1600 5 100000 11705 1 2 11698
9887 1600 5 100000 9884 1 1 9883
13564 1600 5 100000 13558 1 1 13557
8311 1600 5 100000 8306 2 2 8305
17351 1600 5 100000 17350 2 2 17349
13059 1600 5 100000 13057 1 1 13057
16194 1600 5 100000 16192 1 1 16192
14796 1600 5 100000 14795 1 1 14794
12450 1600 5 100000 12448 1 1 12448
12036 1600 5 100000 12036 1 2 12032
15086 1600 5 100000 15080 1 1 15078
13255 1600 5 100000 13256 2 2 13252
16885 1600 5 100000 16880 1 1 16880
22795 1600 5 100000 22792 1 1 22791
12401 1600 5 100000 12400 2 2 12393
16476 1600 5 100000 16475 2 2 16466
12856 1600 5 100000 12854 1 1 12853
14878 1600 5 100000 14877 1 2 14872
13775 1600 5 100000 13772 1 1 13772
19104 1600 5 100000 19100 1 1 19099
18208 1600 5 100000 18203 1 1 18202
14471 1600 5 100000 14468 1 1 14467
11776 1600 5 100000 11774 1 1 11773
11279 1600 5 100000 11275 1 1 11275
11499 1600 5 100000 11494 1 1 11493
15290 1600 5 100000 15286 1 1 15285
11689 1600 5 100000 11684 1 1 11683
18418 1600 5 100000 18416 2 2 18410
11104 1600 5 100000 11101 1 1 11101
11529 1600 5 100000 11527 1 1 11526
17318 1600 5 100000 17318 2 2 17312
17642 1600 5 100000 17640 2 2 17638
13695 1600 5 100000 13690 2 2 13689
16251 1600 5 100000 16246 1 1 16245
12109 1600 5 100000 12104 1 1 12104
14274 1600 5 100000 14273 1 4 14265
10491 1600 5 100000 10486 1 1 10485
16443 1600 5 100000 16441 2 2 16435
11066 1600 5 100000 11061 1 1 11060
10731 1600 5 100000 10725 1 1 10724
18182 1600 5 100000 18176 1 1 18175
14497 1600 5 100000 14493 2 2 14492
9366 1600 5 100000 9360 1 1 9359
15257 1600 5 100000 15255 1 1 15253
10477 1600 5 100000 10472 1 1 10470
12145 1600 5 100000 12144 1 1 12144
14311 1600 5 100000 14309 1 1 14308
14741 1600 5 100000 14737 1 2 14730
18715 1600 5 100000 18710 1 1 18709
10168 1600 5 100000 10163 1 1 10163
12266 1600 5 100000 12262 1 1 12261
11711 1600 5 100000 11708 1 1 11707
13253 1600 5 100000 13249 1 1 13248
10534 1600 5 100000 10533 1 1 10533
19662 1600 5 100000 19660 2 2 19656
18348 1600 5 100000 18344 1 1 18342
13184 1600 5 100000 13182 1 1 13182
9232 1600 5 100000 9231 1 1 9231
12920 1600 5 100000 12918 2 2 12918
18217 1600 5 100000 18212 1 1 18210
13213 1600 5 100000 13209 1 1 13209
16573 1600 5 100000 16571 1 1 16570
10299 1600 5 100000 10294 1 1 10294
9457 1600 5 100000 9454 2 2 9453
13945 1600 5 100000 13941 1 1 13941
12206 1600 5 100000 12210 1 2 12199
19194 1600 5 100000 19192 2 2 19186
10657 1600 5 100000 10652 1 1 10651
10335 1600 5 100000 10332 1 1 10331
18155 1600 5 100000 18149 2 3 18144
10613 1600 5 100000 10611 2 2 10611
13833 1600 5 100000 13830 3 3 13829
7415 1600 5 100000 7414 2 3 7411
12805 1600 5 100000 12800 1 1 12799
10765 1600 5 100000 10763 1 2 10760
11159 1600 5 100000 11157 2 2 11157
16980 1600 5 100000 16978 1 1 16978
9289 1600 5 100000 9288 2 2 9287
15894 1600 5 100000 15890 3 3 15885
8983 1600 5 100000 8979 1 1 8978
7780 1600 5 100000 7777 1 1 7776
8300 1600 5 100000 8296 2 2 8289
9666 1600 5 100000 9662 1 1 9661
10306 1600 5 100000 10304 2 2 10304
12234 1600 5 100000 12230 1 1 12229
20021 1600 5 100000 20015 1 1 20014
10008 1600 5 100000 10005 3 3 10002
12489 1600 5 100000 12485 1 1 12485
12303 1600 5 100000 12300 2 2 12299
10681 1600 5 100000 10680 1 1 10679
11913 1600 5 100000 11911 1 1 11911
