16953 1600 5 100000 16946 1 1 16944
14423 1600 5 100000 14423 2 3 14413
15054 1600 5 100000 15046 1 1 15044
14695 1600 5 100000 14686 2 2 14676
14108 1600 5 100000 14106 1 1 14106
14508 1600 5 100000 14501 1 1 14500
18357 1600 5 100000 18355 2 2 18354
13127 1600 5 100000 13124 3 3 13122
13093 1600 5 100000 13097 3 3 13090
18776 1600 5 100000 18769 1 2 18748
9968 1600 5 100000 9961 1 1 9961
16184 1600 5 100000 16180 1 1 16179
11376 1600 5 100000 11371 1 1 11369
13138 1600 5 100000 13128 1 1 13127
18990 1600 5 100000 18987 3 3 18980
12007 1600 5 100000 12002 1 1 12000
12833 1600 5 100000 12831 2 2 12825
12624 1600 5 100000 12619 1 1 12618
16162 1600 5 100000 16158 1 1 16157
11808 1600 5 100000 11806 1 1 11806
10339 1600 5 100000 10334 1 1 10333
18135 1600 5 100000 18142 2 2 18125
14914 1600 5 100000 14911 2 2 14904
12617 1600 5 100000 12613 1 1 12612
13736 1600 5 100000 13731 1 1 13730
10602 1600 5 100000 10597 3 3 10591
13402 1600 5 100000 13400 1 1 13400
18767 1600 5 100000 18759 1 1 18758
11419 1600 5 100000 11416 1 1 11416
13219 1600 5 100000 13213 2 3 13209
11535 1600 5 100000 11533 1 2 11525
21364 1600 5 100000 21361 1 1 21361
13874 1600 5 100000 13869 1 1 13868
10340 1600 5 100000 10327 2 3 10320
12724 1600 5 100000 12722 1 1 12721
18588 1600 5 100000 18587 2 2 18583
27273 1600 5 100000 27271 1 1 27270
12117 1600 5 100000 12116 1 1 12116
22831 1600 5 100000 22826 1 1 22824
13382 1600 5 100000 13381 1 1 13381
15324 1600 5 100000 15319 1 1 15318
16695 1600 5 100000 16692 1 1 16692
12897 1600 5 100000 12893 2 2 12886
11124 1600 5 100000 11121 1 1 11120
10871 1600 5 100000 10869 1 1 10868
14400 1600 5 100000 14398 1 2 14392
11158 1600 5 100000 11155 1 1 11155
10940 1600 5 100000 10939 2 2 10937
14154 1600 5 100000 14151 2 2 14143
18275 1600 5 100000 18270 1 1 18269
14141 1600 5 100000 14141 1 2 14135
13382 1600 5 100000 13379 1 1 13378
12680 1600 5 100000 12672 1 1 12670
22151 1600 5 100000 22146 1 1 22145
9499 1600 5 100000 9500 2 3 9494
15195 1600 5 100000 15191 1 1 15190
12765 1600 5 100000 12762 1 1 12761
9857 1600 5 100000 9852 1 1 9852
20611 1600 5 100000 20608 2 2 20601
14098 1600 5 100000 14094 1 1 14094
15125 1600 5 100000 15127 1 2 15120
16348 1600 5 100000 16346 1 1 16346
19506 1600 5 100000 19505 2 2 19498
10013 1600 5 100000 10012 2 2 10009
14948 1600 5 100000 14946 1 1 14946
18892 1600 5 100000 18890 2 2 18890
15262 1600 5 100000 15260 2 2 15258
12758 1600 5 100000 12757 1 1 12756
15434 1600 5 100000 15433 1 1 15432
11565 1600 5 100000 11559 1 1 11558
18806 1600 5 100000 18805 2 2 18799
10069 1600 5 100000 10067 1 1 10066
16275 1600 5 100000 16274 2 2 16267
9451 1600 5 100000 9446 1 1 9444
10278 1600 5 100000 10272 1 1 10271
18629 1600 5 100000 18625 1 1 18624
14193 1600 5 100000 14192 1 1 14192
12750 1600 5 100000 12747 2 2 12747
14530 1600 5 100000 14525 2 2 14524
12153 1600 5 100000 12149 1 1 12148
10794 1600 5 100000 10791 1 1 10790
10571 1600 5 100000 10569 1 1 10569
12284 1600 5 100000 12281 1 1 12280
11584 1600 5 100000 11579 1 1 11578
10437 1600 5 100000 10432 1 1 10431
17427 1600 5 100000 17420 1 1 17420
18487 1600 5 100000 18483 1 1 18482
16996 1600 5 100000 16994 2 2 16988
10180 1600 5 100000 10175 1 1 10173
17754 1600 5 100000 17747 1 1 17746
11478 1600 5 100000 11476 2 2 11475
11208 1600 5 100000 11207 1 1 11207
16661 1600 5 100000 16656 1 1 16655
14062 1600 5 100000 14060 2 2 14054
14013 1600 5 100000 14008 1 1 14007
14264 1600 5 100000 14258 1 1 14257
12908 1600 5 100000 12903 1 1 12902
14045 1600 5 100000 14040 1 1 14038
19331 1600 5 100000 19329 1 1 19329
11729 1600 5 100000 11725 1 1 11724
7850 1600 5 100000 7850 2 2 7845
12100 1600 5 100000 12096 1 1 12096
11599 1600 5 100000 11596 1 1 11595
11066 1600 5 100000 11064 1 1 11064
14977 1600 5 100000 14969 1 1 14968
20646 1600 5 100000 20639 1 1 20637
12925 1600 5 100000 12923 1 1 12922
14532 1600 5 100000 14531 3 3 14525
18484 1600 5 100000 18480 1 1 18479
18676 1600 5 100000 18673 2 2 18668
9426 1600 5 100000 9422 1 1 9421
9973 1600 5 100000 9969 1 1 9969
12497 1600 5 100000 12496 3 3 12491
14209 1600 5 100000 14206 1 2 14201
10276 1600 5 100000 10271 1 1 10270
10926 1600 5 100000 10922 1 1 10921
11894 1600 5 100000 11890 1 1 11889
12362 1600 5 100000 12358 1 1 12357
11847 1600 5 100000 11842 1 1 11842
9693 1600 5 100000 9689 1 1 9688
9916 1600 5 100000 9913 1 1 9912
11863 1600 5 100000 11858 2 2 11857
16800 1600 5 100000 16795 1 1 16795
16450 1600 5 100000 16446 1 1 16445
8038 1600 5 100000 8038 3 3 8033
17240 1600 5 100000 17237 1 1 17236
13501 1600 5 100000 13501 2 2 13495
11838 1600 5 100000 11833 1 1 11832
12595 1600 5 100000 12592 2 3 12586
8649 1600 5 100000 8647 1 1 8647
12629 1600 5 100000 12627 2 2 12621
11237 1600 5 100000 11233 1 1 11232
16594 1600 5 100000 16590 2 2 16589
9850 1600 5 100000 9852 1 2 9847
13276 1600 5 100000 13274 5 5 13267
11246 1600 5 100000 11243 3 3 11237
12022 1600 5 100000 12021 2 2 12015
9836 1600 5 100000 9831 1 1 9831
15824 1600 5 100000 15819 2 2 15818
8842 1600 5 100000 8838 1 1 8837
16129 1600 5 100000 16123 1 1 16122
14137 1600 5 100000 14134 2 2 14127
11190 1600 5 100000 11187 2 2 11180
15350 1600 5 100000 15348 3 3 15342
15062 1600 5 100000 15057 2 2 15056
7929 1600 5 100000 7928 1 1 7928
9074 1600 5 100000 9072 2 2 9063
9982 1600 5 100000 9979 2 3 9974
10086 1600 5 100000 10082 1 1 10082
14612 1600 5 100000 14610 2 2 14605
11346 1600 5 100000 11343 1 1 11343
13787 1600 5 100000 13784 1 1 13783
9386 1600 5 100000 9383 1 1 9382
16889 1600 5 100000 16890 2 2 16882
12151 1600 5 100000 12150 2 2 12147
13988 1600 5 100000 13985 1 1 13984
11923 1600 5 100000 11919 2 2 11919
6830 1600 5 100000 6829 1 1 6829
10341 1600 5 100000 10337 2 2 10337
15714 1600 5 100000 15710 1 1 15709
15980 1600 5 100000 15976 1 1 15974
8543 1600 5 100000 8541 2 2 8541
9015 1600 5 100000 9011 2 2 9011
16114 1600 5 100000 16110 1 1 16109
12568 1600 5 100000 12565 1 1 12564
12109 1600 5 100000 12109 2 2 12105
14819 1600 5 100000 14818 2 2 14814
10637 1600 5 100000 10635 1 1 10634
11457 1600 5 100000 11453 2 2 11452
10521 1600 5 100000 10521 2 2 10516
14196 1600 5 100000 14191 1 1 14191
16519 1600 5 100000 16519 2 2 16511
10486 1600 5 100000 10482 1 1 10482
15980 1600 5 100000 15978 1 1 15977
14191 1600 5 100000 14188 1 1 14188
11353 1600 5 100000 11350 2 2 11344
13361 1600 5 100000 13356 1 1 13354
10389 1600 5 100000 10386 1 1 10385
12179 1600 5 100000 12176 1 1 12175
11026 1600 5 100000 11023 1 1 11022
11263 1600 5 100000 11259 1 1 11259
8338 1600 5 100000 8336 1 1 8336
9804 1600 5 100000 9800 1 1 9800
18749 1600 5 100000 18748 2 2 18743
9603 1600 5 100000 9601 2 2 9595
11124 1600 5 100000 11121 1 1 11121
15641 1600 5 100000 15638 2 2 15637
15090 1600 5 100000 15086 2 2 15085
8271 1600 5 100000 8269 2 2 8264
11333 1600 5 100000 11327 1 1 11326
9913 1600 5 100000 9909 1 1 9908
10746 1600 5 100000 10740 1 1 10739
9710 1600 5 100000 9705 1 1 9705
11478 1600 5 100000 11478 2 3 11472
7399 1600 5 100000 7397 2 3 7392
12476 1600 5 100000 12472 1 1 12471
10732 1600 5 100000 10728 1 1 10728
12128 1600 5 100000 12125 2 2 12120
15444 1600 5 100000 15440 1 1 15440
10206 1600 5 100000 10204 2 2 10199
12353 1600 5 100000 12349 1 1 12349
15404 1600 5 100000 15403 3 3 15399
10996 1600 5 100000 10992 1 4 10988
16225 1600 5 100000 16220 1 1 16220
15051 1600 5 100000 15049 2 2 15045
10467 1600 5 100000 10466 2 2 10461
9431 1600 5 100000 9428 1 1 9428
9324 1600 5 100000 9321 2 2 9321
11582 1600 5 100000 11579 1 1 11579
17060 1600 5 100000 17059 2 2 17054
14501 1600 5 100000 14497 1 1 14497
20409 1600 5 100000 20407 2 2 20403
18434 1600 5 100000 18432 2 2 18427
18602 1600 5 100000 18597 1 1 18596
15426 1600 5 100000 15420 2 2 15419
10094 1600 5 100000 10090 1 1 10089
16026 1600 5 100000 16021 1 1 16020
15048 1600 5 100000 15045 2 2 15044
15711 1600 5 100000 15710 1 2 15704
14724 1600 5 100000 14721 1 1 14720
14870 1600 5 100000 14864 1 1 14863
13682 1600 5 100000 13678 1 1 13677
12296 1600 5 100000 12294 1 2 12289
11035 1600 5 100000 11032 2 2 11031
11937 1600 5 100000 11934 3 3 11933
10592 1600 5 100000 10588 1 1 10588
