20928 2025 5 100000 20923 3 3 20919
13776 2025 5 100000 13772 1 1 13772
12540 2025 5 100000 12536 1 1 12535
14209 2025 5 100000 14206 1 1 14206
10353 2025 5 100000 10350 1 1 10349
10812 2025 5 100000 10810 1 2 10806
14870 2025 5 100000 14866 1 1 14865
13021 2025 5 100000 13018 1 1 13017
11773 2025 5 100000 11770 1 1 11769
19060 2025 5 100000 19056 1 1 19055
13618 2025 5 100000 13614 2 2 13613
13790 2025 5 100000 13786 2 2 13786
16115 2025 5 100000 16112 3 3 16106
12340 2025 5 100000 12340 1 2 12335
17939 2025 5 100000 17934 1 1 17934
11334 2025 5 100000 11331 1 1 11330
11807 2025 5 100000 11803 1 1 11803
12748 2025 5 100000 12745 2 2 12744
13282 2025 5 100000 13281 2 2 13276
18465 2025 5 100000 18461 1 1 18460
15998 2025 5 100000 15995 2 2 15991
13255 2025 5 100000 13251 2 2 13247
18394 2025 5 100000 18391 2 2 18390
16949 2025 5 100000 16947 3 3 16942
16878 2025 5 100000 16873 1 1 16873
11674 2025 5 100000 11672 2 2 11666
22477 2025 5 100000 22471 1 1 22469
18687 2025 5 100000 18682 2 2 18677
14476 2025 5 100000 14465 2 3 14459
14538 2025 5 100000 14536 2 2 14529
21005 2025 5 100000 21002 2 2 20996
15975 2025 5 100000 15970 1 1 15969
14300 2025 5 100000 14296 1 1 14295
13336 2025 5 100000 13331 1 1 13330
21123 2025 5 100000 21119 1 1 21118
12039 2025 5 100000 12037 2 2 12032
11673 2025 5 100000 11669 1 1 11669
11289 2025 5 100000 11289 2 2 11284
15387 2025 5 100000 15383 1 1 15383
13295 2025 5 100000 13291 2 2 13290
16153 2025 5 100000 16149 2 2 16143
16673 2025 5 100000 16668 1 1 16668
16668 2025 5 100000 16664 1 1 16663
10820 2025 5 100000 10815 1 1 10814
12489 2025 5 100000 12485 1 1 12484
13312 2025 5 100000 13310 1 2 13305
14449 2025 5 100000 14445 1 1 14444
10213 2025 5 100000 10210 1 1 10204
11469 2025 5 100000 11467 2 2 11462
18416 2025 5 100000 18413 2 2 18413
19857 2025 5 100000 19853 1 1 19853
15231 2025 5 100000 15230 1 1 15225
11544 2025 5 100000 11541 2 2 11540
13187 2025 5 100000 13183 1 1 13182
22617 2025 5 100000 22613 1 1 22612
18054 2025 5 100000 18051 1 1 18047
15620 2025 5 100000 15617 2 2 15616
14636 2025 5 100000 14635 1 1 14630
12812 2025 5 100000 12809 2 2 12805
10559 2025 5 100000 10556 2 2 10555
16445 2025 5 100000 16440 1 1 16439
16027 2025 5 100000 16022 1 1 16015
16352 2025 5 100000 16347 2 3 16346
11415 2025 5 100000 11410 1 1 11409
14207 2025 5 100000 14205 1 1 14198
13876 2025 5 100000 13869 3 3 13868
15625 2025 5 100000 15620 1 1 15619
15797 2025 5 100000 15794 1 1 15793
15721 2025 5 100000 15717 1 1 15715
19537 2025 5 100000 19530 2 2 19529
11978 2025 5 100000 11973 1 1 11971
23992 2025 5 100000 23988 1 1 23987
13818 2025 5 100000 13811 1 1 13811
18568 2025 5 100000 18565 1 1 18559
15174 2025 5 100000 15170 2 2 15169
16280 2025 5 100000 16276 2 2 16270
11207 2025 5 100000 11202 2 2 11202
17060 2025 5 100000 17054 1 1 17053
19237 2025 5 100000 19242 1 1 19230
17612 2025 5 100000 17602 4 4 17601
23270 2025 5 100000 23265 1 1 23259
15256 2025 5 100000 15253 2 2 15251
16826 2025 5 100000 16815 1 1 16809
12266 2025 5 100000 12260 2 3 12260
16761 2025 5 100000 16758 1 1 16757
16108 2025 5 100000 16107 1 1 16107
12651 2025 5 100000 12649 1 1 12649
14621 2025 5 100000 14619 1 1 14619
17259 2025 5 100000 17255 2 2 17255
10480 2025 5 100000 10477 1 1 10476
12195 2025 5 100000 12194 1 1 12187
19682 2025 5 100000 19678 2 3 19677
23826 2025 5 100000 23825 1 1 23824
13605 2025 5 100000 13606 1 1 13601
13407 2025 5 100000 13406 2 2 13401
11831 2025 5 100000 11831 2 2 11830
11984 2025 5 100000 11983 2 2 11983
10039 2025 5 100000 10034 2 2 10033
20154 2025 5 100000 20150 1 1 20145
13658 2025 5 100000 13653 2 2 13652
12707 2025 5 100000 12704 1 1 12697
18762 2025 5 100000 18760 2 2 18759
13349 2025 5 100000 13344 1 1 13343
14031 2025 5 100000 14027 1 1 14027
11698 2025 5 100000 11693 2 2 11692
20207 2025 5 100000 20207 3 3 20201
15107 2025 5 100000 15102 2 2 15101
14940 2025 5 100000 14936 2 2 14931
12586 2025 5 100000 12580 2 2 12579
13682 2025 5 100000 13678 1 1 13676
11894 2025 5 100000 11890 1 1 11889
12980 2025 5 100000 12976 1 1 12975
14580 2025 5 100000 14575 1 1 14574
11879 2025 5 100000 11874 1 1 11873
14072 2025 5 100000 14069 2 2 14069
12504 2025 5 100000 12503 1 1 12498
13603 2025 5 100000 13605 2 2 13599
13643 2025 5 100000 13638 1 2 13638
12638 2025 5 100000 12632 2 2 12627
10804 2025 5 100000 10798 3 3 10797
25666 2025 5 100000 25660 1 1 25659
12547 2025 5 100000 12541 2 2 12540
15872 2025 5 100000 15868 1 1 15860
21197 2025 5 100000 21197 2 2 21191
20481 2025 5 100000 20475 2 2 20474
14545 2025 5 100000 14540 1 1 14538
14716 2025 5 100000 14711 1 1 14704
12897 2025 5 100000 12893 2 2 12891
13710 2025 5 100000 13707 1 1 13707
12837 2025 5 100000 12834 1 1 12833
27699 2025 5 100000 27693 1 2 27692
17927 2025 5 100000 17920 1 1 17919
11245 2025 5 100000 11244 2 2 11240
13926 2025 5 100000 13921 2 2 13919
19872 2025 5 100000 19870 1 1 19870
17486 2025 5 100000 17486 1 1 17481
12246 2025 5 100000 12245 2 2 12244
17078 2025 5 100000 17077 1 1 17077
12989 2025 5 100000 12980 1 1 12979
15982 2025 5 100000 15975 1 1 15974
14762 2025 5 100000 14756 1 1 14754
9840 2025 5 100000 9837 2 2 9833
17344 2025 5 100000 17334 2 3 17325
14663 2025 5 100000 14663 3 3 14656
20657 2025 5 100000 20654 2 2 20646
16554 2025 5 100000 16552 3 3 16552
10586 2025 5 100000 10584 2 2 10584
12755 2025 5 100000 12754 1 1 12753
19582 2025 5 100000 19578 1 1 19576
15111 2025 5 100000 15110 2 2 15110
15250 2025 5 100000 15247 1 1 15247
10299 2025 5 100000 10296 1 1 10296
22563 2025 5 100000 22565 1 1 22558
12288 2025 5 100000 12287 2 2 12287
23533 2025 5 100000 23528 1 1 23526
13737 2025 5 100000 13736 1 1 13736
21214 2025 5 100000 21210 2 2 21210
15841 2025 5 100000 15839 1 1 15839
14884 2025 5 100000 14882 1 1 14881
17626 2025 5 100000 17623 1 1 17616
17644 2025 5 100000 17646 2 2 17637
13511 2025 5 100000 13511 2 2 13505
24259 2025 5 100000 24256 2 2 24255
14659 2025 5 100000 14653 1 1 14651
18124 2025 5 100000 18121 1 1 18119
13384 2025 5 100000 13379 1 1 13378
20370 2025 5 100000 20365 1 1 20364
11675 2025 5 100000 11672 3 3 11666
20891 2025 5 100000 20887 1 2 20879
14010 2025 5 100000 14009 3 3 14009
14403 2025 5 100000 14400 1 1 14398
13931 2025 5 100000 13930 3 3 13930
19898 2025 5 100000 19892 1 1 19890
24248 2025 5 100000 24241 1 1 24239
18303 2025 5 100000 18301 1 1 18301
21826 2025 5 100000 21817 1 1 21815
17740 2025 5 100000 17737 1 1 17727
11703 2025 5 100000 11699 2 2 11699
24676 2025 5 100000 24673 1 1 24673
22919 2025 5 100000 22914 1 1 22908
19772 2025 5 100000 19765 2 2 19763
17939 2025 5 100000 17934 1 1 17925
15512 2025 5 100000 15508 4 4 15498
15201 2025 5 100000 15200 2 2 15200
18472 2025 5 100000 18465 1 1 18462
27308 2025 5 100000 27301 2 2 27300
15542 2025 5 100000 15541 1 1 15540
20900 2025 5 100000 20896 1 1 20895
18781 2025 5 100000 18778 2 2 18778
21353 2025 5 100000 21352 2 2 21344
20810 2025 5 100000 20808 2 2 20807
25587 2025 5 100000 25581 1 1 25573
18017 2025 5 100000 18014 2 2 18010
24599 2025 5 100000 24593 2 2 24591
23394 2025 5 100000 23389 1 1 23382
17452 2025 5 100000 17446 2 2 17437
14394 2025 5 100000 14388 2 2 14387
19368 2025 5 100000 19364 1 1 19355
16852 2025 5 100000 16853 2 2 16844
24540 2025 5 100000 24539 1 2 24533
20469 2025 5 100000 20466 3 3 20455
17755 2025 5 100000 17749 2 2 17740
11687 2025 5 100000 11684 2 2 11683
18054 2025 5 100000 18050 2 2 18048
15061 2025 5 100000 15056 3 3 15044
19243 2025 5 100000 19238 2 2 19230
20699 2025 5 100000 20695 3 3 20685
14105 2025 5 100000 14101 3 3 14096
18109 2025 5 100000 18103 2 2 18101
14040 2025 5 100000 14034 1 1 14033
12493 2025 5 100000 12493 1 1 12485
19830 2025 5 100000 19825 3 3 19816
14347 2025 5 100000 14342 3 3 14341
13604 2025 5 100000 13598 1 1 13596
17416 2025 5 100000 17413 2 2 17412
16414 2025 5 100000 16415 1 1 16407
14103 2025 5 100000 14099 1 3 14098
13507 2025 5 100000 13503 2 2 13503
17375 2025 5 100000 17375 1 1 17367
18287 2025 5 100000 18276 1 2 18275
17942 2025 5 100000 17937 1 1 17930
