21850 2025 5 100000 21846 1 1 21845
17589 2025 5 100000 17585 1 1 17583
13329 2025 5 100000 13325 1 1 13324
13741 2025 5 100000 13737 3 3 13731
18238 2025 5 100000 18237 1 1 18236
12573 2025 5 100000 12569 2 2 12562
17999 2025 5 100000 17997 2 2 17989
24639 2025 5 100000 24635 2 2 24634
17279 2025 5 100000 17273 2 2 17271
12027 2025 5 100000 12021 1 1 12020
22945 2025 5 100000 22944 1 1 22943
18277 2025 5 100000 18274 1 1 18272
16301 2025 5 100000 16296 2 2 16285
12267 2025 5 100000 12264 1 1 12263
15917 2025 5 100000 15911 3 3 15907
12641 2025 5 100000 12646 2 2 12635
17431 2025 5 100000 17428 1 1 17428
12997 2025 5 100000 12992 1 1 12991
20731 2025 5 100000 20726 1 1 20725
13466 2025 5 100000 13461 1 1 13460
14489 2025 5 100000 14483 1 1 14481
12765 2025 5 100000 12762 3 3 12756
17975 2025 5 100000 17970 2 2 17968
12982 2025 5 100000 12980 2 2 12975
13635 2025 5 100000 13631 1 1 13630
12786 2025 5 100000 12781 1 1 12780
12755 2025 5 100000 12752 1 1 12751
13244 2025 5 100000 13239 1 1 13238
15521 2025 5 100000 15518 2 2 15512
20117 2025 5 100000 20110 2 2 20109
19306 2025 5 100000 19301 1 1 19301
20415 2025 5 100000 20412 1 1 20412
16858 2025 5 100000 16854 1 1 16853
16086 2025 5 100000 16083 1 1 16082
10313 2025 5 100000 10309 1 1 10308
10959 2025 5 100000 10958 1 1 10957
10887 2025 5 100000 10883 1 1 10882
17436 2025 5 100000 17433 1 1 17431
15910 2025 5 100000 15908 2 2 15904
11971 2025 5 100000 11969 1 1 11968
12314 2025 5 100000 12311 2 2 12310
12634 2025 5 100000 12629 1 1 12628
15632 2025 5 100000 15627 1 1 15626
21162 2025 5 100000 21157 1 1 21156
11696 2025 5 100000 11691 1 1 11691
14264 2025 5 100000 14261 1 1 14260
12425 2025 5 100000 12422 1 1 12422
22788 2025 5 100000 22787 2 2 22780
23287 2025 5 100000 23283 1 1 23282
14021 2025 5 100000 14021 3 3 14016
13853 2025 5 100000 13848 2 2 13847
15884 2025 5 100000 15879 2 2 15873
18465 2025 5 100000 18459 1 1 18458
13362 2025 5 100000 13359 3 3 13358
14989 2025 5 100000 14976 1 1 14971
12906 2025 5 100000 12902 1 1 12901
13212 2025 5 100000 13207 3 4 13207
14488 2025 5 100000 14484 1 1 14478
18445 2025 5 100000 18437 1 1 18431
19437 2025 5 100000 19435 2 2 19435
19925 2025 5 100000 19920 2 2 19920
11638 2025 5 100000 11632 1 1 11632
10305 2025 5 100000 10299 1 1 10298
22023 2025 5 100000 22022 1 1 22016
14064 2025 5 100000 14066 1 1 14058
17800 2025 5 100000 17797 2 2 17794
13393 2025 5 100000 13389 4 4 13387
14345 2025 5 100000 14343 2 2 14343
13547 2025 5 100000 13546 1 1 13545
24983 2025 5 100000 24976 1 1 24975
19852 2025 5 100000 19849 1 1 19849
16143 2025 5 100000 16143 1 1 16136
12974 2025 5 100000 12973 1 1 12972
14726 2025 5 100000 14727 2 2 14720
14509 2025 5 100000 14511 2 2 14504
20057 2025 5 100000 20052 3 3 20051
13093 2025 5 100000 13090 2 2 13089
17411 2025 5 100000 17409 1 1 17403
17300 2025 5 100000 17295 1 1 17294
17806 2025 5 100000 17804 3 3 17804
14494 2025 5 100000 14487 1 1 14486
10633 2025 5 100000 10632 2 2 10632
14626 2025 5 100000 14622 1 1 14619
24555 2025 5 100000 24552 1 1 24551
16307 2025 5 100000 16305 3 3 16304
14797 2025 5 100000 14790 1 1 14789
21057 2025 5 100000 21056 2 2 21056
16895 2025 5 100000 16888 1 1 16887
13728 2025 5 100000 13721 2 2 13720
16120 2025 5 100000 16112 1 1 16110
14931 2025 5 100000 14924 1 1 14923
14966 2025 5 100000 14963 2 2 14962
21863 2025 5 100000 21860 1 1 21860
13266 2025 5 100000 13266 1 1 13258
20837 2025 5 100000 20830 1 1 20829
21369 2025 5 100000 21363 1 2 21362
12024 2025 5 100000 12025 1 1 12020
12210 2025 5 100000 12205 1 1 12203
13024 2025 5 100000 13023 2 2 13022
11754 2025 5 100000 11751 2 2 11746
14444 2025 5 100000 14440 1 1 14440
19970 2025 5 100000 19967 3 3 19966
11783 2025 5 100000 11779 1 1 11778
13287 2025 5 100000 13285 2 2 13284
12797 2025 5 100000 12797 1 1 12789
18802 2025 5 100000 18798 1 1 18797
25581 2025 5 100000 25576 3 3 25576
17666 2025 5 100000 17660 1 1 17659
16090 2025 5 100000 16089 1 1 16088
24707 2025 5 100000 24701 2 2 24700
14020 2025 5 100000 14017 1 1 14012
14751 2025 5 100000 14748 1 1 14743
14255 2025 5 100000 14253 1 2 14253
21998 2025 5 100000 21993 2 2 21985
18465 2025 5 100000 18463 2 2 18463
16271 2025 5 100000 16267 2 2 16265
24103 2025 5 100000 24099 1 1 24090
17276 2025 5 100000 17269 2 2 17267
13128 2025 5 100000 13122 3 3 13121
19419 2025 5 100000 19413 1 1 19411
16348 2025 5 100000 16341 2 2 16340
16389 2025 5 100000 16385 1 1 16384
15214 2025 5 100000 15205 1 1 15204
18174 2025 5 100000 18167 1 1 18165
15957 2025 5 100000 15953 1 1 15952
20024 2025 5 100000 20021 1 1 20020
19391 2025 5 100000 19389 2 2 19388
25686 2025 5 100000 25677 2 2 25669
16852 2025 5 100000 16854 1 1 16848
26228 2025 5 100000 26220 2 2 26218
12836 2025 5 100000 12832 3 3 12832
17058 2025 5 100000 17055 1 1 17054
17816 2025 5 100000 17808 2 2 17805
18347 2025 5 100000 18345 1 1 18344
12496 2025 5 100000 12494 2 2 12494
16859 2025 5 100000 16857 2 2 16857
16333 2025 5 100000 16331 1 1 16331
12744 2025 5 100000 12738 1 1 12737
21632 2025 5 100000 21631 1 1 21624
18881 2025 5 100000 18881 1 1 18873
18265 2025 5 100000 18260 2 2 18250
19389 2025 5 100000 19383 3 3 19381
24876 2025 5 100000 24871 2 2 24870
15102 2025 5 100000 15097 2 2 15096
15950 2025 5 100000 15946 2 2 15945
20197 2025 5 100000 20196 2 2 20186
24284 2025 5 100000 24277 1 1 24275
14784 2025 5 100000 14782 2 2 14774
19135 2025 5 100000 19129 1 1 19127
17391 2025 5 100000 17388 1 3 17386
24424 2025 5 100000 24422 3 3 24411
16103 2025 5 100000 16095 2 2 16092
16169 2025 5 100000 16167 2 2 16166
18702 2025 5 100000 18700 1 1 18700
14780 2025 5 100000 14774 2 2 14773
17983 2025 5 100000 17980 1 1 17979
24996 2025 5 100000 24989 1 1 24982
15779 2025 5 100000 15775 2 2 15775
14063 2025 5 100000 14062 2 2 14062
14593 2025 5 100000 14591 1 1 14587
13878 2025 5 100000 13873 1 1 13865
12707 2025 5 100000 12709 2 2 12704
20592 2025 5 100000 20584 2 2 20582
12626 2025 5 100000 12625 3 3 12625
16735 2025 5 100000 16736 2 2 16730
18341 2025 5 100000 18333 2 2 18331
15327 2025 5 100000 15325 2 2 15321
14339 2025 5 100000 14340 2 2 14333
16701 2025 5 100000 16695 4 4 16694
25625 2025 5 100000 25622 2 2 25621
16464 2025 5 100000 16459 1 1 16452
23753 2025 5 100000 23750 1 1 23746
15157 2025 5 100000 15153 2 2 15147
16293 2025 5 100000 16285 2 2 16284
17468 2025 5 100000 17465 1 2 17464
15837 2025 5 100000 15834 2 2 15834
16748 2025 5 100000 16743 1 1 16736
16419 2025 5 100000 16420 1 1 16414
16053 2025 5 100000 16049 3 3 16043
17315 2025 5 100000 17308 2 2 17306
13434 2025 5 100000 13429 3 3 13422
22945 2025 5 100000 22944 1 1 22943
22389 2025 5 100000 22385 5 5 22384
12054 2025 5 100000 12053 1 1 12052
18192 2025 5 100000 18190 1 1 18190
25589 2025 5 100000 25588 1 1 25581
24656 2025 5 100000 24650 1 1 24649
13874 2025 5 100000 13870 2 2 13864
13079 2025 5 100000 13077 1 1 13077
32897 2025 5 100000 32896 2 2 32890
29047 2025 5 100000 29045 1 1 29045
17186 2025 5 100000 17185 2 2 17185
10474 2025 5 100000 10467 1 1 10467
11811 2025 5 100000 11812 1 1 11805
16163 2025 5 100000 16161 1 1 16157
15004 2025 5 100000 14999 2 2 14997
10863 2025 5 100000 10854 2 2 10853
23424 2025 5 100000 23419 1 1 23417
11244 2025 5 100000 11246 1 1 11238
20964 2025 5 100000 20962 1 1 20962
15721 2025 5 100000 15715 2 2 15715
21754 2025 5 100000 21751 2 2 21747
19320 2025 5 100000 19315 1 1 19314
14447 2025 5 100000 14445 2 2 14438
15474 2025 5 100000 15470 1 1 15469
15351 2025 5 100000 15345 2 2 15334
17160 2025 5 100000 17158 1 1 17152
19422 2025 5 100000 19416 2 2 19415
16087 2025 5 100000 16084 3 3 16080
12605 2025 5 100000 12598 2 2 12597
18104 2025 5 100000 18098 2 2 18097
16772 2025 5 100000 16769 1 1 16769
16645 2025 5 100000 16639 1 1 16637
18773 2025 5 100000 18770 1 1 18763
19932 2025 5 100000 19929 1 1 19923
14048 2025 5 100000 14046 1 2 14046
16447 2025 5 100000 16439 2 2 16432
14220 2025 5 100000 14219 1 1 14212
13244 2025 5 100000 13238 5 5 13237
14088 2025 5 100000 14087 2 2 14080
25862 2025 5 100000 25859 1 1 25858
