18336 2025 5 100000 18332 2 2 18324
25885 2025 5 100000 25881 1 1 25880
13955 2025 5 100000 13949 2 2 13947
15749 2025 5 100000 15746 1 1 15745
14725 2025 5 100000 14720 2 2 14719
17763 2025 5 100000 17762 2 2 17758
15448 2025 5 100000 15441 1 1 15440
14604 2025 5 100000 14597 2 2 14596
18392 2025 5 100000 18390 2 2 18388
23661 2025 5 100000 23654 1 1 23653
14300 2025 5 100000 14294 2 2 14288
14594 2025 5 100000 14589 2 2 14581
13661 2025 5 100000 13658 1 1 13658
15832 2025 5 100000 15835 1 2 15827
14893 2025 5 100000 14888 1 3 14888
20499 2025 5 100000 20498 2 2 20497
23220 2025 5 100000 23216 1 1 23214
13828 2025 5 100000 13822 1 1 13820
16623 2025 5 100000 16623 2 2 16615
17972 2025 5 100000 17967 2 2 17960
12769 2025 5 100000 12766 2 2 12766
14648 2025 5 100000 14645 1 1 14645
14951 2025 5 100000 14948 1 1 14948
15971 2025 5 100000 15968 1 1 15967
17055 2025 5 100000 17052 1 1 17052
14930 2025 5 100000 14930 2 3 14921
22278 2025 5 100000 22274 2 2 22272
9256 2025 5 100000 9255 2 2 9255
16498 2025 5 100000 16494 2 2 16487
25671 2025 5 100000 25668 2 2 25667
13373 2025 5 100000 13371 1 1 13370
26168 2025 5 100000 26166 1 1 26165
13751 2025 5 100000 13745 1 1 13744
16709 2025 5 100000 16707 1 1 16707
13207 2025 5 100000 13205 1 1 13205
15984 2025 5 100000 15979 2 2 15978
21769 2025 5 100000 21765 1 1 21764
24488 2025 5 100000 24485 1 1 24484
21074 2025 5 100000 21068 2 2 21066
16096 2025 5 100000 16098 2 3 16092
21020 2025 5 100000 21016 3 3 21010
14637 2025 5 100000 14631 1 1 14630
15372 2025 5 100000 15365 1 1 15365
11757 2025 5 100000 11755 1 1 11754
16442 2025 5 100000 16439 2 2 16431
16710 2025 5 100000 16707 1 1 16707
11638 2025 5 100000 11633 2 2 11631
21466 2025 5 100000 21465 1 1 21464
12075 2025 5 100000 12073 1 1 12072
15701 2025 5 100000 15699 1 2 15691
15805 2025 5 100000 15805 2 2 15798
13998 2025 5 100000 13991 2 2 13990
17609 2025 5 100000 17606 2 2 17600
12345 2025 5 100000 12343 3 3 12337
9812 2025 5 100000 9811 2 2 9810
12955 2025 5 100000 12949 1 1 12948
15928 2025 5 100000 15919 1 1 15916
16394 2025 5 100000 16388 1 1 16386
15664 2025 5 100000 15658 2 2 15656
21963 2025 5 100000 21961 1 1 21961
18053 2025 5 100000 18049 2 2 18042
19901 2025 5 100000 19898 2 2 19894
17132 2025 5 100000 17130 3 3 17130
26764 2025 5 100000 26762 1 1 26761
16486 2025 5 100000 16483 1 1 16480
18855 2025 5 100000 18852 2 2 18852
27696 2025 5 100000 27691 2 2 27691
15207 2025 5 100000 15204 1 1 15203
15253 2025 5 100000 15251 2 2 15251
14264 2025 5 100000 14261 2 2 14260
16010 2025 5 100000 16006 1 1 16005
29361 2025 5 100000 29355 1 1 29353
16140 2025 5 100000 16133 1 1 16132
19662 2025 5 100000 19659 1 1 19659
17014 2025 5 100000 17012 1 1 17012
15756 2025 5 100000 15750 1 1 15748
19256 2025 5 100000 19253 1 1 19251
16171 2025 5 100000 16166 1 1 16166
22659 2025 5 100000 22655 1 1 22655
18687 2025 5 100000 18685 1 1 18685
22204 2025 5 100000 22202 2 2 22202
26203 2025 5 100000 26198 1 1 26194
16788 2025 5 100000 16780 2 2 16778
18044 2025 5 100000 18037 1 1 18036
20629 2025 5 100000 20623 1 1 20621
14634 2025 5 100000 14629 1 1 14629
11523 2025 5 100000 11521 1 1 11521
16563 2025 5 100000 16561 1 1 16560
23913 2025 5 100000 23908 1 1 23900
14638 2025 5 100000 14627 2 2 14626
15801 2025 5 100000 15798 1 1 15797
25254 2025 5 100000 25251 1 1 25246
20375 2025 5 100000 20369 2 2 20369
16627 2025 5 100000 16624 2 2 16624
17487 2025 5 100000 17482 1 1 17482
22084 2025 5 100000 22062 1 1 22061
14749 2025 5 100000 14752 1 1 14744
32173 2025 5 100000 32166 2 2 32165
25480 2025 5 100000 25476 1 1 25467
16423 2025 5 100000 16419 3 3 16418
15645 2025 5 100000 15636 1 1 15628
18707 2025 5 100000 18705 1 4 18703
19773 2025 5 100000 19771 1 1 19770
16142 2025 5 100000 16138 2 2 16132
14548 2025 5 100000 14542 2 2 14541
19228 2025 5 100000 19223 1 1 19222
16785 2025 5 100000 16790 1 1 16777
15089 2025 5 100000 15084 2 2 15082
12471 2025 5 100000 12470 1 1 12469
12897 2025 5 100000 12895 1 1 12891
13353 2025 5 100000 13347 1 2 13346
15158 2025 5 100000 15157 1 1 15156
13284 2025 5 100000 13281 1 1 13280
18622 2025 5 100000 18618 2 2 18610
16863 2025 5 100000 16859 2 2 16851
14722 2025 5 100000 14722 2 2 14716
13770 2025 5 100000 13767 4 4 13767
14827 2025 5 100000 14821 1 1 14820
12542 2025 5 100000 12541 2 2 12541
17153 2025 5 100000 17148 2 2 17139
13862 2025 5 100000 13857 2 2 13856
19331 2025 5 100000 19328 1 1 19327
15398 2025 5 100000 15391 1 1 15390
12016 2025 5 100000 12012 1 1 12010
14646 2025 5 100000 14640 1 1 14639
16723 2025 5 100000 16720 2 2 16720
21056 2025 5 100000 21055 2 2 21054
14309 2025 5 100000 14304 1 1 14302
17039 2025 5 100000 17032 2 2 17031
16653 2025 5 100000 16650 2 2 16649
15955 2025 5 100000 15952 2 2 15951
17577 2025 5 100000 17572 1 1 17571
21578 2025 5 100000 21571 1 1 21570
24628 2025 5 100000 24626 1 1 24625
15676 2025 5 100000 15674 2 2 15673
16525 2025 5 100000 16523 1 1 16523
14146 2025 5 100000 14144 2 2 14138
15126 2025 5 100000 15124 1 1 15117
17056 2025 5 100000 17054 5 5 17054
14266 2025 5 100000 14261 2 2 14260
13238 2025 5 100000 13239 1 1 13231
16447 2025 5 100000 16462 1 1 16442
17442 2025 5 100000 17439 1 2 17438
18767 2025 5 100000 18760 2 2 18759
13280 2025 5 100000 13280 1 1 13275
18283 2025 5 100000 18282 2 2 18270
18042 2025 5 100000 18035 2 2 18025
26713 2025 5 100000 26710 2 3 26710
15443 2025 5 100000 15439 2 2 15438
33385 2025 5 100000 33382 1 1 33381
23228 2025 5 100000 23222 1 1 23214
15209 2025 5 100000 15212 1 1 15203
14473 2025 5 100000 14470 2 2 14470
16584 2025 5 100000 16582 2 2 16582
12001 2025 5 100000 12001 1 1 11996
16124 2025 5 100000 16120 2 2 16114
21937 2025 5 100000 21936 2 2 21935
19955 2025 5 100000 19939 2 2 19937
14008 2025 5 100000 14006 1 1 14002
14662 2025 5 100000 14659 1 1 14658
14752 2025 5 100000 14749 2 2 14748
14318 2025 5 100000 14319 1 1 14313
17853 2025 5 100000 17852 1 1 17845
17119 2025 5 100000 17120 3 3 17114
13633 2025 5 100000 13628 3 3 13627
10602 2025 5 100000 10598 1 2 10598
22192 2025 5 100000 22190 1 1 22190
15815 2025 5 100000 15811 1 1 15809
15199 2025 5 100000 15195 1 1 15194
20210 2025 5 100000 20207 1 1 20206
13627 2025 5 100000 13622 2 2 13621
22033 2025 5 100000 22030 1 1 22029
14005 2025 5 100000 14000 2 2 13995
14737 2025 5 100000 14733 1 1 14732
14133 2025 5 100000 14130 2 2 14130
11170 2025 5 100000 11169 1 1 11169
15284 2025 5 100000 15283 2 2 15283
16004 2025 5 100000 16000 1 1 15999
14893 2025 5 100000 14892 1 1 14887
13202 2025 5 100000 13198 2 2 13197
16065 2025 5 100000 16062 2 2 16061
13339 2025 5 100000 13336 2 2 13335
14540 2025 5 100000 14537 1 1 14537
13331 2025 5 100000 13326 1 1 13325
12925 2025 5 100000 12922 1 1 12921
22672 2025 5 100000 22669 1 1 22669
19194 2025 5 100000 19192 1 1 19187
11720 2025 5 100000 11716 1 1 11715
12066 2025 5 100000 12065 3 3 12064
14380 2025 5 100000 14377 1 1 14377
12897 2025 5 100000 12896 1 1 12896
12682 2025 5 100000 12680 2 2 12680
13338 2025 5 100000 13337 1 1 13336
12886 2025 5 100000 12883 1 1 12883
12400 2025 5 100000 12397 2 2 12397
14545 2025 5 100000 14541 1 1 14541
11866 2025 5 100000 11861 2 2 11861
13999 2025 5 100000 13996 1 1 13995
14605 2025 5 100000 14601 1 1 14600
18967 2025 5 100000 18963 2 2 18962
13293 2025 5 100000 13292 1 1 13288
24856 2025 5 100000 24848 1 1 24846
11686 2025 5 100000 11684 1 2 11684
14808 2025 5 100000 14806 1 1 14806
12897 2025 5 100000 12895 1 1 12895
11800 2025 5 100000 11799 2 2 11798
14803 2025 5 100000 14799 1 1 14793
11570 2025 5 100000 11568 1 1 11566
17831 2025 5 100000 17829 2 2 17828
10891 2025 5 100000 10886 1 3 10886
11320 2025 5 100000 11318 3 3 11318
16342 2025 5 100000 16337 1 1 16337
15052 2025 5 100000 15049 2 2 15043
11184 2025 5 100000 11181 1 1 11178
19481 2025 5 100000 19476 3 3 19475
30686 2025 5 100000 30683 2 2 30679
21413 2025 5 100000 21410 1 1 21409
12681 2025 5 100000 12680 3 3 12680
10889 2025 5 100000 10886 1 1 10886
16174 2025 5 100000 16174 1 1 16173
20299 2025 5 100000 20297 1 1 20296
11363 2025 5 100000 11355 1 1 11353
