18867 2025 5 100000 18862 2 2 18861
27599 2025 5 100000 27597 1 1 27596
16384 2025 5 100000 16382 1 2 16380
17710 2025 5 100000 17708 2 2 17700
25184 2025 5 100000 25178 1 1 25176
26159 2025 5 100000 26159 3 3 26153
16350 2025 5 100000 16350 2 2 16344
17225 2025 5 100000 17222 2 2 17212
15077 2025 5 100000 15074 1 1 15073
16604 2025 5 100000 16597 1 1 16595
15379 2025 5 100000 15372 1 1 15371
16432 2025 5 100000 16427 2 2 16427
23062 2025 5 100000 23060 1 1 23060
27248 2025 5 100000 27243 1 1 27241
24780 2025 5 100000 24772 1 1 24770
24777 2025 5 100000 24771 1 1 24769
17864 2025 5 100000 17860 2 2 17859
17798 2025 5 100000 17792 1 1 17790
17165 2025 5 100000 17162 1 1 17162
12597 2025 5 100000 12596 4 4 12596
21906 2025 5 100000 21900 2 2 21892
16267 2025 5 100000 16261 2 2 16260
22225 2025 5 100000 22219 2 2 22217
27505 2025 5 100000 27499 1 1 27497
18010 2025 5 100000 18000 1 1 17998
19516 2025 5 100000 19511 1 2 19503
19404 2025 5 100000 19397 1 1 19395
19796 2025 5 100000 19791 2 2 19781
16569 2025 5 100000 16563 1 1 16562
28188 2025 5 100000 28184 2 2 28178
15253 2025 5 100000 15247 1 1 15246
29312 2025 5 100000 29308 2 2 29308
23965 2025 5 100000 23961 2 2 23955
21636 2025 5 100000 21635 1 1 21633
16161 2025 5 100000 16158 2 2 16155
17393 2025 5 100000 17387 1 1 17385
11483 2025 5 100000 11480 1 1 11480
19634 2025 5 100000 19631 2 2 19631
17579 2025 5 100000 17571 3 3 17564
17226 2025 5 100000 17223 2 2 17222
23686 2025 5 100000 23684 2 2 23681
15223 2025 5 100000 15218 1 1 15216
16772 2025 5 100000 16770 2 2 16765
15305 2025 5 100000 15302 1 1 15301
16607 2025 5 100000 16599 3 3 16592
17962 2025 5 100000 17958 2 2 17957
17406 2025 5 100000 17405 1 1 17405
18159 2025 5 100000 18159 2 2 18150
21377 2025 5 100000 21376 1 1 21376
19158 2025 5 100000 19158 2 2 19152
16633 2025 5 100000 16631 2 2 16622
13029 2025 5 100000 13024 2 2 13023
16658 2025 5 100000 16658 2 2 16653
19134 2025 5 100000 19126 1 1 19123
13753 2025 5 100000 13748 3 3 13747
13890 2025 5 100000 13885 1 1 13884
15460 2025 5 100000 15455 1 1 15454
25206 2025 5 100000 25203 1 1 25201
12797 2025 5 100000 12792 2 2 12792
16490 2025 5 100000 16491 2 2 16485
12481 2025 5 100000 12478 1 1 12478
18341 2025 5 100000 18339 2 2 18339
15650 2025 5 100000 15647 4 4 15645
13221 2025 5 100000 13218 3 3 13213
15641 2025 5 100000 15635 1 1 15634
15465 2025 5 100000 15464 1 1 15463
14207 2025 5 100000 14207 2 2 14200
11517 2025 5 100000 11515 1 1 11514
13934 2025 5 100000 13929 1 1 13928
21147 2025 5 100000 21143 3 3 21140
12294 2025 5 100000 12292 1 2 12291
23416 2025 5 100000 23410 1 1 23410
18860 2025 5 100000 18854 1 1 18852
15028 2025 5 100000 15026 2 2 15019
15421 2025 5 100000 15417 1 1 15417
14763 2025 5 100000 14759 1 1 14758
16531 2025 5 100000 16526 1 1 16525
18393 2025 5 100000 18389 1 1 18388
14795 2025 5 100000 14789 2 2 14789
15419 2025 5 100000 15416 2 2 15414
14142 2025 5 100000 14139 2 2 14133
23974 2025 5 100000 23971 1 1 23970
16307 2025 5 100000 16303 1 1 16302
15894 2025 5 100000 15892 1 1 15892
15303 2025 5 100000 15302 2 2 15302
18002 2025 5 100000 18001 1 1 18000
17715 2025 5 100000 17712 2 2 17712
13296 2025 5 100000 13294 2 2 13292
10465 2025 5 100000 10462 1 1 10461
14593 2025 5 100000 14591 3 3 14591
20589 2025 5 100000 20583 1 1 20581
14767 2025 5 100000 14766 3 3 14764
25528 2025 5 100000 25524 2 2 25517
21936 2025 5 100000 21930 2 2 21929
14049 2025 5 100000 14046 1 1 14046
14914 2025 5 100000 14911 3 3 14904
17502 2025 5 100000 17499 1 1 17499
20587 2025 5 100000 20582 2 2 20574
18123 2025 5 100000 18118 1 1 18117
14396 2025 5 100000 14390 1 1 14389
14726 2025 5 100000 14724 2 2 14717
13292 2025 5 100000 13288 3 3 13287
25692 2025 5 100000 25689 1 1 25689
16131 2025 5 100000 16130 2 2 16128
17791 2025 5 100000 17786 1 1 17784
21661 2025 5 100000 21657 1 1 21657
11943 2025 5 100000 11942 3 3 11936
14841 2025 5 100000 14836 1 1 14836
10138 2025 5 100000 10133 2 2 10133
25079 2025 5 100000 25076 2 2 25071
10484 2025 5 100000 10474 3 4 10467
14374 2025 5 100000 14368 2 2 14367
14744 2025 5 100000 14740 2 2 14734
20966 2025 5 100000 20962 2 2 20956
13843 2025 5 100000 13836 2 2 13834
12114 2025 5 100000 12111 1 1 12111
13151 2025 5 100000 13149 3 3 13149
14301 2025 5 100000 14300 3 3 14295
12988 2025 5 100000 12983 1 1 12982
21284 2025 5 100000 21280 1 1 21279
12189 2025 5 100000 12185 1 1 12185
17049 2025 5 100000 17046 3 3 17041
12694 2025 5 100000 12689 2 2 12689
17746 2025 5 100000 17742 2 2 17740
12927 2025 5 100000 12922 1 1 12921
14476 2025 5 100000 14473 2 2 14468
19089 2025 5 100000 19082 1 1 19080
13216 2025 5 100000 13214 1 1 13214
14533 2025 5 100000 14529 1 1 14529
9498 2025 5 100000 9494 1 2 9493
15909 2025 5 100000 15905 2 2 15904
19310 2025 5 100000 19306 1 1 19305
14142 2025 5 100000 14129 2 3 14123
10291 2025 5 100000 10289 1 1 10288
13054 2025 5 100000 13050 2 2 13050
12135 2025 5 100000 12134 2 2 12130
13287 2025 5 100000 13285 1 2 13280
23201 2025 5 100000 23196 1 1 23195
15474 2025 5 100000 15470 3 3 15470
12688 2025 5 100000 12687 1 3 12681
11041 2025 5 100000 11040 2 2 11035
17290 2025 5 100000 17288 3 3 17283
13376 2025 5 100000 13371 1 1 13371
9628 2025 5 100000 9624 1 1 9624
15016 2025 5 100000 15015 1 1 15014
12878 2025 5 100000 12877 2 4 12873
19165 2025 5 100000 19161 1 1 19160
13607 2025 5 100000 13604 1 1 13604
14520 2025 5 100000 14514 1 1 14513
16121 2025 5 100000 16118 2 2 16116
27684 2025 5 100000 27680 2 2 27679
22212 2025 5 100000 22209 3 3 22202
19586 2025 5 100000 19583 2 2 19578
17968 2025 5 100000 17964 1 1 17963
10489 2025 5 100000 10482 1 4 10475
16254 2025 5 100000 16250 2 2 16246
12025 2025 5 100000 12022 1 1 12021
13296 2025 5 100000 13292 1 1 13292
15454 2025 5 100000 15452 1 2 15447
14116 2025 5 100000 14115 3 3 14111
19612 2025 5 100000 19608 2 2 19607
15711 2025 5 100000 15707 1 1 15706
10952 2025 5 100000 10951 1 1 10951
15677 2025 5 100000 15674 1 1 15673
15995 2025 5 100000 15992 3 3 15988
13068 2025 5 100000 13065 2 2 13064
18106 2025 5 100000 18103 1 1 18102
15166 2025 5 100000 15163 1 1 15162
11975 2025 5 100000 11972 2 2 11968
12801 2025 5 100000 12798 2 2 12797
14321 2025 5 100000 14318 3 3 14313
11321 2025 5 100000 11316 1 1 11316
13128 2025 5 100000 13125 1 1 13124
14077 2025 5 100000 14074 1 1 14074
13359 2025 5 100000 13357 2 2 13356
16463 2025 5 100000 16459 1 1 16457
12074 2025 5 100000 12071 1 1 12070
12424 2025 5 100000 12420 1 1 12420
14584 2025 5 100000 14580 3 3 14579
14894 2025 5 100000 14891 1 1 14890
11897 2025 5 100000 11893 1 1 11892
11312 2025 5 100000 11308 1 1 11307
11992 2025 5 100000 11988 1 1 11988
14372 2025 5 100000 14371 1 3 14366
13850 2025 5 100000 13847 2 2 13846
18667 2025 5 100000 18666 2 2 18662
10880 2025 5 100000 10878 3 3 10874
9605 2025 5 100000 9599 1 1 9597
12599 2025 5 100000 12595 1 1 12595
19609 2025 5 100000 19605 2 2 19605
12669 2025 5 100000 12666 1 1 12666
15030 2025 5 100000 15027 2 2 15023
10918 2025 5 100000 10916 3 3 10912
15754 2025 5 100000 15753 2 2 15748
12943 2025 5 100000 12934 1 1 12934
12894 2025 5 100000 12892 2 2 12891
13225 2025 5 100000 13223 1 1 13223
14790 2025 5 100000 14784 2 2 14783
12184 2025 5 100000 12180 2 2 12179
23653 2025 5 100000 23650 1 1 23649
19069 2025 5 100000 19066 1 1 19065
15411 2025 5 100000 15408 2 2 15403
10362 2025 5 100000 10358 4 4 10354
19414 2025 5 100000 19410 1 1 19409
12064 2025 5 100000 12062 2 2 12058
12175 2025 5 100000 12173 2 2 12172
16052 2025 5 100000 16049 1 1 16048
22856 2025 5 100000 22851 2 2 22850
9266 2025 5 100000 9263 1 1 9263
12657 2025 5 100000 12654 2 2 12650
12071 2025 5 100000 12068 2 2 12068
13183 2025 5 100000 13179 2 2 13178
