15991 2500 5 100000 15987 2 2 15986
22042 2500 5 100000 22038 2 2 22037
13030 2500 5 100000 13027 1 1 13026
13358 2500 5 100000 13353 1 1 13352
16629 2500 5 100000 16625 1 1 16624
19757 2500 5 100000 19751 2 2 19745
14264 2500 5 100000 14263 2 2 14259
18612 2500 5 100000 18606 2 2 18601
15648 2500 5 100000 15643 2 2 15638
15205 2500 5 100000 15200 2 2 15199
16074 2500 5 100000 16071 1 1 16070
15335 2500 5 100000 15331 1 1 15330
13401 2500 5 100000 13398 1 1 13397
21801 2500 5 100000 21797 1 1 21797
23557 2500 5 100000 23553 1 1 23552
22351 2500 5 100000 22346 2 2 22342
15173 2500 5 100000 15170 1 1 15169
17753 2500 5 100000 17749 1 1 17749
20297 2500 5 100000 20294 2 2 20293
15962 2500 5 100000 15958 1 1 15957
14559 2500 5 100000 14554 2 2 14553
19712 2500 5 100000 19707 2 2 19702
18551 2500 5 100000 18548 1 1 18547
17287 2500 5 100000 17284 1 1 17284
16123 2500 5 100000 16127 2 2 16115
24779 2500 5 100000 24773 1 1 24772
21371 2500 5 100000 21367 1 1 21366
11917 2500 5 100000 11914 2 2 11913
13530 2500 5 100000 13527 1 1 13526
11043 2500 5 100000 11040 1 1 11040
17675 2500 5 100000 17670 1 1 17669
23706 2500 5 100000 23703 1 1 23702
20809 2500 5 100000 20805 2 2 20797
24291 2500 5 100000 24288 1 1 24287
15262 2500 5 100000 15260 3 3 15256
14905 2500 5 100000 14903 2 2 14899
16733 2500 5 100000 16729 2 2 16728
15616 2500 5 100000 15612 3 3 15607
17470 2500 5 100000 17466 2 2 17466
15384 2500 5 100000 15379 2 2 15374
15235 2500 5 100000 15231 1 1 15230
23337 2500 5 100000 23333 1 1 23332
23608 2500 5 100000 23603 2 2 23598
14605 2500 5 100000 14602 1 1 14601
18679 2500 5 100000 18672 3 3 18666
25802 2500 5 100000 25798 2 2 25797
19103 2500 5 100000 19096 1 1 19095
16457 2500 5 100000 16453 1 1 16452
16290 2500 5 100000 16285 2 2 16280
20183 2500 5 100000 20178 1 1 20177
18715 2500 5 100000 18711 1 1 18710
13138 2500 5 100000 13135 2 2 13130
13239 2500 5 100000 13237 2 2 13236
17961 2500 5 100000 17964 2 2 17957
15687 2500 5 100000 15685 1 1 15679
19385 2500 5 100000 19382 2 2 19380
17617 2500 5 100000 17614 1 1 17613
13137 2500 5 100000 13132 2 2 13132
16349 2500 5 100000 16344 3 3 16338
24228 2500 5 100000 24226 3 3 24226
13404 2500 5 100000 13398 1 1 13392
12896 2500 5 100000 12893 2 2 12893
19027 2500 5 100000 19018 1 1 19008
22703 2500 5 100000 22697 2 2 22697
16627 2500 5 100000 16624 1 1 16619
15915 2500 5 100000 15911 1 1 15909
23198 2500 5 100000 23194 1 2 23193
19896 2500 5 100000 19895 1 1 19895
13040 2500 5 100000 13042 1 1 13037
17205 2500 5 100000 17202 2 2 17201
18279 2500 5 100000 18275 3 3 18269
15890 2500 5 100000 15886 1 1 15885
17565 2500 5 100000 17562 2 2 17561
15187 2500 5 100000 15184 1 1 15176
20250 2500 5 100000 20245 1 1 20244
9591 2500 5 100000 9593 2 2 9587
17520 2500 5 100000 17514 1 1 17507
19204 2500 5 100000 19193 2 2 19193
21773 2500 5 100000 21768 2 2 21767
17210 2500 5 100000 17206 1 1 17205
12432 2500 5 100000 12430 1 1 12430
14456 2500 5 100000 14452 2 2 14446
12870 2500 5 100000 12866 1 1 12864
13197 2500 5 100000 13193 2 2 13188
18615 2500 5 100000 18611 1 1 18610
17494 2500 5 100000 17488 1 3 17483
15997 2500 5 100000 15993 1 1 15992
16364 2500 5 100000 16360 2 2 16359
19012 2500 5 100000 19009 1 1 19009
15897 2500 5 100000 15895 1 1 15891
20528 2500 5 100000 20525 1 1 20525
22408 2500 5 100000 22402 4 4 22399
21471 2500 5 100000 21464 2 2 21463
14250 2500 5 100000 14248 2 2 14248
15423 2500 5 100000 15417 1 1 15409
10264 2500 5 100000 10260 1 1 10260
16037 2500 5 100000 16035 3 3 16029
25050 2500 5 100000 25043 1 1 25038
20860 2500 5 100000 20856 3 3 20855
20694 2500 5 100000 20690 2 2 20689
16587 2500 5 100000 16584 3 3 16583
14730 2500 5 100000 14726 1 1 14725
17418 2500 5 100000 17411 2 2 17410
18128 2500 5 100000 18121 2 2 18115
19282 2500 5 100000 19280 1 1 19274
21095 2500 5 100000 21088 3 3 21085
15807 2500 5 100000 15805 2 2 15805
19542 2500 5 100000 19534 1 1 19526
16661 2500 5 100000 16658 1 1 16656
25148 2500 5 100000 25145 2 2 25144
17668 2500 5 100000 17665 1 1 17657
16174 2500 5 100000 16171 1 1 16171
22398 2500 5 100000 22396 1 2 22395
19461 2500 5 100000 19457 2 2 19449
15692 2500 5 100000 15690 1 1 15689
18340 2500 5 100000 18334 2 3 18330
24141 2500 5 100000 24136 2 2 24135
25091 2500 5 100000 25088 2 2 25081
17020 2500 5 100000 17014 1 1 17006
14897 2500 5 100000 14896 3 3 14895
24279 2500 5 100000 24276 2 2 24275
16147 2500 5 100000 16142 2 2 16141
17496 2500 5 100000 17491 1 1 17483
28639 2500 5 100000 28634 3 3 28633
26263 2500 5 100000 26259 4 4 26258
20191 2500 5 100000 20188 1 1 20186
16821 2500 5 100000 16816 2 2 16815
14289 2500 5 100000 14285 1 1 14284
12137 2500 5 100000 12135 1 1 12135
14652 2500 5 100000 14650 1 1 14649
16852 2500 5 100000 16848 1 1 16846
15071 2500 5 100000 15068 1 1 15061
18188 2500 5 100000 18187 1 1 18187
18618 2500 5 100000 18617 1 2 18617
17420 2500 5 100000 17410 3 3 17406
12901 2500 5 100000 12899 1 1 12899
15554 2500 5 100000 15552 4 4 15551
16502 2500 5 100000 16499 2 2 16497
19857 2500 5 100000 19854 1 1 19853
26619 2500 5 100000 26614 1 1 26612
18610 2500 5 100000 18608 1 1 18598
26042 2500 5 100000 26039 1 1 26039
16127 2500 5 100000 16121 2 2 16116
20147 2500 5 100000 20146 1 1 20145
13933 2500 5 100000 13930 2 2 13930
14814 2500 5 100000 14810 1 1 14810
28701 2500 5 100000 28694 1 1 28692
25172 2500 5 100000 25166 2 2 25164
10912 2500 5 100000 10905 1 1 10904
20524 2500 5 100000 20522 1 1 20514
23026 2500 5 100000 23019 1 1 23017
16531 2500 5 100000 16524 2 2 16523
17157 2500 5 100000 17150 1 1 17142
24242 2500 5 100000 24240 1 1 24240
22681 2500 5 100000 22681 3 3 22673
15845 2500 5 100000 15839 1 1 15837
15269 2500 5 100000 15267 2 2 15267
20608 2500 5 100000 20602 3 3 20601
20537 2500 5 100000 20535 2 2 20533
26686 2500 5 100000 26684 1 1 26684
19385 2500 5 100000 19382 1 1 19382
22795 2500 5 100000 22793 1 1 22792
18336 2500 5 100000 18332 2 2 18331
28420 2500 5 100000 28410 1 1 28408
21784 2500 5 100000 21777 1 1 21776
21378 2500 5 100000 21372 1 1 21368
19476 2500 5 100000 19475 2 2 19475
31522 2500 5 100000 31516 1 1 31511
21113 2500 5 100000 21108 4 4 21107
16455 2500 5 100000 16454 1 1 16453
21966 2500 5 100000 21960 3 3 21958
31794 2500 5 100000 31792 1 1 31791
18952 2500 5 100000 18949 1 1 18949
17987 2500 5 100000 17983 1 1 17974
21699 2500 5 100000 21692 1 1 21692
23065 2500 5 100000 23060 1 1 23058
17815 2500 5 100000 17811 3 3 17801
24753 2500 5 100000 24745 1 1 24743
15399 2500 5 100000 15395 1 1 15390
21641 2500 5 100000 21634 2 2 21631
30045 2500 5 100000 30036 2 2 30024
18595 2500 5 100000 18595 2 2 18585
16922 2500 5 100000 16915 1 1 16914
22930 2500 5 100000 22926 2 2 22926
27233 2500 5 100000 27223 3 3 27218
26371 2500 5 100000 26366 1 1 26366
14740 2500 5 100000 14733 2 2 14732
33184 2500 5 100000 33181 3 3 33180
29275 2500 5 100000 29282 1 1 29272
37389 2500 5 100000 37384 1 1 37371
21817 2500 5 100000 21813 1 1 21813
22349 2500 5 100000 22345 2 2 22345
23112 2500 5 100000 23109 3 3 23104
16382 2500 5 100000 16383 1 1 16375
22982 2500 5 100000 22979 1 1 22979
14276 2500 5 100000 14271 2 2 14270
18901 2500 5 100000 18897 3 3 18897
19877 2500 5 100000 19873 1 1 19871
21193 2500 5 100000 21191 2 2 21190
22764 2500 5 100000 22761 3 3 22761
17707 2500 5 100000 17703 1 1 17702
24082 2500 5 100000 24078 1 1 24077
15541 2500 5 100000 15535 1 1 15533
20136 2500 5 100000 20129 2 2 20127
15750 2500 5 100000 15739 2 2 15732
19636 2500 5 100000 19633 1 1 19633
22040 2500 5 100000 22038 1 1 22037
17354 2500 5 100000 17349 2 3 17349
29426 2500 5 100000 29420 1 1 29419
15736 2500 5 100000 15731 1 1 15731
23477 2500 5 100000 23466 1 1 23464
25367 2500 5 100000 25364 1 1 25361
25970 2500 5 100000 25965 1 1 25964
11861 2500 5 100000 11860 1 1 11860
16745 2500 5 100000 16743 3 3 16741
17857 2500 5 100000 17855 2 2 17855
19207 2500 5 100000 19200 1 1 19199
13441 2500 5 100000 13439 1 1 13439
