21215 2500 5 100000 21210 1 1 21209
14466 2500 5 100000 14462 1 1 14461
16338 2500 5 100000 16333 2 2 16327
19319 2500 5 100000 19313 1 1 19312
20693 2500 5 100000 20689 1 1 20688
17060 2500 5 100000 17055 2 2 17053
13807 2500 5 100000 13805 3 3 13800
19881 2500 5 100000 19876 1 1 19875
20496 2500 5 100000 20491 1 1 20490
18542 2500 5 100000 18537 2 2 18532
13654 2500 5 100000 13654 3 3 13648
20313 2500 5 100000 20309 1 1 20308
15735 2500 5 100000 15731 1 1 15730
16386 2500 5 100000 16385 2 2 16381
15773 2500 5 100000 15770 2 2 15767
19317 2500 5 100000 19313 1 1 19312
18154 2500 5 100000 18154 3 3 18148
23742 2500 5 100000 23737 1 1 23737
16361 2500 5 100000 16357 2 2 16356
15764 2500 5 100000 15757 3 3 15752
13856 2500 5 100000 13852 1 1 13851
12011 2500 5 100000 12006 1 1 12005
20500 2500 5 100000 20496 1 1 20495
13215 2500 5 100000 13211 1 1 13210
14294 2500 5 100000 14289 2 2 14288
17028 2500 5 100000 17024 1 1 17023
16354 2500 5 100000 16349 1 1 16348
25875 2500 5 100000 25868 2 2 25863
13846 2500 5 100000 13842 1 1 13842
17089 2500 5 100000 17087 2 2 17087
17364 2500 5 100000 17360 1 1 17360
14123 2500 5 100000 14118 1 1 14117
15653 2500 5 100000 15650 1 1 15650
12085 2500 5 100000 12083 2 2 12083
18528 2500 5 100000 18523 1 1 18522
15846 2500 5 100000 15844 2 2 15843
21867 2500 5 100000 21861 1 1 21860
20800 2500 5 100000 20797 2 2 20796
14131 2500 5 100000 14127 2 2 14119
24433 2500 5 100000 24405 2 3 24398
15460 2500 5 100000 15456 2 2 15451
21032 2500 5 100000 21027 2 2 21021
15713 2500 5 100000 15709 2 2 15708
19610 2500 5 100000 19604 2 2 19603
17061 2500 5 100000 17057 1 1 17056
14989 2500 5 100000 14985 1 1 14985
12997 2500 5 100000 12990 1 1 12989
16474 2500 5 100000 16468 1 1 16466
16849 2500 5 100000 16840 4 4 16832
17599 2500 5 100000 17590 1 1 17588
13457 2500 5 100000 13455 3 3 13449
12676 2500 5 100000 12674 2 2 12674
16386 2500 5 100000 16384 1 1 16384
16209 2500 5 100000 16206 2 2 16206
13375 2500 5 100000 13370 1 1 13368
23108 2500 5 100000 23106 1 1 23105
19350 2500 5 100000 19350 2 2 19343
19670 2500 5 100000 19667 2 2 19659
24281 2500 5 100000 24278 1 1 24276
24539 2500 5 100000 24533 4 4 24532
21146 2500 5 100000 21143 3 3 21135
24374 2500 5 100000 24370 2 2 24364
16712 2500 5 100000 16712 3 3 16704
25420 2500 5 100000 25414 1 1 25413
19721 2500 5 100000 19714 2 2 19707
16344 2500 5 100000 16340 3 3 16339
16768 2500 5 100000 15531 1 2 15526
21968 2500 5 100000 21966 3 3 21958
24590 2500 5 100000 24585 1 1 24583
12659 2500 5 100000 12656 1 1 12656
18430 2500 5 100000 18424 2 2 18418
13778 2500 5 100000 13773 2 2 13765
25220 2500 5 100000 25219 1 1 25219
17105 2500 5 100000 17103 2 2 17095
28369 2500 5 100000 28363 1 1 28361
16465 2500 5 100000 16459 2 2 16451
16591 2500 5 100000 16590 1 1 16590
12376 2500 5 100000 12375 1 1 12375
15485 2500 5 100000 15483 1 1 15483
23950 2500 5 100000 23948 1 1 23948
29306 2500 5 100000 29301 3 3 29293
25934 2500 5 100000 25929 1 1 25929
17346 2500 5 100000 17342 1 1 17341
17471 2500 5 100000 17462 2 2 17455
15190 2500 5 100000 15189 1 1 15189
18418 2500 5 100000 18417 2 2 18410
16366 2500 5 100000 16363 1 1 16363
20867 2500 5 100000 20860 2 2 20852
19860 2500 5 100000 19858 2 2 19858
17667 2500 5 100000 17664 1 1 17663
28676 2500 5 100000 28670 2 2 28662
21129 2500 5 100000 21123 3 3 21121
17058 2500 5 100000 17049 1 1 17048
15117 2500 5 100000 15114 1 1 15113
20969 2500 5 100000 20963 2 2 20962
18144 2500 5 100000 18138 1 1 18136
14681 2500 5 100000 14673 1 1 14671
17225 2500 5 100000 17222 2 2 17222
20225 2500 5 100000 20223 5 5 20223
20054 2500 5 100000 20048 3 3 20047
25376 2500 5 100000 25373 1 1 25373
17727 2500 5 100000 17724 1 1 17724
15094 2500 5 100000 15092 2 2 15092
17875 2500 5 100000 17870 2 2 17866
23927 2500 5 100000 23923 1 1 23923
15854 2500 5 100000 15852 1 1 15852
28875 2500 5 100000 28868 2 2 28860
19798 2500 5 100000 19798 3 3 19790
19392 2500 5 100000 19388 3 3 19380
16222 2500 5 100000 16216 1 1 16215
20329 2500 5 100000 20324 1 1 20323
26472 2500 5 100000 26465 1 1 26464
15062 2500 5 100000 15057 2 2 15055
17751 2500 5 100000 17747 1 1 17746
24790 2500 5 100000 24783 3 3 24774
22503 2500 5 100000 22496 2 2 22487
17567 2500 5 100000 17565 1 1 17564
16442 2500 5 100000 16443 2 2 16432
20507 2500 5 100000 20500 1 1 20499
23340 2500 5 100000 23337 2 2 23329
21106 2500 5 100000 21097 3 3 21089
14394 2500 5 100000 14390 1 1 14389
24544 2500 5 100000 24536 2 2 24534
17488 2500 5 100000 17477 2 2 17469
18354 2500 5 100000 18345 1 1 18344
32827 2500 5 100000 32825 1 1 32825
20742 2500 5 100000 20739 1 1 20739
17969 2500 5 100000 17963 1 2 17956
28301 2500 5 100000 28297 1 1 28296
19720 2500 5 100000 19717 2 2 19717
15499 2500 5 100000 15495 3 3 15493
31383 2500 5 100000 31381 1 1 31381
16392 2500 5 100000 16386 1 1 16384
19331 2500 5 100000 19324 1 1 19323
24540 2500 5 100000 21862 3 3 21848
18391 2500 5 100000 18388 2 2 18380
20137 2500 5 100000 20130 1 1 20129
21223 2500 5 100000 21219 3 3 21218
15684 2500 5 100000 15671 4 4 15663
16735 2500 5 100000 16733 1 1 16733
27910 2500 5 100000 27903 2 2 27895
19942 2500 5 100000 19933 1 1 19931
22846 2500 5 100000 22836 3 3 22826
15321 2500 5 100000 15320 2 2 15319
19283 2500 5 100000 19278 2 2 19270
14298 2500 5 100000 14291 1 1 14290
21436 2500 5 100000 21432 1 1 21431
18658 2500 5 100000 18655 2 2 18646
30295 2500 5 100000 30290 1 1 30289
18762 2500 5 100000 18761 1 1 18760
22726 2500 5 100000 22720 1 1 22719
19303 2500 5 100000 19297 2 2 19296
16511 2500 5 100000 16504 2 2 16502
23736 2500 5 100000 23732 1 1 23731
20766 2500 5 100000 20762 2 2 20761
19268 2500 5 100000 19260 2 2 19258
21208 2500 5 100000 21200 1 1 21199
20661 2500 5 100000 20658 1 1 20657
33573 2500 5 100000 33565 2 2 33563
30490 2500 5 100000 30483 1 1 30482
20005 2500 5 100000 19997 1 1 19995
18491 2500 5 100000 18490 2 2 18489
21485 2500 5 100000 21480 1 1 21479
15896 2500 5 100000 15893 2 2 15893
15885 2500 5 100000 15882 5 5 15882
19810 2500 5 100000 19808 1 1 19808
20018 2500 5 100000 20014 1 1 20013
18871 2500 5 100000 18867 1 1 18866
21634 2500 5 100000 21632 2 2 21631
30237 2500 5 100000 30230 2 2 30226
22928 2500 5 100000 22921 2 2 22915
26797 2500 5 100000 26793 2 2 26788
19160 2500 5 100000 19154 2 2 19152
16993 2500 5 100000 16989 3 3 16982
21715 2500 5 100000 21706 1 1 21705
18119 2500 5 100000 18116 1 2 18114
27625 2500 5 100000 27622 2 2 27614
23129 2500 5 100000 23128 1 1 23127
14018 2500 5 100000 14016 2 2 14016
21366 2500 5 100000 21363 1 1 21362
17175 2500 5 100000 17168 1 1 17167
27280 2500 5 100000 27276 1 1 27270
20380 2500 5 100000 20372 4 4 20370
20959 2500 5 100000 20957 1 1 20956
17699 2500 5 100000 17695 2 2 17688
18863 2500 5 100000 18855 3 3 18847
22626 2500 5 100000 22623 4 4 22617
19777 2500 5 100000 19772 2 2 19766
27833 2500 5 100000 27827 3 3 27825
26775 2500 5 100000 26773 1 1 26773
16825 2500 5 100000 16820 1 1 16814
15384 2500 5 100000 15379 2 2 15378
15440 2500 5 100000 15437 1 1 15437
22774 2500 5 100000 22771 1 1 22771
15018 2500 5 100000 15012 1 1 15010
18330 2500 5 100000 18328 2 2 18325
17557 2500 5 100000 17553 1 2 17552
17337 2500 5 100000 17331 1 1 17329
32372 2500 5 100000 32364 2 2 32361
17673 2500 5 100000 17679 1 1 17658
19797 2500 5 100000 19795 2 2 19794
16699 2500 5 100000 16697 1 1 16691
18843 2500 5 100000 18840 2 2 18839
17590 2500 5 100000 17585 1 1 17580
18308 2500 5 100000 18302 2 2 18300
20725 2500 5 100000 20716 2 2 20709
19311 2500 5 100000 19307 3 3 19306
19853 2500 5 100000 19846 1 1 19838
19077 2500 5 100000 19074 2 2 19074
29024 2500 5 100000 29018 1 1 29017
19414 2500 5 100000 19409 1 1 19408
14923 2500 5 100000 14917 1 1 14910
22353 2500 5 100000 22347 2 2 22346
26914 2500 5 100000 26906 1 1 26905
30082 2500 5 100000 30080 1 1 30079
21095 2500 5 100000 21093 1 1 21092
13476 2500 5 100000 13474 1 1 13474
