17205 2500 5 100000 17203 1 1 17202
19435 2500 5 100000 19430 2 2 19428
17512 2500 5 100000 17511 1 1 17511
27088 2500 5 100000 27081 2 2 27080
27387 2500 5 100000 27382 3 3 27376
26048 2500 5 100000 26043 1 1 26042
18783 2500 5 100000 18777 1 1 18776
15604 2500 5 100000 15598 1 1 15597
21273 2500 5 100000 21268 2 2 21267
19412 2500 5 100000 19405 1 1 19403
25032 2500 5 100000 25027 1 1 25025
16042 2500 5 100000 16037 1 1 16035
16300 2500 5 100000 16292 3 3 16284
18206 2500 5 100000 18200 3 3 18195
15757 2500 5 100000 15756 2 2 15749
20504 2500 5 100000 20501 2 2 20500
15707 2500 5 100000 15700 1 1 15699
17682 2500 5 100000 17679 2 2 17679
22446 2500 5 100000 22441 3 3 22437
15930 2500 5 100000 15928 1 1 15927
12777 2500 5 100000 12772 1 1 12771
21157 2500 5 100000 21152 2 2 21144
18219 2500 5 100000 18216 2 2 18209
18473 2500 5 100000 18468 2 2 18467
13964 2500 5 100000 13960 1 1 13960
26333 2500 5 100000 26330 1 1 26329
15665 2500 5 100000 15660 2 2 15654
23513 2500 5 100000 23509 2 2 23502
16043 2500 5 100000 16041 1 1 16041
16651 2500 5 100000 16645 1 1 16643
21620 2500 5 100000 21614 1 1 21612
24950 2500 5 100000 24939 1 1 24937
24165 2500 5 100000 24159 1 1 24157
16613 2500 5 100000 16608 1 1 16607
16769 2500 5 100000 16766 3 3 16758
15725 2500 5 100000 15724 1 1 15723
28065 2500 5 100000 28059 2 2 28050
17840 2500 5 100000 17835 2 2 17833
15133 2500 5 100000 15131 1 1 15130
16544 2500 5 100000 16537 2 2 16536
28728 2500 5 100000 28725 1 1 28724
19865 2500 5 100000 19858 3 3 19855
19833 2500 5 100000 19826 1 1 19825
16583 2500 5 100000 16578 1 1 16577
15485 2500 5 100000 15482 1 1 15481
26532 2500 5 100000 26530 2 2 26530
15569 2500 5 100000 15566 2 2 15566
14671 2500 5 100000 14667 1 1 14666
16940 2500 5 100000 16931 1 1 16930
19974 2500 5 100000 19974 2 2 19966
22328 2500 5 100000 22322 3 3 22313
20332 2500 5 100000 20328 1 1 20328
19690 2500 5 100000 19688 1 1 19688
22409 2500 5 100000 22406 1 1 22406
16684 2500 5 100000 16681 2 2 16680
17624 2500 5 100000 17616 2 2 17613
16581 2500 5 100000 16577 10 10 16574
17812 2500 5 100000 17805 1 1 17804
32625 2500 5 100000 32617 1 1 32616
15724 2500 5 100000 15723 1 1 15714
26604 2500 5 100000 26602 3 3 26593
14063 2500 5 100000 14063 2 2 14055
19277 2500 5 100000 19276 2 2 19268
21360 2500 5 100000 21360 2 2 21354
27355 2500 5 100000 27348 3 3 27347
19309 2500 5 100000 19306 1 1 19306
24023 2500 5 100000 24015 1 1 24014
17015 2500 5 100000 17012 1 1 17012
31179 2500 5 100000 31175 1 1 31175
30408 2500 5 100000 30403 1 1 30401
18571 2500 5 100000 18569 2 2 18564
16553 2500 5 100000 16544 2 2 16544
31330 2500 5 100000 31327 1 1 31315
16071 2500 5 100000 16067 3 3 16067
18262 2500 5 100000 18256 2 2 18255
17897 2500 5 100000 17891 1 1 17889
28813 2500 5 100000 28809 1 1 28808
20960 2500 5 100000 20957 1 1 20957
21874 2500 5 100000 21873 2 2 21865
18375 2500 5 100000 18372 2 2 18372
23558 2500 5 100000 23558 1 1 23549
26571 2500 5 100000 26568 1 2 26567
18496 2500 5 100000 18473 1 1 18471
16625 2500 5 100000 16623 1 1 16622
21182 2500 5 100000 21178 1 1 21169
14682 2500 5 100000 14681 2 2 14680
19723 2500 5 100000 19719 1 1 19710
16990 2500 5 100000 16987 1 2 16987
15721 2500 5 100000 15719 2 2 15719
22143 2500 5 100000 22140 2 2 22140
18802 2500 5 100000 18795 1 1 18793
28674 2500 5 100000 28671 1 1 28670
25853 2500 5 100000 25846 1 1 25844
35044 2500 5 100000 35035 1 1 35026
27373 2500 5 100000 27368 3 3 27358
20416 2500 5 100000 20409 2 2 20408
29405 2500 5 100000 29402 2 2 29400
22382 2500 5 100000 22380 1 1 22372
24315 2500 5 100000 24306 1 2 24299
16413 2500 5 100000 16410 2 2 16410
24284 2500 5 100000 24281 1 1 24280
14945 2500 5 100000 14940 2 2 14938
27519 2500 5 100000 27515 2 2 27515
17912 2500 5 100000 17910 1 1 17910
22789 2500 5 100000 22790 1 1 22782
27700 2500 5 100000 27694 2 2 27692
24364 2500 5 100000 24357 1 1 24349
17662 2500 5 100000 17663 3 3 17656
31246 2500 5 100000 31255 2 2 31236
23110 2500 5 100000 23107 3 3 23099
26316 2500 5 100000 26312 2 2 26311
23212 2500 5 100000 23210 1 1 23210
16891 2500 5 100000 16889 1 1 16889
26686 2500 5 100000 26681 1 1 26676
20887 2500 5 100000 20883 2 2 20876
16322 2500 5 100000 16320 3 3 16320
18984 2500 5 100000 18982 2 2 18982
20024 2500 5 100000 20024 2 2 20014
21541 2500 5 100000 21538 3 3 21537
15422 2500 5 100000 15420 1 1 15419
19406 2500 5 100000 19400 1 1 19399
26530 2500 5 100000 26511 1 1 26509
18275 2500 5 100000 18269 1 1 18268
21199 2500 5 100000 21195 1 1 21190
16910 2500 5 100000 16907 3 3 16906
19817 2500 5 100000 19810 2 2 19805
14977 2500 5 100000 14974 3 3 14972
25498 2500 5 100000 25494 1 1 25488
23030 2500 5 100000 23022 2 2 23020
29094 2500 5 100000 29090 1 1 29084
16402 2500 5 100000 16396 2 2 16396
22787 2500 5 100000 22786 1 1 22786
25206 2500 5 100000 25203 1 1 25203
30553 2500 5 100000 30546 1 1 30539
14134 2500 5 100000 14129 2 2 14123
17865 2500 5 100000 17862 2 2 17861
18511 2500 5 100000 18505 2 2 18504
32477 2500 5 100000 32471 1 1 32469
16171 2500 5 100000 16166 1 1 16165
16490 2500 5 100000 16486 1 1 16481
20031 2500 5 100000 20026 3 3 20025
17891 2500 5 100000 17887 1 1 17887
14240 2500 5 100000 14238 1 1 14237
16908 2500 5 100000 16905 1 1 16904
26434 2500 5 100000 26428 1 1 26426
17373 2500 5 100000 17369 2 2 17369
18374 2500 5 100000 18377 1 1 18359
18339 2500 5 100000 18323 2 2 18322
18126 2500 5 100000 18119 1 1 18118
16447 2500 5 100000 16442 1 1 16441
14556 2500 5 100000 14551 2 2 14550
16853 2500 5 100000 16849 2 2 16848
22048 2500 5 100000 22045 1 1 22045
25779 2500 5 100000 25777 2 2 25777
21506 2500 5 100000 21505 1 1 21504
25120 2500 5 100000 25115 1 1 25115
16230 2500 5 100000 16226 1 1 16226
24331 2500 5 100000 24328 2 2 24327
13912 2500 5 100000 13911 1 1 13911
19023 2500 5 100000 19020 1 1 19019
17518 2500 5 100000 17512 1 1 17511
24848 2500 5 100000 24844 2 2 24844
22463 2500 5 100000 22459 1 1 22459
14966 2500 5 100000 14964 2 2 14964
26471 2500 5 100000 26466 1 1 26465
21686 2500 5 100000 21682 1 1 21675
27360 2500 5 100000 27352 2 2 27345
17700 2500 5 100000 17694 2 2 17693
21714 2500 5 100000 21711 2 2 21711
15391 2500 5 100000 15387 2 2 15381
17117 2500 5 100000 17113 4 4 17108
12631 2500 5 100000 12627 2 2 12626
17350 2500 5 100000 17345 1 1 17343
20845 2500 5 100000 20840 1 1 20839
13991 2500 5 100000 13985 1 1 13976
15535 2500 5 100000 15534 2 2 15534
18751 2500 5 100000 18747 1 1 18740
28683 2500 5 100000 28677 3 3 28671
16174 2500 5 100000 16171 3 3 16170
19824 2500 5 100000 19819 1 1 19817
14757 2500 5 100000 14756 1 1 14750
27771 2500 5 100000 27767 2 2 27766
24758 2500 5 100000 24755 1 1 24755
14518 2500 5 100000 14515 1 1 14515
17906 2500 5 100000 17902 1 1 17901
17226 2500 5 100000 17221 1 1 17220
15548 2500 5 100000 15538 1 1 15532
19043 2500 5 100000 19040 1 5 19033
17988 2500 5 100000 17983 1 3 17982
20476 2500 5 100000 20471 1 1 20465
25201 2500 5 100000 25194 2 2 25189
10497 2500 5 100000 10497 2 2 10490
16381 2500 5 100000 16376 2 2 16374
17213 2500 5 100000 17208 2 2 17203
16219 2500 5 100000 16218 3 3 16218
20609 2500 5 100000 20605 1 1 20604
11134 2500 5 100000 11130 1 1 11129
15933 2500 5 100000 15929 1 1 15928
17651 2500 5 100000 17648 1 1 17645
14307 2500 5 100000 14304 2 2 14300
18012 2500 5 100000 18010 2 2 18010
19986 2500 5 100000 19984 1 1 19978
17094 2500 5 100000 17090 2 2 17088
21431 2500 5 100000 21425 1 1 21424
16878 2500 5 100000 16874 1 1 16874
14458 2500 5 100000 14453 1 1 14453
14475 2500 5 100000 14471 1 1 14470
16257 2500 5 100000 16256 1 1 16250
22672 2500 5 100000 22666 4 4 22660
15546 2500 5 100000 15542 2 2 15537
28495 2500 5 100000 28493 2 2 28492
22089 2500 5 100000 22058 2 2 22051
17361 2500 5 100000 17357 3 4 17356
12876 2500 5 100000 12871 1 1 12870
14888 2500 5 100000 14885 1 1 14884
11822 2500 5 100000 11818 1 1 11817
17439 2500 5 100000 17434 1 1 17433
16557 2500 5 100000 16552 1 1 16551
17046 2500 5 100000 17044 2 2 17044
20788 2500 5 100000 20784 2 2 20783
16181 2500 5 100000 16177 1 1 16176
16219 2500 5 100000 16214 1 1 16213
16503 2500 5 100000 16502 1 1 16496
17473 2500 5 100000 17469 4 4 17468
28775 2500 5 100000 28773 1 1 28773
15519 2500 5 100000 15518 1 1 15511
