20236 2500 5 100000 20233 1 1 20233
19041 2500 5 100000 19039 2 2 19030
17349 2500 5 100000 17345 2 2 17345
14606 2500 5 100000 14600 1 1 14598
14715 2500 5 100000 14709 5 5 14701
20337 2500 5 100000 20329 2 2 20324
15883 2500 5 100000 15873 3 3 15865
24391 2500 5 100000 24387 2 2 24379
29376 2500 5 100000 29367 2 2 29361
26232 2500 5 100000 26226 2 2 26220
15740 2500 5 100000 15738 2 2 15737
14994 2500 5 100000 14990 1 1 14989
16946 2500 5 100000 16943 2 2 16942
23699 2500 5 100000 23695 1 1 23694
17740 2500 5 100000 17737 1 1 17737
17609 2500 5 100000 17608 2 2 17608
28361 2500 5 100000 28356 2 2 28350
19015 2500 5 100000 19008 2 2 19006
19337 2500 5 100000 19331 1 1 19329
23375 2500 5 100000 23365 3 3 23356
20001 2500 5 100000 19999 3 3 19996
18274 2500 5 100000 18272 1 1 18272
23944 2500 5 100000 23944 2 2 23937
18957 2500 5 100000 18948 1 1 18947
20085 2500 5 100000 20081 1 1 20080
12922 2500 5 100000 12919 1 1 12919
16407 2500 5 100000 16401 1 1 16400
19766 2500 5 100000 19762 1 1 19762
20836 2500 5 100000 20833 3 3 20824
17740 2500 5 100000 17733 1 1 17732
29670 2500 5 100000 29666 1 1 29664
16554 2500 5 100000 16550 2 2 16550
22809 2500 5 100000 22804 1 1 22803
23327 2500 5 100000 23325 2 2 23325
25116 2500 5 100000 25113 2 2 25112
25292 2500 5 100000 25288 1 1 25288
18278 2500 5 100000 18237 3 4 18228
22760 2500 5 100000 22758 1 1 22758
19029 2500 5 100000 19027 1 1 19023
18626 2500 5 100000 18624 2 2 18623
22936 2500 5 100000 22931 1 1 22919
15560 2500 5 100000 15553 3 3 15551
15792 2500 5 100000 15786 1 1 15785
24145 2500 5 100000 24138 1 1 24136
22350 2500 5 100000 22344 2 2 22343
25018 2500 5 100000 25011 1 1 25010
17946 2500 5 100000 17941 1 1 17933
18069 2500 5 100000 18066 2 2 18065
15586 2500 5 100000 15577 1 1 15575
32190 2500 5 100000 32181 2 2 32179
17616 2500 5 100000 17609 2 2 17608
21269 2500 5 100000 21265 1 1 21264
23097 2500 5 100000 23091 1 1 23089
27211 2500 5 100000 27208 1 1 27208
21334 2500 5 100000 21328 1 1 21326
20756 2500 5 100000 20754 1 1 20753
25790 2500 5 100000 25789 1 1 25780
24202 2500 5 100000 24200 2 2 24199
24925 2500 5 100000 24923 1 1 24922
18355 2500 5 100000 18353 2 2 18348
26721 2500 5 100000 26714 2 2 26706
15496 2500 5 100000 15488 2 2 15487
33443 2500 5 100000 33441 1 1 33440
34085 2500 5 100000 34079 1 1 34069
17135 2500 5 100000 17127 2 2 17126
12641 2500 5 100000 12636 1 1 12634
24855 2500 5 100000 24852 2 2 24846
17375 2500 5 100000 17368 3 3 17367
17668 2500 5 100000 17664 2 2 17663
17351 2500 5 100000 17349 2 2 17348
18717 2500 5 100000 18713 1 1 18713
21505 2500 5 100000 21499 1 1 21498
24789 2500 5 100000 24787 1 1 24787
17906 2500 5 100000 17902 1 1 17895
18384 2500 5 100000 18377 2 2 18376
17713 2500 5 100000 17712 2 2 17712
21199 2500 5 100000 21194 2 2 21191
24586 2500 5 100000 24584 2 2 24583
28231 2500 5 100000 28226 1 1 28225
15853 2500 5 100000 15846 1 1 15845
24880 2500 5 100000 24868 1 1 24868
22724 2500 5 100000 22721 1 1 22720
15786 2500 5 100000 15753 2 2 15747
12760 2500 5 100000 12754 2 3 12748
16262 2500 5 100000 16258 2 2 16252
18888 2500 5 100000 18881 2 2 18876
18706 2500 5 100000 18700 2 2 18699
16737 2500 5 100000 16735 3 3 16733
28732 2500 5 100000 28726 2 2 28725
26034 2500 5 100000 26031 1 1 26031
16450 2500 5 100000 16448 1 1 16448
26260 2500 5 100000 26254 1 1 26253
17108 2500 5 100000 17102 1 1 17101
16702 2500 5 100000 16697 6 6 16696
18967 2500 5 100000 18964 2 2 18958
18876 2500 5 100000 18873 1 2 18872
16300 2500 5 100000 16293 2 2 16287
16241 2500 5 100000 16235 2 2 16234
21417 2500 5 100000 21409 1 1 21407
21576 2500 5 100000 21570 2 2 21569
19552 2500 5 100000 19546 1 1 19545
18774 2500 5 100000 18767 1 1 18765
18140 2500 5 100000 18132 2 2 18126
16975 2500 5 100000 16966 1 1 16959
24681 2500 5 100000 24680 2 2 24671
15604 2500 5 100000 15602 3 3 15601
21853 2500 5 100000 21847 3 3 21846
17502 2500 5 100000 17509 2 2 17499
25241 2500 5 100000 25235 1 1 25234
21795 2500 5 100000 21788 2 2 21782
19898 2500 5 100000 19895 2 2 19895
15244 2500 5 100000 15241 2 2 15240
22189 2500 5 100000 22183 1 1 22182
17907 2500 5 100000 17905 2 2 17905
34767 2500 5 100000 34760 1 1 34759
18108 2500 5 100000 18105 1 1 18104
34009 2500 5 100000 34004 1 1 34003
17689 2500 5 100000 17681 1 1 17677
17239 2500 5 100000 17237 1 1 17237
18844 2500 5 100000 18841 3 3 18841
14776 2500 5 100000 14772 1 1 14771
26947 2500 5 100000 26943 1 1 26942
26588 2500 5 100000 26576 1 1 26571
17826 2500 5 100000 17824 2 2 17817
17156 2500 5 100000 17152 3 3 17151
17429 2500 5 100000 17424 2 2 17423
13469 2500 5 100000 13463 1 1 13462
15709 2500 5 100000 15706 1 1 15703
25653 2500 5 100000 25649 1 1 25642
14891 2500 5 100000 14890 1 2 14883
21607 2500 5 100000 21603 2 2 21602
25790 2500 5 100000 25785 2 2 25784
21712 2500 5 100000 21707 2 2 21706
12571 2500 5 100000 12567 2 2 12562
16298 2500 5 100000 16293 1 1 16291
16382 2500 5 100000 16377 2 2 16377
25021 2500 5 100000 25019 1 1 25018
19802 2500 5 100000 19796 1 1 19794
18590 2500 5 100000 18586 1 1 18584
17071 2500 5 100000 17064 3 3 17062
13710 2500 5 100000 13705 1 1 13699
16587 2500 5 100000 16583 2 2 16582
23227 2500 5 100000 23221 2 3 23216
18888 2500 5 100000 18884 1 1 18882
16467 2500 5 100000 16464 2 2 16459
14265 2500 5 100000 14259 2 2 14259
17218 2500 5 100000 17214 3 3 17214
21275 2500 5 100000 21272 2 2 21271
14339 2500 5 100000 14333 1 1 14328
21604 2500 5 100000 21601 1 1 21601
12285 2500 5 100000 12281 2 2 12280
16646 2500 5 100000 16641 1 1 16640
18071 2500 5 100000 18069 1 1 18069
16129 2500 5 100000 16126 2 2 16121
12604 2500 5 100000 12599 4 4 12599
13334 2500 5 100000 13331 2 2 13330
14556 2500 5 100000 14554 1 1 14553
20423 2500 5 100000 20421 1 1 20415
14152 2500 5 100000 14150 1 1 14144
14302 2500 5 100000 14297 2 2 14296
14864 2500 5 100000 14859 3 3 14855
15998 2500 5 100000 15994 1 1 15993
19062 2500 5 100000 19058 2 2 19052
12557 2500 5 100000 12557 1 1 12556
17652 2500 5 100000 17649 2 2 17649
12884 2500 5 100000 12880 1 1 12874
21783 2500 5 100000 21778 1 1 21776
26065 2500 5 100000 26057 2 2 26051
17259 2500 5 100000 17251 2 2 17245
11906 2500 5 100000 11901 2 2 11900
16575 2500 5 100000 16564 2 2 16558
13097 2500 5 100000 13093 1 1 13092
15431 2500 5 100000 15427 2 2 15427
15291 2500 5 100000 15286 2 2 15285
13523 2500 5 100000 13520 1 1 13519
17299 2500 5 100000 17295 2 2 17294
19891 2500 5 100000 19888 1 1 19887
13660 2500 5 100000 13657 2 2 13656
12499 2500 5 100000 12496 2 2 12496
11784 2500 5 100000 11783 1 1 11779
17834 2500 5 100000 17831 1 1 17830
15289 2500 5 100000 15282 1 1 15277
15344 2500 5 100000 15339 2 2 15334
12524 2500 5 100000 12520 3 3 12520
16131 2500 5 100000 16121 4 4 16116
15064 2500 5 100000 15061 2 2 15060
19276 2500 5 100000 19271 1 1 19266
16173 2500 5 100000 16169 4 4 16169
21201 2500 5 100000 21195 1 1 21190
23747 2500 5 100000 23741 2 2 23737
20703 2500 5 100000 20700 1 1 20699
17697 2500 5 100000 17694 2 2 17693
13311 2500 5 100000 13308 2 2 13308
12002 2500 5 100000 12000 1 1 12000
17953 2500 5 100000 17947 1 1 17942
27798 2500 5 100000 27794 1 1 27793
15885 2500 5 100000 15881 1 1 15881
17007 2500 5 100000 17005 2 2 17004
16015 2500 5 100000 16011 1 1 16010
13160 2500 5 100000 13155 1 1 13150
11176 2500 5 100000 11174 1 1 11173
12769 2500 5 100000 12765 1 1 12765
24131 2500 5 100000 24127 3 3 24127
15229 2500 5 100000 15226 2 2 15225
20312 2500 5 100000 20308 1 1 20304
18280 2500 5 100000 18276 1 1 18275
20081 2500 5 100000 20077 3 3 20071
13867 2500 5 100000 13864 2 2 13863
16087 2500 5 100000 16085 1 1 16085
14248 2500 5 100000 14243 3 3 14238
22590 2500 5 100000 22585 1 1 22584
17662 2500 5 100000 17651 1 1 17647
22530 2500 5 100000 22525 2 2 22515
12385 2500 5 100000 12383 1 1 12382
12774 2500 5 100000 12772 3 3 12770
25549 2500 5 100000 25540 3 3 25534
