23184 3025 5 100000 23181 1 1 23180
16998 3025 5 100000 16988 2 2 16982
17390 3025 5 100000 17389 1 1 17389
29259 3025 5 100000 29250 2 2 29245
16546 3025 5 100000 16542 2 2 16542
20867 3025 5 100000 20863 1 1 20862
16909 3025 5 100000 16905 4 4 16900
12894 3025 5 100000 12890 1 1 12889
24427 3025 5 100000 24424 1 1 24423
18256 3025 5 100000 18252 2 2 18251
17232 3025 5 100000 17228 2 2 17227
20055 3025 5 100000 20052 1 1 20051
22671 3025 5 100000 22667 1 1 22667
18180 3025 5 100000 18177 2 2 18176
16785 3025 5 100000 16782 2 2 16777
16302 3025 5 100000 16299 1 1 16298
26133 3025 5 100000 26129 2 2 26128
22408 3025 5 100000 22403 1 1 22402
17557 3025 5 100000 17553 1 1 17552
24421 3025 5 100000 24416 1 1 24415
14086 3025 5 100000 14083 1 1 14082
18871 3025 5 100000 18866 1 1 18866
20243 3025 5 100000 20229 3 3 20224
21828 3025 5 100000 21825 2 2 21824
19845 3025 5 100000 19841 3 3 19840
17395 3025 5 100000 17393 2 2 17389
17659 3025 5 100000 17655 1 1 17654
16336 3025 5 100000 16332 1 1 16331
16662 3025 5 100000 16658 1 1 16657
21142 3025 5 100000 21135 3 3 21130
18619 3025 5 100000 18613 2 2 18612
15255 3025 5 100000 15251 1 1 15250
19578 3025 5 100000 19565 2 2 19559
17452 3025 5 100000 17448 2 2 17447
27003 3025 5 100000 26994 4 4 26988
24664 3025 5 100000 24655 2 2 24650
17479 3025 5 100000 17475 1 1 17475
24182 3025 5 100000 24179 1 1 24178
28188 3025 5 100000 28107 2 3 28102
16024 3025 5 100000 16017 2 2 16011
17953 3025 5 100000 17949 1 1 17949
18602 3025 5 100000 18595 2 2 18589
28462 3025 5 100000 28457 1 1 28456
16776 3025 5 100000 16772 1 1 16771
18128 3025 5 100000 18126 2 2 18126
18592 3025 5 100000 18586 2 2 18581
19471 3025 5 100000 19466 2 2 19459
13893 3025 5 100000 13884 2 2 13879
15374 3025 5 100000 15374 2 2 15368
15994 3025 5 100000 15990 1 1 15989
23621 3025 5 100000 23617 1 1 23616
21133 3025 5 100000 21129 1 1 21128
16446 3025 5 100000 16441 1 2 16431
21304 3025 5 100000 21295 2 2 21290
26442 3025 5 100000 26432 2 2 26424
20594 3025 5 100000 20590 1 1 20589
20926 3025 5 100000 20916 4 4 20910
16610 3025 5 100000 16607 3 3 16603
14253 3025 5 100000 14248 2 2 14247
23044 3025 5 100000 23042 2 2 23037
24557 3025 5 100000 24553 1 1 24552
23645 3025 5 100000 23641 2 2 23639
20156 3025 5 100000 20151 1 1 20150
20378 3025 5 100000 20373 1 1 20372
29543 3025 5 100000 29542 1 1 29542
17098 3025 5 100000 17088 2 2 17082
19187 3025 5 100000 19182 4 4 19174
31636 3025 5 100000 31632 1 1 31631
15945 3025 5 100000 15940 1 1 15939
17822 3025 5 100000 17816 1 1 17816
18964 3025 5 100000 18963 1 1 18962
21014 3025 5 100000 21012 1 1 21012
11169 3025 5 100000 11167 1 1 11166
19149 3025 5 100000 19145 2 2 19144
17147 3025 5 100000 17144 1 1 17143
16053 3025 5 100000 16051 1 1 16051
26365 3025 5 100000 26361 2 2 26360
19464 3025 5 100000 19459 1 1 19458
21043 3025 5 100000 21034 2 2 21028
17054 3025 5 100000 17050 1 1 17050
17284 3025 5 100000 17281 1 1 17280
27967 3025 5 100000 27957 2 2 27952
19608 3025 5 100000 19607 1 1 19606
15427 3025 5 100000 15421 3 3 15416
19583 3025 5 100000 19571 4 4 19564
18251 3025 5 100000 18244 2 2 18239
17539 3025 5 100000 17537 1 1 17537
17292 3025 5 100000 17290 2 2 17282
18618 3025 5 100000 18609 3 3 18603
19018 3025 5 100000 19011 2 2 19010
21202 3025 5 100000 21194 2 2 21187
23513 3025 5 100000 23507 1 1 23506
26233 3025 5 100000 26227 1 1 26219
19711 3025 5 100000 19705 2 2 19704
31276 3025 5 100000 31273 1 1 31272
18135 3025 5 100000 18128 2 2 18120
19741 3025 5 100000 19734 2 2 19733
28072 3025 5 100000 28067 1 1 28066
12318 3025 5 100000 12312 2 2 12311
15212 3025 5 100000 15209 1 1 15209
16736 3025 5 100000 16729 1 1 16727
19365 3025 5 100000 19359 1 1 19358
16761 3025 5 100000 16754 1 1 16753
17087 3025 5 100000 17076 1 1 17071
19560 3025 5 100000 19558 2 2 19558
21503 3025 5 100000 21498 2 2 21497
21446 3025 5 100000 21438 1 1 21431
16372 3025 5 100000 16369 3 3 16362
20158 3025 5 100000 20155 3 3 20146
16373 3025 5 100000 16366 3 3 16365
18831 3025 5 100000 18821 1 1 18820
25568 3025 5 100000 25558 1 1 25556
23012 3025 5 100000 23010 1 1 23010
19605 3025 5 100000 19602 1 1 19602
31306 3025 5 100000 31296 1 1 31287
26136 3025 5 100000 26128 1 1 26121
17313 3025 5 100000 17309 2 2 17308
16262 3025 5 100000 16257 2 2 16256
28764 3025 5 100000 28759 1 1 28758
22261 3025 5 100000 22259 1 1 22258
14846 3025 5 100000 14841 2 2 14840
30994 3025 5 100000 30989 2 2 30988
19016 3025 5 100000 19015 1 1 19015
18642 3025 5 100000 18622 1 1 18615
21236 3025 5 100000 21234 1 1 21233
16957 3025 5 100000 16954 2 2 16953
22563 3025 5 100000 22563 2 2 22557
23855 3025 5 100000 23846 1 1 23844
24667 3025 5 100000 24642 3 3 24633
27336 3025 5 100000 27330 1 1 27328
37519 3025 5 100000 37513 3 3 37511
23295 3025 5 100000 23293 1 1 23293
26844 3025 5 100000 26832 1 1 26829
24260 3025 5 100000 24254 1 1 24254
20295 3025 5 100000 20291 2 2 20290
25017 3025 5 100000 25011 2 2 25009
18948 3025 5 100000 18944 1 1 18944
38293 3025 5 100000 38285 1 1 38284
41025 3025 5 100000 41013 1 1 41003
28146 3025 5 100000 28143 2 2 28142
22255 3025 5 100000 22252 1 1 22244
24507 3025 5 100000 24503 2 2 24502
35778 3025 5 100000 35769 1 1 35760
19991 3025 5 100000 19980 2 2 19971
36046 3025 5 100000 36035 1 1 36027
34711 3025 5 100000 34698 2 2 34695
25608 3025 5 100000 25597 2 2 25590
29649 3025 5 100000 29643 3 3 29641
33119 3025 5 100000 33121 3 3 33103
52865 3025 5 100000 52840 2 2 52831
50013 3025 5 100000 50002 1 1 49986
31295 3025 5 100000 31290 3 3 31288
33568 3025 5 100000 33560 3 3 33560
28580 3025 5 100000 28558 2 2 28556
25362 3025 5 100000 25359 2 2 25359
20013 3025 5 100000 20009 1 1 20009
29833 3025 5 100000 29817 2 2 29815
19162 3025 5 100000 19158 1 1 19158
20539 3025 5 100000 20538 2 2 20538
31146 3025 5 100000 31138 2 2 31138
36079 3025 5 100000 36057 2 2 36056
23679 3025 5 100000 23672 1 1 23672
27441 3025 5 100000 27435 1 1 27435
18938 3025 5 100000 18934 3 3 18934
37695 3025 5 100000 37678 3 3 37676
24618 3025 5 100000 24613 1 1 24613
23228 3025 5 100000 23223 2 2 23223
26073 3025 5 100000 26067 2 2 26067
23548 3025 5 100000 23542 1 1 23542
20697 3025 5 100000 20694 1 1 20694
27870 3025 5 100000 27865 2 2 27865
37601 3025 5 100000 37595 1 1 37595
33436 3025 5 100000 33420 3 3 33419
19451 3025 5 100000 19435 2 2 19434
23249 3025 5 100000 23242 1 1 23241
24034 3025 5 100000 24027 2 2 24027
26256 3025 5 100000 26247 3 3 26247
40327 3025 5 100000 40319 2 2 40319
26406 3025 5 100000 26383 1 1 26381
21379 3025 5 100000 21372 1 1 21372
20359 3025 5 100000 20356 1 1 20356
22772 3025 5 100000 22769 3 3 22769
18289 3025 5 100000 18282 2 2 18281
38687 3025 5 100000 38679 1 1 38679
19670 3025 5 100000 19661 1 1 19659
29337 3025 5 100000 29334 2 2 29334
22290 3025 5 100000 22266 1 1 22264
24434 3025 5 100000 24427 2 2 24427
22073 3025 5 100000 22070 2 2 22070
37152 3025 5 100000 37145 3 3 37145
27536 3025 5 100000 27535 1 1 27535
19631 3025 5 100000 19628 1 1 19628
22150 3025 5 100000 22135 1 1 22133
25034 3025 5 100000 25024 1 1 25024
43077 3025 5 100000 43074 1 1 43074
38145 3025 5 100000 38140 3 3 38140
25550 3025 5 100000 25540 1 1 25538
23276 3025 5 100000 23268 1 1 23268
36746 3025 5 100000 36739 1 1 36739
51441 3025 5 100000 51437 2 2 51437
40062 3025 5 100000 40041 1 1 40039
19691 3025 5 100000 19685 1 1 19685
27432 3025 5 100000 27425 1 1 27425
28094 3025 5 100000 28071 2 2 28069
30561 3025 5 100000 30554 1 1 30554
16421 3025 5 100000 16407 1 1 16406
23340 3025 5 100000 23332 3 3 23331
26536 3025 5 100000 26503 1 1 26500
26553 3025 5 100000 26524 2 2 26522
24966 3025 5 100000 24962 1 1 24962
24346 3025 5 100000 24334 2 2 24334
