15853 3025 5 100000 15846 3 3 15845
24226 3025 5 100000 24220 2 2 24215
28699 3025 5 100000 28693 1 1 28692
18376 3025 5 100000 18371 1 1 18370
17836 3025 5 100000 17835 1 1 17834
19131 3025 5 100000 19129 3 3 19124
18471 3025 5 100000 18466 2 2 18466
17403 3025 5 100000 17400 1 1 17399
14617 3025 5 100000 14614 1 1 14613
19740 3025 5 100000 19738 3 3 19737
31064 3025 5 100000 31060 1 1 31058
20203 3025 5 100000 20198 1 1 20197
27855 3025 5 100000 27845 2 2 27844
17307 3025 5 100000 17302 1 1 17301
20349 3025 5 100000 20328 1 1 20322
17083 3025 5 100000 17080 3 3 17080
15964 3025 5 100000 15960 1 1 15960
19639 3025 5 100000 19636 1 1 19636
20818 3025 5 100000 20816 1 1 20816
27020 3025 5 100000 27009 2 2 27004
16688 3025 5 100000 16684 2 2 16683
28635 3025 5 100000 28630 1 1 28629
24924 3025 5 100000 24919 1 1 24918
14455 3025 5 100000 14450 1 1 14443
11647 3025 5 100000 11646 3 3 11646
12332 3025 5 100000 12327 1 1 12326
16031 3025 5 100000 16022 2 2 16016
23614 3025 5 100000 23604 2 2 23597
16919 3025 5 100000 16911 2 2 16909
18442 3025 5 100000 18438 2 2 18433
24170 3025 5 100000 24165 2 2 24165
18274 3025 5 100000 18270 1 1 18262
19737 3025 5 100000 19727 3 3 19722
14145 3025 5 100000 14142 2 2 14137
16715 3025 5 100000 16711 3 3 16710
22299 3025 5 100000 22295 1 1 22294
15281 3025 5 100000 15276 1 1 15276
19084 3025 5 100000 19077 1 1 19072
19046 3025 5 100000 19041 2 2 19040
18469 3025 5 100000 18464 1 1 18463
18047 3025 5 100000 18044 1 1 18043
19491 3025 5 100000 19487 2 2 19480
27749 3025 5 100000 27740 2 2 27739
25128 3025 5 100000 25126 1 1 25126
25084 3025 5 100000 25078 1 1 25077
22881 3025 5 100000 22875 1 1 22874
17748 3025 5 100000 17740 1 1 17739
13982 3025 5 100000 13980 1 1 13980
19833 3025 5 100000 19827 1 1 19825
14401 3025 5 100000 14398 1 1 14398
19678 3025 5 100000 19672 2 2 19671
31513 3025 5 100000 31509 2 2 31506
17350 3025 5 100000 17345 1 1 17344
28847 3025 5 100000 28842 1 1 28841
19218 3025 5 100000 19212 3 3 19211
29734 3025 5 100000 29726 3 3 29720
29880 3025 5 100000 29875 2 2 29874
20970 3025 5 100000 20963 1 1 20962
20058 3025 5 100000 20055 2 2 20054
20905 3025 5 100000 20900 1 1 20898
15124 3025 5 100000 15123 1 1 15114
24376 3025 5 100000 24375 2 2 24375
26049 3025 5 100000 26044 1 1 26041
17316 3025 5 100000 17310 2 2 17308
27376 3025 5 100000 27374 1 1 27367
30234 3025 5 100000 30228 2 2 30227
35234 3025 5 100000 35229 1 1 35228
30329 3025 5 100000 30316 1 1 30308
19896 3025 5 100000 19890 2 2 19888
26132 3025 5 100000 26126 1 1 26125
16308 3025 5 100000 16303 1 1 16301
29931 3025 5 100000 29925 1 1 29924
20437 3025 5 100000 20433 1 1 20432
24475 3025 5 100000 24468 1 1 24467
20689 3025 5 100000 20691 2 2 20685
21600 3025 5 100000 21589 3 3 21581
21903 3025 5 100000 21896 2 2 21894
21021 3025 5 100000 21016 1 1 21012
37360 3025 5 100000 37344 2 2 37340
24002 3025 5 100000 23997 2 2 23996
28248 3025 5 100000 28239 1 1 28236
21161 3025 5 100000 21157 1 1 21155
26350 3025 5 100000 26352 4 4 26343
21494 3025 5 100000 21490 1 1 21489
20036 3025 5 100000 20033 3 3 20032
39222 3025 5 100000 39213 1 1 39202
18567 3025 5 100000 18565 1 1 18564
30093 3025 5 100000 30085 2 2 30083
21040 3025 5 100000 21035 1 1 21034
19912 3025 5 100000 19905 3 3 19899
24664 3025 5 100000 24656 1 1 24649
18842 3025 5 100000 18838 3 3 18838
38206 3025 5 100000 38203 2 2 38202
41993 3025 5 100000 41987 1 1 41984
22751 3025 5 100000 22745 2 2 22743
20095 3025 5 100000 20088 1 1 20086
19669 3025 5 100000 19660 1 1 19651
20971 3025 5 100000 20962 3 3 20960
24585 3025 5 100000 24584 4 4 24583
23448 3025 5 100000 23446 1 1 23445
49580 3025 5 100000 49572 4 4 49571
38883 3025 5 100000 38875 1 1 38873
31323 3025 5 100000 31313 1 1 31311
50286 3025 5 100000 50280 2 2 50279
22197 3025 5 100000 22144 1 1 22144
38000 3025 5 100000 37993 1 1 37993
23386 3025 5 100000 23378 2 2 23378
34862 3025 5 100000 34842 1 1 34841
26135 3025 5 100000 26128 1 1 26128
24567 3025 5 100000 24565 2 2 24565
27877 3025 5 100000 27874 1 1 27874
24702 3025 5 100000 24694 1 1 24694
33492 3025 5 100000 33475 1 1 33473
18906 3025 5 100000 18900 1 1 18899
24849 3025 5 100000 24739 2 2 24737
18835 3025 5 100000 18817 3 3 18816
33651 3025 5 100000 33643 2 3 33643
26794 3025 5 100000 26786 2 2 26786
21794 3025 5 100000 21781 1 1 21781
25094 3025 5 100000 25092 2 2 25092
21427 3025 5 100000 21422 2 2 21422
25510 3025 5 100000 25509 2 2 25509
29220 3025 5 100000 29214 1 1 29214
22566 3025 5 100000 22552 1 1 22551
32000 3025 5 100000 31997 2 2 31997
30996 3025 5 100000 30980 2 2 30978
24822 3025 5 100000 24807 2 2 24806
42919 3025 5 100000 42909 2 2 42908
24891 3025 5 100000 24807 2 2 24805
21572 3025 5 100000 21568 2 2 21568
22987 3025 5 100000 22981 1 3 22980
26279 3025 5 100000 26272 1 1 26272
24167 3025 5 100000 24152 1 1 24151
26361 3025 5 100000 26353 1 1 26353
26171 3025 5 100000 26152 2 2 26150
18610 3025 5 100000 18603 1 1 18603
18850 3025 5 100000 18843 2 2 18843
40206 3025 5 100000 40184 1 1 40183
25884 3025 5 100000 25870 1 1 25869
29372 3025 5 100000 29370 2 2 29370
18990 3025 5 100000 18986 3 3 18986
22129 3025 5 100000 22117 1 1 22116
25622 3025 5 100000 25616 1 1 25616
19671 3025 5 100000 19658 3 3 19657
30040 3025 5 100000 30033 1 1 30033
33163 3025 5 100000 33157 2 2 33157
22502 3025 5 100000 22494 2 2 22494
20488 3025 5 100000 20481 1 1 20481
21600 3025 5 100000 21593 1 1 21593
24490 3025 5 100000 24482 2 2 24482
31391 3025 5 100000 31390 1 1 31390
24424 3025 5 100000 24414 1 1 24412
46734 3025 5 100000 46715 1 1 46714
26213 3025 5 100000 26203 1 2 26203
26800 3025 5 100000 26792 2 2 26792
27961 3025 5 100000 27953 2 2 27953
28062 3025 5 100000 28056 1 1 28056
23953 3025 5 100000 23945 2 2 23944
26416 3025 5 100000 26409 1 1 26409
29394 3025 5 100000 29387 1 2 29387
27064 3025 5 100000 27046 1 1 27044
30848 3025 5 100000 30842 1 1 30841
24477 3025 5 100000 24468 2 2 24466
26827 3025 5 100000 26822 1 1 26821
29688 3025 5 100000 29676 2 2 29675
23919 3025 5 100000 23903 2 2 23902
20837 3025 5 100000 20830 3 3 20830
24159 3025 5 100000 24154 2 2 24154
17398 3025 5 100000 17392 1 1 17392
25392 3025 5 100000 25384 1 1 25384
27419 3025 5 100000 27412 1 1 27412
17199 3025 5 100000 17187 1 1 17186
21500 3025 5 100000 21497 1 1 21497
27694 3025 5 100000 27688 2 2 27687
25720 3025 5 100000 25712 1 1 25712
29633 3025 5 100000 29630 1 1 29630
20462 3025 5 100000 20457 1 1 20457
21495 3025 5 100000 21493 1 1 21493
28913 3025 5 100000 28908 1 1 28908
18211 3025 5 100000 18210 1 1 18210
28186 3025 5 100000 28181 1 1 28181
21902 3025 5 100000 21897 1 1 21896
21632 3025 5 100000 21625 1 1 21625
34668 3025 5 100000 34664 2 2 34664
32933 3025 5 100000 32931 1 1 32931
22172 3025 5 100000 22170 2 2 22170
31982 3025 5 100000 31980 1 1 31980
28012 3025 5 100000 28007 1 1 28007
31814 3025 5 100000 31812 1 1 31812
38311 3025 5 100000 38306 1 1 38306
23035 3025 5 100000 23033 1 1 23032
19497 3025 5 100000 19492 1 1 19492
22152 3025 5 100000 22136 1 1 22135
19214 3025 5 100000 19205 1 1 19205
33816 3025 5 100000 33814 2 2 33814
21603 3025 5 100000 21600 1 1 21600
27948 3025 5 100000 27936 1 1 27935
22239 3025 5 100000 22238 2 2 22238
23039 3025 5 100000 23035 2 2 23035
16290 3025 5 100000 16283 1 1 16283
25163 3025 5 100000 25151 2 2 25149
24461 3025 5 100000 24455 1 1 24455
30633 3025 5 100000 30628 2 2 30628
16677 3025 5 100000 16666 1 1 16665
25123 3025 5 100000 25108 1 1 25107
20809 3025 5 100000 20807 2 2 20807
21206 3025 5 100000 21195 2 2 21194
25924 3025 5 100000 25916 1 1 25916
16680 3025 5 100000 16676 2 2 16676
15617 3025 5 100000 15605 2 2 15603
23855 3025 5 100000 23851 2 2 23851
16815 3025 5 100000 16809 2 2 16809
16197 3025 5 100000 16190 1 1 16190
