22133 3025 5 100000 22127 1 1 22125
13969 3025 5 100000 13966 1 1 13966
16955 3025 5 100000 16951 2 2 16950
18791 3025 5 100000 18787 2 2 18786
18568 3025 5 100000 18567 2 2 18557
19953 3025 5 100000 19945 2 2 19939
26700 3025 5 100000 26695 1 1 26693
17746 3025 5 100000 17740 1 1 17738
14390 3025 5 100000 14384 1 1 14384
16770 3025 5 100000 16763 2 2 16762
16762 3025 5 100000 16756 2 2 16754
31707 3025 5 100000 31701 1 1 31700
19250 3025 5 100000 19233 3 3 19219
21644 3025 5 100000 21638 2 2 21631
31819 3025 5 100000 31807 3 3 31799
24700 3025 5 100000 24694 1 1 24692
22318 3025 5 100000 22313 1 1 22312
14286 3025 5 100000 14280 1 1 14279
29142 3025 5 100000 29139 1 1 29138
21666 3025 5 100000 21665 1 1 21665
21770 3025 5 100000 21768 1 1 21768
18354 3025 5 100000 18352 1 1 18351
20601 3025 5 100000 20577 4 4 20567
22772 3025 5 100000 22766 1 1 22765
20766 3025 5 100000 20760 1 1 20759
21290 3025 5 100000 21281 2 2 21268
17382 3025 5 100000 17376 1 1 17374
14819 3025 5 100000 14815 1 1 14814
17495 3025 5 100000 17490 1 1 17488
20467 3025 5 100000 20462 2 2 20460
20383 3025 5 100000 20372 4 4 20370
18728 3025 5 100000 18724 1 1 18723
20986 3025 5 100000 20984 1 1 20983
18212 3025 5 100000 18203 2 2 18194
29779 3025 5 100000 29773 1 1 29772
18799 3025 5 100000 18798 2 2 18791
22797 3025 5 100000 22795 1 1 22794
23078 3025 5 100000 23072 2 2 23071
17456 3025 5 100000 17448 2 2 17441
33115 3025 5 100000 33109 1 1 33107
18015 3025 5 100000 18013 1 1 18013
17688 3025 5 100000 17687 1 1 17686
22881 3025 5 100000 22876 1 1 22875
13518 3025 5 100000 13513 1 1 13511
25371 3025 5 100000 25365 3 3 25360
17980 3025 5 100000 17977 1 1 17976
31830 3025 5 100000 31828 2 2 31828
33136 3025 5 100000 33129 1 1 33128
29386 3025 5 100000 29374 2 2 29367
18775 3025 5 100000 18772 1 1 18772
31759 3025 5 100000 31752 1 1 31751
20297 3025 5 100000 20290 3 3 20288
27508 3025 5 100000 27497 1 1 27486
22751 3025 5 100000 22746 2 3 22745
24495 3025 5 100000 23391 2 3 23382
22741 3025 5 100000 22642 1 1 22635
26019 3025 5 100000 26014 2 2 26012
27885 3025 5 100000 27880 1 1 27877
21018 3025 5 100000 21012 2 2 21011
18450 3025 5 100000 18446 1 1 18438
22384 3025 5 100000 22377 2 2 22376
20856 3025 5 100000 20849 1 1 20847
19671 3025 5 100000 19668 2 2 19667
23071 3025 5 100000 23064 1 1 23061
34494 3025 5 100000 34488 2 2 34485
35907 3025 5 100000 35902 2 2 35902
28948 3025 5 100000 28946 2 2 28938
25827 3025 5 100000 25813 1 1 25806
24636 3025 5 100000 24627 1 1 24626
18950 3025 5 100000 18943 2 2 18941
36027 3025 5 100000 36015 1 1 36006
29986 3025 5 100000 29978 1 1 29977
36186 3025 5 100000 36172 3 3 36170
50854 3025 5 100000 50839 2 2 50829
20075 3025 5 100000 20066 1 1 20066
25151 3025 5 100000 25142 1 1 25142
18917 3025 5 100000 18910 4 4 18910
26960 3025 5 100000 26933 1 1 26931
24441 3025 5 100000 24437 2 2 24437
24291 3025 5 100000 24276 2 2 24274
24959 3025 5 100000 24957 1 1 24957
21642 3025 5 100000 21640 2 3 21640
42583 3025 5 100000 42475 1 1 42473
39178 3025 5 100000 39173 2 2 39173
25305 3025 5 100000 25291 1 1 25290
24193 3025 5 100000 24185 1 1 24184
21300 3025 5 100000 21292 1 1 21292
24301 3025 5 100000 24296 2 2 24296
28217 3025 5 100000 28199 1 1 28198
23234 3025 5 100000 23230 3 3 23230
21542 3025 5 100000 21523 1 1 21521
24042 3025 5 100000 24035 1 1 24034
39778 3025 5 100000 39771 1 1 39771
20823 3025 5 100000 20816 1 1 20816
26380 3025 5 100000 26373 2 2 26372
26340 3025 5 100000 26332 2 2 26331
38689 3025 5 100000 38670 1 1 38667
23853 3025 5 100000 23846 2 2 23846
37203 3025 5 100000 37196 1 1 37196
20365 3025 5 100000 20363 2 2 20363
21091 3025 5 100000 21029 5 5 21027
20472 3025 5 100000 20465 1 1 20464
33953 3025 5 100000 33950 1 1 33950
26904 3025 5 100000 26896 3 3 26896
38081 3025 5 100000 38062 2 2 38060
38945 3025 5 100000 38931 1 1 38930
45564 3025 5 100000 45550 3 4 45550
23844 3025 5 100000 23835 2 2 23833
24883 3025 5 100000 24875 1 1 24873
23651 3025 5 100000 23644 1 1 23644
24379 3025 5 100000 24376 4 4 24376
29218 3025 5 100000 29184 1 1 29182
20844 3025 5 100000 20836 1 1 20836
18904 3025 5 100000 18896 2 2 18896
24411 3025 5 100000 24398 2 2 24396
37430 3025 5 100000 37426 1 1 37426
21059 3025 5 100000 21051 1 1 21051
37479 3025 5 100000 37473 4 4 37473
26113 3025 5 100000 26111 2 2 26111
23616 3025 5 100000 23611 2 2 23611
40604 3025 5 100000 40597 2 2 40597
32741 3025 5 100000 32738 1 1 32738
22459 3025 5 100000 22454 1 1 22454
36352 3025 5 100000 36346 1 1 36346
22911 3025 5 100000 22904 2 2 22904
28963 3025 5 100000 28956 1 1 28956
36049 3025 5 100000 36041 2 2 36041
29689 3025 5 100000 29672 1 1 29670
41234 3025 5 100000 41227 2 2 41227
22994 3025 5 100000 22990 2 2 22990
30495 3025 5 100000 30487 1 1 30487
52758 3025 5 100000 52751 2 2 52751
25344 3025 5 100000 25332 2 2 25330
27928 3025 5 100000 27915 3 3 27914
30306 3025 5 100000 30287 1 1 30286
22217 3025 5 100000 22215 2 2 22214
25089 3025 5 100000 25083 3 3 25083
28081 3025 5 100000 28064 2 2 28062
25096 3025 5 100000 25090 3 3 25090
20842 3025 5 100000 20828 1 1 20827
19513 3025 5 100000 19509 2 2 19509
25286 3025 5 100000 25275 1 1 25273
22319 3025 5 100000 22313 2 2 22313
32115 3025 5 100000 32105 2 2 32104
22058 3025 5 100000 22052 1 1 22052
19643 3025 5 100000 19640 1 1 19640
23417 3025 5 100000 23409 2 2 23409
33634 3025 5 100000 33617 2 2 33615
21421 3025 5 100000 21403 1 1 21401
26636 3025 5 100000 26630 2 2 26630
40987 3025 5 100000 40985 3 3 40985
27052 3025 5 100000 27040 4 4 27039
16308 3025 5 100000 16305 1 1 16305
31196 3025 5 100000 31190 2 2 31190
21177 3025 5 100000 21172 1 1 21171
20924 3025 5 100000 20922 3 3 20922
28823 3025 5 100000 28806 3 3 28805
21024 3025 5 100000 21007 2 2 21006
22789 3025 5 100000 22786 1 1 22786
23615 3025 5 100000 23609 2 2 23609
20734 3025 5 100000 20724 1 1 20723
34322 3025 5 100000 34321 1 1 34321
28953 3025 5 100000 28948 2 2 28948
17204 3025 5 100000 17201 2 2 17200
18621 3025 5 100000 18620 1 1 18620
24123 3025 5 100000 24119 1 1 24119
23508 3025 5 100000 23506 2 2 23506
22517 3025 5 100000 22501 2 2 22500
21436 3025 5 100000 21418 1 1 21417
21373 3025 5 100000 21370 2 2 21370
16181 3025 5 100000 16175 2 2 16175
35726 3025 5 100000 35714 2 2 35713
22053 3025 5 100000 22048 2 2 22048
24876 3025 5 100000 24870 2 2 24870
20454 3025 5 100000 20440 1 1 20439
33272 3025 5 100000 33270 1 1 33270
22810 3025 5 100000 22805 2 2 22805
30659 3025 5 100000 30644 1 1 30643
18135 3025 5 100000 18129 1 1 18129
19336 3025 5 100000 19330 1 1 19330
25519 3025 5 100000 25515 1 1 25515
33476 3025 5 100000 33471 2 2 33471
28956 3025 5 100000 28950 1 1 28950
16797 3025 5 100000 16792 1 1 16792
19874 3025 5 100000 19869 2 2 19869
22605 3025 5 100000 22598 2 2 22598
24829 3025 5 100000 24809 2 2 24808
19013 3025 5 100000 19008 4 4 19008
17610 3025 5 100000 17605 3 3 17605
18827 3025 5 100000 18815 1 1 18814
18090 3025 5 100000 18089 5 5 18089
17785 3025 5 100000 17753 1 1 17752
29624 3025 5 100000 29622 1 1 29622
18147 3025 5 100000 18143 3 3 18142
29556 3025 5 100000 29542 1 1 29541
19296 3025 5 100000 19291 2 2 19291
18819 3025 5 100000 18814 1 1 18814
14872 3025 5 100000 14870 1 3 14870
18124 3025 5 100000 18113 3 3 18112
16295 3025 5 100000 16292 1 1 16292
17147 3025 5 100000 17144 2 2 17144
30202 3025 5 100000 30198 2 2 30198
18648 3025 5 100000 18643 1 1 18643
15204 3025 5 100000 15200 2 2 15200
17309 3025 5 100000 17295 1 1 17294
19976 3025 5 100000 19971 2 2 19971
19268 3025 5 100000 19258 2 2 19256
20339 3025 5 100000 20326 1 2 20324
19351 3025 5 100000 19345 2 2 19344
15954 3025 5 100000 15947 1 1 15947
20758 3025 5 100000 20757 2 2 20757
20091 3025 5 100000 20086 1 1 20085
30943 3025 5 100000 30939 2 2 30939
14004 3025 5 100000 13997 2 2 13996
27669 3025 5 100000 27664 3 3 27664
25151 3025 5 100000 25143 3 3 25142
22440 3025 5 100000 22423 1 1 22422
22844 3025 5 100000 22841 2 2 22841
19936 3025 5 100000 19934 1 1 19934
