18494 3025 5 100000 18476 1 3 18468
21558 3025 5 100000 21554 1 1 21554
30103 3025 5 100000 30099 1 1 30099
23473 3025 5 100000 23468 1 1 23465
36439 3025 5 100000 36427 2 2 36421
16432 3025 5 100000 16425 1 1 16422
26761 3025 5 100000 26757 2 2 26753
23622 3025 5 100000 23613 1 1 23610
35701 3025 5 100000 35692 1 1 35690
28031 3025 5 100000 28024 2 2 28023
22528 3025 5 100000 22519 3 3 22518
38714 3025 5 100000 38708 2 2 38707
21406 3025 5 100000 21402 1 1 21401
21777 3025 5 100000 21769 3 3 21765
19554 3025 5 100000 19547 1 1 19545
18467 3025 5 100000 18458 1 1 18457
34403 3025 5 100000 34388 3 3 34380
25291 3025 5 100000 25277 3 3 25268
22737 3025 5 100000 22733 1 1 22732
35550 3025 5 100000 35542 1 1 35540
28726 3025 5 100000 28714 2 2 28705
27937 3025 5 100000 27934 1 1 27933
38677 3025 5 100000 38670 2 2 38669
30919 3025 5 100000 30912 2 2 30906
32730 3025 5 100000 32723 2 2 32701
32063 3025 5 100000 32057 1 1 32056
54445 3025 5 100000 54439 2 2 54437
25934 3025 5 100000 25929 1 1 25928
27332 3025 5 100000 27326 1 1 27326
22229 3025 5 100000 22203 4 4 22201
31800 3025 5 100000 31781 2 2 31780
20616 3025 5 100000 20608 3 3 20606
26667 3025 5 100000 26659 2 2 26659
30026 3025 5 100000 30018 1 1 30018
23374 3025 5 100000 23367 1 1 23367
20544 3025 5 100000 20534 2 2 20533
23786 3025 5 100000 23767 3 3 23766
35180 3025 5 100000 35178 1 1 35178
36515 3025 5 100000 36497 3 3 36496
17406 3025 5 100000 17376 3 3 17374
22763 3025 5 100000 22755 1 1 22755
26377 3025 5 100000 26369 1 1 26369
23222 3025 5 100000 23207 3 3 23205
21433 3025 5 100000 21419 2 2 21417
23246 3025 5 100000 23238 1 1 23238
22724 3025 5 100000 22719 1 1 22719
19720 3025 5 100000 19717 1 1 19716
23248 3025 5 100000 23239 2 2 23239
18224 3025 5 100000 18216 1 1 18216
28692 3025 5 100000 28684 1 1 28684
22443 3025 5 100000 22431 1 1 22429
30271 3025 5 100000 30269 3 3 30269
24027 3025 5 100000 24008 1 1 24007
21584 3025 5 100000 21536 3 3 21535
39499 3025 5 100000 39484 2 3 39483
22643 3025 5 100000 22634 2 2 22633
23275 3025 5 100000 23257 1 1 23255
25814 3025 5 100000 25799 3 3 25797
28901 3025 5 100000 28894 3 3 28894
40261 3025 5 100000 40254 1 1 40254
19418 3025 5 100000 19416 1 1 19416
20514 3025 5 100000 20511 2 2 20511
23914 3025 5 100000 23907 3 3 23907
22967 3025 5 100000 22958 1 1 22958
36895 3025 5 100000 36891 1 1 36890
22962 3025 5 100000 22957 1 1 22957
18557 3025 5 100000 18554 1 1 18554
24909 3025 5 100000 24903 1 1 24903
31596 3025 5 100000 31589 1 1 31589
17363 3025 5 100000 17360 1 1 17360
23599 3025 5 100000 23591 1 1 23591
27741 3025 5 100000 27737 1 1 27737
31220 3025 5 100000 31214 1 1 31214
31082 3025 5 100000 31071 1 1 31070
21685 3025 5 100000 21665 3 3 21664
19002 3025 5 100000 18999 2 2 18992
23508 3025 5 100000 23494 2 3 23493
21614 3025 5 100000 21606 2 2 21605
20157 3025 5 100000 20139 2 2 20137
20207 3025 5 100000 20201 2 2 20201
28975 3025 5 100000 28968 1 1 28968
26940 3025 5 100000 26934 2 2 26934
21373 3025 5 100000 21369 1 1 21369
27238 3025 5 100000 27229 1 1 27228
30299 3025 5 100000 30293 1 1 30293
35523 3025 5 100000 35511 1 1 35509
43053 3025 5 100000 43048 2 2 43047
31314 3025 5 100000 31306 1 1 31306
25556 3025 5 100000 25549 1 1 25549
34993 3025 5 100000 34989 1 1 34989
27549 3025 5 100000 27543 1 1 27543
22616 3025 5 100000 22610 1 1 22610
18818 3025 5 100000 18811 1 1 18811
18842 3025 5 100000 18836 1 1 18836
22147 3025 5 100000 22139 4 4 22139
27673 3025 5 100000 27667 1 1 27665
15563 3025 5 100000 15560 2 2 15560
29408 3025 5 100000 29393 1 1 29391
23260 3025 5 100000 23254 3 3 23254
24763 3025 5 100000 24761 3 3 24761
21693 3025 5 100000 21686 1 1 21686
16371 3025 5 100000 16358 2 2 16357
21886 3025 5 100000 21881 2 2 21880
26986 3025 5 100000 26981 1 1 26981
14352 3025 5 100000 14347 1 1 14347
31520 3025 5 100000 31514 1 1 31514
20173 3025 5 100000 20160 1 1 20159
40746 3025 5 100000 40741 2 2 40741
22195 3025 5 100000 22191 1 1 22191
15492 3025 5 100000 15487 2 2 15487
29990 3025 5 100000 29984 1 1 29984
24426 3025 5 100000 24419 1 1 24419
20478 3025 5 100000 20472 2 2 20472
18997 3025 5 100000 18980 1 1 18979
19924 3025 5 100000 19922 2 2 19922
20358 3025 5 100000 20352 1 1 20352
19366 3025 5 100000 19352 1 1 19351
18693 3025 5 100000 18689 2 2 18689
25562 3025 5 100000 25556 2 2 25556
29499 3025 5 100000 29481 1 1 29479
19831 3025 5 100000 19830 2 2 19830
21667 3025 5 100000 21661 1 1 21661
17681 3025 5 100000 17667 1 1 17667
23074 3025 5 100000 23071 3 3 23071
18544 3025 5 100000 18541 1 1 18540
27623 3025 5 100000 27619 1 1 27619
22003 3025 5 100000 22001 1 1 22001
20861 3025 5 100000 20858 2 2 20858
22307 3025 5 100000 22305 1 1 22305
22664 3025 5 100000 22657 1 1 22657
17886 3025 5 100000 17854 1 1 17852
20757 3025 5 100000 20754 2 2 20754
31553 3025 5 100000 31550 1 1 31550
23054 3025 5 100000 23052 2 2 23052
34053 3025 5 100000 34052 1 1 34052
29412 3025 5 100000 29410 2 2 29410
18343 3025 5 100000 18327 1 1 18325
17875 3025 5 100000 17869 3 3 17869
28654 3025 5 100000 28648 1 1 28648
18676 3025 5 100000 18670 1 1 18670
14545 3025 5 100000 14541 1 1 14541
25018 3025 5 100000 25012 1 1 25012
13070 3025 5 100000 13068 1 1 13068
25703 3025 5 100000 25701 1 1 25701
20605 3025 5 100000 20601 1 1 20601
30408 3025 5 100000 30392 1 1 30391
29065 3025 5 100000 29063 2 2 29063
23776 3025 5 100000 23772 1 1 23772
27772 3025 5 100000 27766 1 1 27766
17717 3025 5 100000 17712 1 1 17711
22317 3025 5 100000 22316 2 2 22316
23638 3025 5 100000 23635 2 2 23635
13420 3025 5 100000 13417 1 1 13417
13830 3025 5 100000 13823 1 1 13822
20877 3025 5 100000 20862 3 3 20862
28026 3025 5 100000 28013 2 2 28012
16265 3025 5 100000 16251 3 3 16250
21142 3025 5 100000 21138 2 2 21137
18901 3025 5 100000 18897 1 1 18897
16910 3025 5 100000 16890 1 1 16889
20472 3025 5 100000 20467 2 2 20467
20210 3025 5 100000 20197 1 1 20195
31062 3025 5 100000 31061 2 2 31060
15745 3025 5 100000 15734 2 2 15733
22248 3025 5 100000 22233 2 2 22231
13642 3025 5 100000 13636 2 2 13635
19753 3025 5 100000 19750 2 2 19750
26598 3025 5 100000 26584 1 1 26583
20895 3025 5 100000 20893 2 2 20893
17902 3025 5 100000 17896 1 1 17896
21602 3025 5 100000 21598 1 1 21598
28503 3025 5 100000 28498 2 2 28498
28107 3025 5 100000 28105 1 1 28105
13183 3025 5 100000 13173 1 1 13172
16056 3025 5 100000 16052 4 4 16051
15564 3025 5 100000 15558 1 1 15558
26697 3025 5 100000 26691 2 2 26691
30808 3025 5 100000 30803 1 1 30803
20163 3025 5 100000 20157 1 1 20157
29229 3025 5 100000 29225 1 1 29225
20149 3025 5 100000 20139 1 1 20138
17069 3025 5 100000 17057 3 3 17057
32776 3025 5 100000 32763 3 3 32762
15001 3025 5 100000 14997 2 2 14997
15238 3025 5 100000 15234 1 1 15234
16075 3025 5 100000 16062 1 1 16061
19769 3025 5 100000 19765 2 2 19764
23315 3025 5 100000 23311 1 1 23311
13800 3025 5 100000 13796 1 1 13796
17671 3025 5 100000 17663 1 1 17662
20271 3025 5 100000 20268 4 4 20268
13525 3025 5 100000 13522 1 1 13522
16947 3025 5 100000 16943 2 2 16943
29624 3025 5 100000 29617 1 1 29616
15369 3025 5 100000 15361 2 2 15360
16547 3025 5 100000 16541 2 2 16541
17485 3025 5 100000 17479 1 1 17479
14196 3025 5 100000 14191 1 1 14191
16383 3025 5 100000 16378 2 2 16378
17539 3025 5 100000 17536 1 1 17536
27221 3025 5 100000 27217 1 1 27216
25372 3025 5 100000 25371 1 1 25371
17427 3025 5 100000 17408 1 1 17406
33967 3025 5 100000 33963 3 3 33963
27852 3025 5 100000 27849 1 1 27849
21642 3025 5 100000 21636 1 1 21636
18120 3025 5 100000 18032 1 1 18031
24156 3025 5 100000 24151 2 3 24151
29647 3025 5 100000 29635 1 1 29634
42490 3025 5 100000 42485 3 3 42485
19807 3025 5 100000 19799 1 1 19798
18313 3025 5 100000 18299 2 2 18298
17081 3025 5 100000 17069 3 3 17067
14308 3025 5 100000 14307 2 2 14307
17913 3025 5 100000 17910 2 2 17910
30318 3025 5 100000 30314 1 1 30314
25767 3025 5 100000 25752 1 1 25751
29670 3025 5 100000 29656 3 3 29655
