19037 3600 5 100000 19033 1 1 19032
22171 3600 5 100000 22149 3 3 22147
29437 3600 5 100000 29411 2 2 29410
38958 3600 5 100000 38957 2 2 38957
20804 3600 5 100000 20796 3 3 20795
30226 3600 5 100000 30221 2 2 30221
25725 3600 5 100000 25720 1 1 25720
27694 3600 5 100000 27679 3 3 27678
18564 3600 5 100000 18558 2 2 18558
19918 3600 5 100000 19909 4 4 19907
29713 3600 5 100000 29711 1 1 29711
22072 3600 5 100000 22052 2 2 22051
39069 3600 5 100000 39065 2 2 39065
31290 3600 5 100000 31270 3 3 31269
20477 3600 5 100000 20476 1 1 20476
17748 3600 5 100000 17745 1 1 17745
19592 3600 5 100000 19589 1 1 19589
30072 3600 5 100000 30066 1 1 30066
24183 3600 5 100000 24171 2 2 24170
16725 3600 5 100000 16718 3 3 16716
19948 3600 5 100000 19944 1 1 19943
32299 3600 5 100000 32294 2 2 32294
18856 3600 5 100000 18850 2 2 18849
17248 3600 5 100000 17243 1 1 17243
15124 3600 5 100000 15119 1 1 15119
24946 3600 5 100000 24942 1 1 24942
19890 3600 5 100000 19886 2 2 19886
22127 3600 5 100000 22093 4 4 22092
18395 3600 5 100000 18379 2 2 18377
28099 3600 5 100000 28094 1 1 28094
30328 3600 5 100000 30319 1 1 30318
18187 3600 5 100000 18184 2 2 18184
27344 3600 5 100000 27324 1 1 27322
19475 3600 5 100000 19471 2 2 19471
18527 3600 5 100000 18522 1 1 18522
17344 3600 5 100000 17338 3 3 17337
22030 3600 5 100000 22006 2 2 22005
20940 3600 5 100000 20934 3 3 20934
26880 3600 5 100000 26875 1 1 26875
23344 3600 5 100000 23339 1 1 23339
23754 3600 5 100000 23750 1 1 23750
17363 3600 5 100000 17357 1 1 17357
21303 3600 5 100000 21297 2 2 21297
28533 3600 5 100000 28509 3 3 28508
38447 3600 5 100000 38441 3 3 38441
27593 3600 5 100000 27543 2 2 27541
22306 3600 5 100000 22301 2 2 22301
29044 3600 5 100000 29042 2 2 29042
26378 3600 5 100000 26374 1 1 26373
19756 3600 5 100000 19750 1 1 19750
31278 3600 5 100000 31275 3 3 31275
22311 3600 5 100000 22289 1 1 22288
14537 3600 5 100000 14532 2 2 14531
18616 3600 5 100000 18610 1 1 18610
21779 3600 5 100000 21775 2 2 21775
17723 3600 5 100000 17720 1 1 17720
17420 3600 5 100000 17416 1 1 17416
19783 3600 5 100000 19778 2 2 19778
24822 3600 5 100000 24817 1 1 24817
22925 3600 5 100000 22916 1 1 22915
26012 3600 5 100000 25989 2 2 25988
26055 3600 5 100000 26034 2 2 26033
15575 3600 5 100000 15569 4 4 15569
25184 3600 5 100000 25178 1 1 25178
19685 3600 5 100000 19682 1 1 19682
17863 3600 5 100000 17861 1 1 17861
24103 3600 5 100000 24099 2 2 24099
19061 3600 5 100000 19049 2 2 19048
19489 3600 5 100000 19484 3 3 19484
17986 3600 5 100000 17982 1 1 17982
17847 3600 5 100000 17842 1 1 17842
28727 3600 5 100000 28722 1 1 28722
29139 3600 5 100000 29137 1 1 29137
29675 3600 5 100000 29671 1 1 29671
17214 3600 5 100000 17210 1 1 17210
17699 3600 5 100000 17695 1 1 17695
24078 3600 5 100000 24054 1 1 24053
23932 3600 5 100000 23922 2 2 23921
22879 3600 5 100000 22874 3 3 22874
25843 3600 5 100000 25837 1 1 25837
24418 3600 5 100000 24384 1 1 24383
36474 3600 5 100000 36466 3 3 36466
23226 3600 5 100000 23221 1 1 23221
16219 3600 5 100000 16205 1 1 16204
22704 3600 5 100000 22700 4 4 22700
31134 3600 5 100000 31127 1 1 31127
23824 3600 5 100000 23818 1 1 23817
19066 3600 5 100000 19062 1 1 19062
24082 3600 5 100000 24079 1 1 24079
25256 3600 5 100000 25232 3 3 25230
19663 3600 5 100000 19656 3 3 19656
24458 3600 5 100000 24453 1 1 24453
19526 3600 5 100000 19521 1 1 19521
24474 3600 5 100000 24467 1 1 24467
22268 3600 5 100000 22266 1 1 22266
23004 3600 5 100000 22970 2 2 22968
16091 3600 5 100000 16087 3 3 16086
22037 3600 5 100000 22031 2 2 22031
24301 3600 5 100000 24299 2 2 24299
23566 3600 5 100000 23559 1 1 23559
23101 3600 5 100000 23086 1 1 23085
26670 3600 5 100000 26644 2 2 26643
29033 3600 5 100000 29011 2 2 29009
34979 3600 5 100000 34972 2 2 34972
24181 3600 5 100000 23905 2 2 23904
22476 3600 5 100000 22469 2 3 22469
23866 3600 5 100000 23863 1 1 23863
23170 3600 5 100000 23141 1 1 23139
23514 3600 5 100000 23489 2 2 23488
32503 3600 5 100000 32500 2 2 32500
24286 3600 5 100000 24275 2 2 24275
34330 3600 5 100000 34308 1 1 34308
27749 3600 5 100000 27746 2 2 27746
17495 3600 5 100000 17490 1 1 17490
27265 3600 5 100000 27263 2 2 27263
21117 3600 5 100000 21099 1 1 21097
39537 3600 5 100000 39533 2 2 39533
44612 3600 5 100000 44604 2 2 44604
20401 3600 5 100000 20398 1 1 20398
19934 3600 5 100000 19884 1 1 19883
27033 3600 5 100000 27029 4 4 27029
29074 3600 5 100000 29067 1 1 29067
24037 3600 5 100000 24031 2 2 24031
40677 3600 5 100000 40674 1 1 40674
30423 3600 5 100000 30419 1 1 30419
26256 3600 5 100000 26233 1 1 26230
31510 3600 5 100000 31500 3 3 31500
33120 3600 5 100000 33084 1 1 33082
29022 3600 5 100000 29014 1 1 29014
25361 3600 5 100000 25357 3 3 25357
28409 3600 5 100000 28378 1 1 28377
44001 3600 5 100000 43973 1 1 43971
33755 3600 5 100000 33723 2 2 33721
56143 3600 5 100000 56109 2 2 56106
32015 3600 5 100000 32007 2 2 32007
38002 3600 5 100000 37995 2 2 37995
27007 3600 5 100000 27001 1 1 27001
42802 3600 5 100000 42800 1 1 42800
28532 3600 5 100000 28524 1 1 28524
17514 3600 5 100000 17511 1 1 17511
22915 3600 5 100000 22913 2 2 22912
36789 3600 5 100000 36785 1 1 36785
34352 3600 5 100000 34347 1 1 34346
28678 3600 5 100000 28676 1 1 28676
24667 3600 5 100000 24659 1 1 24658
19209 3600 5 100000 19207 2 2 19207
26892 3600 5 100000 26886 1 1 26886
23908 3600 5 100000 23893 1 1 23892
24968 3600 5 100000 24960 2 2 24960
42880 3600 5 100000 42852 2 2 42850
22893 3600 5 100000 22888 1 1 22888
40488 3600 5 100000 40484 2 2 40484
31286 3600 5 100000 31257 2 2 31255
30526 3600 5 100000 30496 1 1 30494
24792 3600 5 100000 24766 2 2 24764
33695 3600 5 100000 33692 2 2 33692
42787 3600 5 100000 42758 2 2 42757
25548 3600 5 100000 25540 2 2 25540
25122 3600 5 100000 25115 2 2 25115
36327 3600 5 100000 36323 1 1 36323
27808 3600 5 100000 27784 2 2 27783
21704 3600 5 100000 21658 2 2 21657
38796 3600 5 100000 38793 3 3 38793
34497 3600 5 100000 34493 3 4 34493
21803 3600 5 100000 21795 2 2 21795
37800 3600 5 100000 37774 1 1 37772
37418 3600 5 100000 37416 1 1 37416
23429 3600 5 100000 23425 3 3 23424
30060 3600 5 100000 30052 1 1 30052
28792 3600 5 100000 28774 1 1 28773
30827 3600 5 100000 30797 1 1 30796
23803 3600 5 100000 23795 3 3 23795
30211 3600 5 100000 30203 2 2 30203
26103 3600 5 100000 26095 1 1 26094
43672 3600 5 100000 43645 1 1 43644
41990 3600 5 100000 41986 2 2 41986
25343 3600 5 100000 25337 2 2 25337
37694 3600 5 100000 37691 1 1 37691
22084 3600 5 100000 22079 1 1 22079
24777 3600 5 100000 24768 1 1 24768
26953 3600 5 100000 26928 1 1 26927
33830 3600 5 100000 33823 1 1 33823
27469 3600 5 100000 27463 2 2 27463
23692 3600 5 100000 23682 1 1 23680
36917 3600 5 100000 36908 4 4 36908
25381 3600 5 100000 25364 2 2 25362
23282 3600 5 100000 23279 1 1 23279
22894 3600 5 100000 22888 4 4 22888
31991 3600 5 100000 31987 1 1 31986
38046 3600 5 100000 38039 2 2 38039
39876 3600 5 100000 39874 1 1 39874
26302 3600 5 100000 26274 1 1 26274
23599 3600 5 100000 23597 1 1 23597
22209 3600 5 100000 22206 3 3 22206
24208 3600 5 100000 24205 1 1 24205
29850 3600 5 100000 29782 1 1 29780
28343 3600 5 100000 28336 2 2 28336
25176 3600 5 100000 25169 3 3 25169
41678 3600 5 100000 41674 1 1 41674
31078 3600 5 100000 31053 1 1 31052
26039 3600 5 100000 26033 1 1 26033
37327 3600 5 100000 37324 2 2 37324
24806 3600 5 100000 24799 1 1 24799
44675 3600 5 100000 44643 1 1 44641
48516 3600 5 100000 48512 4 4 48512
34085 3600 5 100000 34082 2 2 34082
25797 3600 5 100000 25790 2 2 25790
25735 3600 5 100000 25728 1 1 25728
29627 3600 5 100000 29620 3 3 29620
44427 3600 5 100000 44424 1 1 44424
44073 3600 5 100000 44070 1 1 44070
31495 3600 5 100000 31487 1 1 31487
24835 3600 5 100000 24833 1 1 24833
27658 3600 5 100000 27633 2 2 27631
33258 3600 5 100000 33251 2 2 33251
22356 3600 5 100000 22330 3 3 22328
24930 3600 5 100000 24923 2 2 24923
37319 3600 5 100000 37294 2 2 37293
41972 3600 5 100000 41965 2 2 41965
24215 3600 5 100000 24209 3 3 24209
45255 3600 5 100000 45228 1 1 45227
31332 3600 5 100000 31326 1 1 31326
25243 3600 5 100000 25241 3 3 25241
33928 3600 5 100000 33924 1 1 33924
26914 3600 5 100000 26878 1 1 26877
39015 3600 5 100000 38991 1 1 38991
26157 3600 5 100000 26152 2 2 26152
