18822 3600 5 100000 18790 4 4 18789
35320 3600 5 100000 35298 2 2 35297
24123 3600 5 100000 24117 1 1 24117
17650 3600 5 100000 17648 2 2 17648
30420 3600 5 100000 30417 1 1 30417
24348 3600 5 100000 24342 1 1 24342
22265 3600 5 100000 22260 1 1 22260
25893 3600 5 100000 25886 1 1 25886
15614 3600 5 100000 15606 2 2 15605
16514 3600 5 100000 16509 1 1 16509
18106 3600 5 100000 18102 1 1 18101
21955 3600 5 100000 21948 2 2 21948
19595 3600 5 100000 19580 2 2 19579
35512 3600 5 100000 35507 1 1 35507
19091 3600 5 100000 19080 2 2 19079
20436 3600 5 100000 20433 1 1 20433
18825 3600 5 100000 18821 1 1 18821
16200 3600 5 100000 16195 1 1 16195
21021 3600 5 100000 21017 1 1 21017
21274 3600 5 100000 21269 1 1 21268
20309 3600 5 100000 20294 2 2 20293
20508 3600 5 100000 20501 1 1 20501
19939 3600 5 100000 19934 2 2 19934
14822 3600 5 100000 14817 2 2 14816
28299 3600 5 100000 28294 3 3 28294
23028 3600 5 100000 23026 2 2 23026
20487 3600 5 100000 20485 1 1 20485
21631 3600 5 100000 21610 2 2 21609
24938 3600 5 100000 24931 1 2 24930
20486 3600 5 100000 20481 1 1 20481
19593 3600 5 100000 19591 2 2 19590
16274 3600 5 100000 16272 1 1 16272
38805 3600 5 100000 38517 2 3 38515
23285 3600 5 100000 23277 1 1 23277
29414 3600 5 100000 29407 2 2 29405
18550 3600 5 100000 18532 3 3 18532
36193 3600 5 100000 36190 1 1 36190
22586 3600 5 100000 22584 1 1 22584
25593 3600 5 100000 25586 1 1 25586
22937 3600 5 100000 22929 1 1 22928
32612 3600 5 100000 32587 2 2 32586
21198 3600 5 100000 21192 2 2 21192
22081 3600 5 100000 22066 2 2 22066
19870 3600 5 100000 19864 2 2 19864
21657 3600 5 100000 21649 1 1 21649
27342 3600 5 100000 27336 1 1 27336
26814 3600 5 100000 26801 3 3 26800
23996 3600 5 100000 23994 1 1 23994
18730 3600 5 100000 18708 2 2 18707
21629 3600 5 100000 21608 2 2 21607
23985 3600 5 100000 23978 1 1 23978
32014 3600 5 100000 32008 1 1 32008
16083 3600 5 100000 16081 2 2 16081
40978 3600 5 100000 40975 1 1 40974
26068 3600 5 100000 26060 3 3 26059
22987 3600 5 100000 22983 2 2 22983
21080 3600 5 100000 21076 1 1 21075
20630 3600 5 100000 20625 1 1 20625
26398 3600 5 100000 26373 3 3 26372
23493 3600 5 100000 23487 1 1 23487
21326 3600 5 100000 21318 5 5 21317
24362 3600 5 100000 24347 2 2 24346
22064 3600 5 100000 22061 1 1 22061
19034 3600 5 100000 19028 2 2 19028
18412 3600 5 100000 18407 2 2 18407
24189 3600 5 100000 24184 1 1 24184
36679 3600 5 100000 36677 2 2 36677
36998 3600 5 100000 36974 2 2 36972
25420 3600 5 100000 25412 2 2 25412
26953 3600 5 100000 26951 1 1 26951
19440 3600 5 100000 19412 3 3 19411
20094 3600 5 100000 20077 2 2 20075
28645 3600 5 100000 28643 2 2 28643
23957 3600 5 100000 23949 2 2 23949
24644 3600 5 100000 24641 1 1 24641
28141 3600 5 100000 28133 2 2 28133
40396 3600 5 100000 40390 1 1 40390
27702 3600 5 100000 27699 1 1 27698
21758 3600 5 100000 21753 1 1 21753
28483 3600 5 100000 28480 1 1 28480
27896 3600 5 100000 27893 1 1 27893
28246 3600 5 100000 28239 1 1 28239
28125 3600 5 100000 28121 1 1 28121
29685 3600 5 100000 29683 2 2 29683
22043 3600 5 100000 22035 1 1 22035
20708 3600 5 100000 20699 1 1 20699
30014 3600 5 100000 30011 2 2 30011
30813 3600 5 100000 30810 1 1 30810
35957 3600 5 100000 35948 1 1 35948
26808 3600 5 100000 26507 4 4 26506
42190 3600 5 100000 42185 1 1 42185
26981 3600 5 100000 26979 1 1 26979
24405 3600 5 100000 24394 1 1 24394
26784 3600 5 100000 26778 2 2 26778
24051 3600 5 100000 24045 2 2 24044
31504 3600 5 100000 31485 2 2 31484
26200 3600 5 100000 26195 1 1 26195
27327 3600 5 100000 27318 1 1 27318
29644 3600 5 100000 29636 2 2 29636
29317 3600 5 100000 29314 3 3 29314
26229 3600 5 100000 26225 2 2 26225
46341 3600 5 100000 46333 1 1 46333
26776 3600 5 100000 26747 2 2 26745
29001 3600 5 100000 28992 2 2 28990
21245 3600 5 100000 21239 1 1 21239
34211 3600 5 100000 34181 2 2 34180
29910 3600 5 100000 29908 1 1 29908
30151 3600 5 100000 30144 1 1 30144
18403 3600 5 100000 18396 2 2 18396
40563 3600 5 100000 40536 2 2 40535
21522 3600 5 100000 21504 2 2 21503
19987 3600 5 100000 19975 2 2 19973
29152 3600 5 100000 28939 3 3 28938
27602 3600 5 100000 27520 3 3 27519
23926 3600 5 100000 23919 1 1 23919
28266 3600 5 100000 28258 1 1 28258
28683 3600 5 100000 28667 2 2 28667
27477 3600 5 100000 27470 1 1 27470
29472 3600 5 100000 29463 1 1 29463
33631 3600 5 100000 33621 2 2 33621
37875 3600 5 100000 37867 1 1 37867
41877 3600 5 100000 41870 1 1 41870
27515 3600 5 100000 27508 4 4 27508
24011 3600 5 100000 24008 1 1 24008
30988 3600 5 100000 30975 2 2 30974
43430 3600 5 100000 43405 2 2 43404
24966 3600 5 100000 24959 2 2 24959
32103 3600 5 100000 32074 2 2 32073
26469 3600 5 100000 26458 1 2 26457
25172 3600 5 100000 25166 4 4 25166
25308 3600 5 100000 25301 2 2 25301
22581 3600 5 100000 22579 1 1 22579
26455 3600 5 100000 26442 3 3 26441
20689 3600 5 100000 20681 2 2 20679
28386 3600 5 100000 28383 1 1 28383
22909 3600 5 100000 22906 3 3 22906
33679 3600 5 100000 33668 3 3 33667
35746 3600 5 100000 35719 2 2 35717
40001 3600 5 100000 39970 2 2 39968
19294 3600 5 100000 19291 4 4 19291
20742 3600 5 100000 20736 2 2 20736
30478 3600 5 100000 30449 2 2 30448
17037 3600 5 100000 17030 1 1 17029
35341 3600 5 100000 35313 2 2 35311
30513 3600 5 100000 30489 2 2 30488
23371 3600 5 100000 23364 1 1 23364
26928 3600 5 100000 26893 3 3 26892
25146 3600 5 100000 25119 2 2 25118
24924 3600 5 100000 24914 1 1 24914
27114 3600 5 100000 27104 1 1 27104
31495 3600 5 100000 31474 2 2 31474
31533 3600 5 100000 31524 2 2 31523
23663 3600 5 100000 23659 2 2 23659
28789 3600 5 100000 28756 2 2 28755
20744 3600 5 100000 20725 2 2 20723
43434 3600 5 100000 43426 1 1 43426
24649 3600 5 100000 24645 1 1 24645
38382 3600 5 100000 38375 1 1 38375
32410 3600 5 100000 32401 1 1 32401
27871 3600 5 100000 27864 1 1 27864
40273 3600 5 100000 40270 1 1 40270
37224 3600 5 100000 37214 2 2 37214
23372 3600 5 100000 23368 2 2 23368
27286 3600 5 100000 27278 1 1 27278
24414 3600 5 100000 24388 3 3 24386
25906 3600 5 100000 25904 2 2 25904
29253 3600 5 100000 29250 1 1 29250
26157 3600 5 100000 26153 1 1 26153
42715 3600 5 100000 42713 1 1 42713
24486 3600 5 100000 24477 1 1 24477
27838 3600 5 100000 27830 1 1 27830
32965 3600 5 100000 32957 1 1 32957
21191 3600 5 100000 21176 3 3 21174
26469 3600 5 100000 26446 2 2 26445
30345 3600 5 100000 30329 4 4 30328
23510 3600 5 100000 23491 2 2 23490
23713 3600 5 100000 23690 2 2 23689
30180 3600 5 100000 30172 1 1 30172
23482 3600 5 100000 23478 1 1 23478
25191 3600 5 100000 25178 3 3 25176
23239 3600 5 100000 23236 1 1 23235
39328 3600 5 100000 39302 2 2 39301
39345 3600 5 100000 39321 2 2 39320
29637 3600 5 100000 29635 1 1 29635
23244 3600 5 100000 23215 3 3 23214
20992 3600 5 100000 20988 1 1 20988
27654 3600 5 100000 27651 2 2 27650
20510 3600 5 100000 20506 1 1 20506
17203 3600 5 100000 17192 3 3 17191
24478 3600 5 100000 24472 2 2 24472
27228 3600 5 100000 27226 1 1 27226
24735 3600 5 100000 24733 1 1 24733
26569 3600 5 100000 26563 2 2 26562
28699 3600 5 100000 28693 2 2 28693
20041 3600 5 100000 20038 1 1 20038
25611 3600 5 100000 25605 1 1 25605
35430 3600 5 100000 35429 1 1 35429
36847 3600 5 100000 36844 1 1 36844
27401 3600 5 100000 27395 1 1 27395
37016 3600 5 100000 36993 2 2 36992
23091 3600 5 100000 23089 2 2 23089
21291 3600 5 100000 21266 2 2 21264
29587 3600 5 100000 29581 1 1 29581
24490 3600 5 100000 24487 1 1 24487
24297 3600 5 100000 24294 1 1 24294
34532 3600 5 100000 34510 2 2 34510
27664 3600 5 100000 27658 1 1 27658
26017 3600 5 100000 25988 2 2 25988
22707 3600 5 100000 22700 1 1 22700
21984 3600 5 100000 21979 1 1 21979
21855 3600 5 100000 21853 1 1 21853
25522 3600 5 100000 25501 3 3 25500
28001 3600 5 100000 27995 3 3 27994
40588 3600 5 100000 40582 1 1 40582
20305 3600 5 100000 20304 1 1 20304
