29660 3600 5 100000 29657 1 1 29657
21350 3600 5 100000 21344 1 1 21344
25955 3600 5 100000 25947 1 1 25947
18157 3600 5 100000 18144 3 3 18143
20756 3600 5 100000 20753 2 2 20752
18219 3600 5 100000 18213 1 1 18213
20148 3600 5 100000 20146 1 1 20146
18256 3600 5 100000 18254 2 2 18254
19363 3600 5 100000 19355 4 4 19354
18147 3600 5 100000 18140 2 2 18140
27640 3600 5 100000 27635 1 1 27635
31310 3600 5 100000 31302 2 2 31302
28350 3600 5 100000 28347 1 1 28347
21900 3600 5 100000 21892 1 1 21890
35189 3600 5 100000 35165 2 2 35163
29642 3600 5 100000 29639 2 2 29639
27290 3600 5 100000 27289 1 1 27289
32123 3600 5 100000 32120 1 1 32120
21145 3600 5 100000 21138 1 1 21137
39166 3600 5 100000 39162 2 2 39162
17182 3600 5 100000 17116 1 1 17115
19704 3600 5 100000 19698 8 8 19698
20603 3600 5 100000 20601 1 1 20601
22935 3600 5 100000 22930 2 2 22930
20536 3600 5 100000 20533 1 1 20533
26087 3600 5 100000 26082 1 1 26082
26193 3600 5 100000 26166 1 1 26165
23041 3600 5 100000 23015 2 2 23014
21791 3600 5 100000 21786 2 2 21786
20415 3600 5 100000 20407 1 1 20407
22267 3600 5 100000 22258 1 1 22258
17824 3600 5 100000 17816 1 1 17816
20062 3600 5 100000 20057 1 1 20055
24882 3600 5 100000 24864 3 3 24863
16800 3600 5 100000 16796 3 3 16796
38420 3600 5 100000 38417 2 2 38417
25807 3600 5 100000 25795 1 1 25793
31372 3600 5 100000 31371 2 2 31371
28520 3600 5 100000 28513 1 1 28513
31012 3600 5 100000 31005 1 1 31004
25648 3600 5 100000 25621 1 1 25619
19689 3600 5 100000 19646 2 2 19644
23739 3600 5 100000 23731 2 2 23731
23682 3600 5 100000 23679 1 1 23679
33259 3600 5 100000 33243 1 1 33241
26231 3600 5 100000 26222 3 3 26222
40292 3600 5 100000 40286 1 1 40286
25372 3600 5 100000 25365 2 2 25365
23630 3600 5 100000 23626 2 2 23626
23055 3600 5 100000 23049 1 1 23049
22157 3600 5 100000 22150 2 2 22150
32266 3600 5 100000 32263 1 1 32262
20641 3600 5 100000 20634 3 3 20634
29760 3600 5 100000 28132 4 4 28132
25217 3600 5 100000 25214 1 1 25214
21267 3600 5 100000 21259 1 1 21259
34345 3600 5 100000 34315 1 1 34313
24212 3600 5 100000 24187 2 2 24186
43739 3600 5 100000 43734 2 2 43734
23749 3600 5 100000 23742 1 1 23742
42153 3600 5 100000 42151 2 2 42151
32980 3600 5 100000 32977 2 2 32977
23071 3600 5 100000 23062 2 2 23062
30255 3600 5 100000 30247 2 2 30246
28265 3600 5 100000 28261 2 2 28261
29942 3600 5 100000 29924 2 2 29922
30019 3600 5 100000 30011 3 3 30010
30798 3600 5 100000 30790 2 2 30790
23067 3600 5 100000 23058 1 1 23058
35133 3600 5 100000 35100 2 2 35100
24238 3600 5 100000 24228 2 3 24226
23757 3600 5 100000 23749 2 2 23749
38204 3600 5 100000 38200 1 1 38200
45833 3600 5 100000 45830 1 1 45830
27629 3600 5 100000 27621 1 1 27621
34270 3600 5 100000 34262 1 1 34262
25646 3600 5 100000 25639 1 1 25639
29750 3600 5 100000 29746 1 1 29746
27421 3600 5 100000 27414 1 1 27414
24303 3600 5 100000 24205 1 1 24203
32627 3600 5 100000 32619 4 4 32619
21961 3600 5 100000 21940 1 1 21939
29642 3600 5 100000 29637 3 3 29637
21455 3600 5 100000 21423 2 2 21423
23999 3600 5 100000 23995 1 1 23994
42265 3600 5 100000 42238 2 2 42236
31206 3600 5 100000 31199 2 2 31197
27672 3600 5 100000 27665 2 2 27664
36944 3600 5 100000 36936 1 1 36936
31194 3600 5 100000 31187 1 1 31187
21335 3600 5 100000 21327 1 1 21326
21825 3600 5 100000 21816 1 1 21816
25792 3600 5 100000 25788 2 2 25788
44850 3600 5 100000 44843 1 1 44843
27674 3600 5 100000 27670 1 1 27670
22744 3600 5 100000 22737 1 1 22736
29806 3600 5 100000 29799 2 2 29799
21628 3600 5 100000 21620 1 1 21620
24066 3600 5 100000 24062 2 2 24062
26109 3600 5 100000 26103 3 3 26102
24912 3600 5 100000 24904 1 1 24904
24824 3600 5 100000 24817 2 2 24816
43495 3600 5 100000 43491 1 1 43491
27891 3600 5 100000 27862 1 1 27860
27326 3600 5 100000 27316 2 2 27314
23891 3600 5 100000 23886 2 2 23886
28174 3600 5 100000 28168 4 4 28168
24172 3600 5 100000 24166 1 1 24165
29973 3600 5 100000 29943 3 3 29941
25161 3600 5 100000 25146 1 1 25144
24285 3600 5 100000 24258 3 3 24257
27995 3600 5 100000 27993 2 2 27993
41294 3600 5 100000 41287 3 3 41287
21709 3600 5 100000 21704 1 1 21704
35218 3600 5 100000 35212 1 1 35211
29616 3600 5 100000 29611 1 1 29611
30879 3600 5 100000 30875 1 1 30875
22931 3600 5 100000 22923 1 1 22923
26855 3600 5 100000 26851 4 4 26851
34619 3600 5 100000 34615 1 1 34615
25799 3600 5 100000 25796 1 1 25796
41814 3600 5 100000 41790 2 2 41789
31136 3600 5 100000 31134 1 1 31134
30592 3600 5 100000 30568 2 2 30566
29122 3600 5 100000 29119 1 1 29119
26426 3600 5 100000 26129 2 2 26127
46661 3600 5 100000 46651 2 2 46651
26242 3600 5 100000 26238 2 3 26238
33514 3600 5 100000 33510 2 2 33510
31176 3600 5 100000 31152 1 1 31151
31478 3600 5 100000 31470 1 1 31468
33915 3600 5 100000 33899 2 2 33898
46025 3600 5 100000 46015 2 2 46015
28155 3600 5 100000 28147 3 3 28147
39209 3600 5 100000 39202 1 1 39202
36143 3600 5 100000 36139 1 1 36139
25026 3600 5 100000 25019 1 1 25019
31112 3600 5 100000 31094 1 1 31091
29601 3600 5 100000 29576 1 1 29574
26431 3600 5 100000 26424 2 2 26424
26999 3600 5 100000 26990 3 3 26990
26842 3600 5 100000 26803 1 1 26801
28282 3600 5 100000 28279 2 2 28279
35417 3600 5 100000 35410 4 4 35410
26700 3600 5 100000 26696 1 1 26696
27073 3600 5 100000 27044 1 1 27043
32725 3600 5 100000 32700 1 1 32699
34187 3600 5 100000 34181 2 2 34181
27911 3600 5 100000 27907 2 2 27907
29391 3600 5 100000 29387 1 1 29387
36832 3600 5 100000 36829 2 2 36829
25157 3600 5 100000 25131 1 1 25130
24420 3600 5 100000 24417 2 2 24417
25856 3600 5 100000 25848 3 3 25848
21130 3600 5 100000 21128 1 1 21128
18929 3600 5 100000 18924 4 4 18923
20195 3600 5 100000 20189 1 1 20188
22190 3600 5 100000 22184 2 2 22184
22830 3600 5 100000 22800 2 2 22799
32676 3600 5 100000 32670 1 1 32670
24954 3600 5 100000 24948 3 3 24948
18113 3600 5 100000 18108 2 2 18107
21554 3600 5 100000 21551 1 1 21549
18653 3600 5 100000 18646 2 2 18646
25385 3600 5 100000 25379 2 2 25379
26029 3600 5 100000 26007 1 1 26006
22061 3600 5 100000 22046 1 1 22045
28474 3600 5 100000 28467 2 2 28467
22802 3600 5 100000 22778 2 2 22776
30677 3600 5 100000 30671 1 1 30671
28918 3600 5 100000 28912 3 3 28912
18115 3600 5 100000 18109 2 2 18109
24042 3600 5 100000 24007 1 1 24006
36869 3600 5 100000 36866 1 1 36866
16412 3600 5 100000 16402 2 2 16401
44395 3600 5 100000 44388 1 1 44388
31918 3600 5 100000 31624 2 2 31623
19781 3600 5 100000 19776 2 2 19776
28221 3600 5 100000 28209 2 3 28206
23121 3600 5 100000 23117 1 1 23117
17458 3600 5 100000 17443 2 2 17443
21437 3600 5 100000 21412 1 1 21411
23136 3600 5 100000 23112 3 3 23112
20107 3600 5 100000 20102 2 2 20102
20465 3600 5 100000 20461 2 2 20461
28922 3600 5 100000 28913 3 3 28912
20586 3600 5 100000 20582 2 2 20582
22981 3600 5 100000 22977 1 1 22977
22610 3600 5 100000 22600 2 2 22599
26229 3600 5 100000 26224 1 1 26224
20354 3600 5 100000 20339 1 1 20338
18613 3600 5 100000 18611 1 1 18611
21112 3600 5 100000 21104 3 3 21102
20881 3600 5 100000 20856 1 1 20855
21689 3600 5 100000 21685 2 2 21685
17155 3600 5 100000 17147 2 2 17146
23373 3600 5 100000 23368 1 1 23368
29352 3600 5 100000 29347 2 2 29347
14605 3600 5 100000 14600 1 1 14600
31958 3600 5 100000 31955 2 2 31954
25478 3600 5 100000 25454 1 1 25453
34923 3600 5 100000 34918 1 1 34918
25375 3600 5 100000 25370 2 2 25370
20860 3600 5 100000 20854 1 1 20854
21217 3600 5 100000 21215 3 3 21215
20300 3600 5 100000 20278 1 1 20277
17950 3600 5 100000 17945 1 1 17945
26939 3600 5 100000 26934 3 3 26934
21039 3600 5 100000 21034 2 2 21034
24987 3600 5 100000 24963 1 1 24962
21267 3600 5 100000 21263 2 2 21263
37563 3600 5 100000 37556 2 2 37556
24670 3600 5 100000 24665 2 2 24664
22437 3600 5 100000 22435 3 3 22435
27274 3600 5 100000 27268 1 1 27268
37600 3600 5 100000 37596 1 1 37596
18437 3600 5 100000 18432 1 1 18432
26621 3600 5 100000 26590 2 2 26588
34781 3600 5 100000 34778 1 1 34778
23978 3600 5 100000 23971 3 3 23971
