22507 3600 5 100000 22500 1 1 22500
30315 3600 5 100000 30299 3 3 30298
41316 3600 5 100000 41312 1 1 41312
25638 3600 5 100000 25635 1 1 25635
27790 3600 5 100000 27787 1 1 27787
34170 3600 5 100000 34162 1 1 34162
20157 3600 5 100000 20150 1 1 20150
27033 3600 5 100000 27026 1 1 27026
27461 3600 5 100000 27241 3 4 27239
23439 3600 5 100000 23432 2 2 23432
28469 3600 5 100000 28444 3 3 28442
23756 3600 5 100000 23750 1 1 23750
37812 3600 5 100000 37809 1 1 37809
22967 3600 5 100000 22957 3 3 22956
30044 3600 5 100000 30037 2 2 30037
29194 3600 5 100000 29187 1 1 29187
30725 3600 5 100000 30405 2 3 30403
24251 3600 5 100000 24244 2 2 24244
22494 3600 5 100000 22482 3 3 22481
35046 3600 5 100000 35016 2 2 35014
46020 3600 5 100000 46013 1 1 46013
23581 3600 5 100000 23555 2 2 23554
30375 3600 5 100000 30349 2 2 30348
35307 3600 5 100000 35302 1 1 35302
21414 3600 5 100000 21396 2 2 21394
28475 3600 5 100000 28468 1 1 28467
23456 3600 5 100000 23430 2 2 23428
21732 3600 5 100000 21723 1 1 21723
27763 3600 5 100000 27723 4 4 27720
28641 3600 5 100000 28636 1 1 28636
26760 3600 5 100000 26751 2 2 26751
33699 3600 5 100000 33691 3 3 33691
16801 3600 5 100000 16795 1 1 16795
21948 3600 5 100000 21927 2 2 21925
30217 3600 5 100000 30212 2 2 30211
28143 3600 5 100000 28140 1 1 28140
23911 3600 5 100000 23907 1 1 23907
30422 3600 5 100000 30414 1 1 30414
20034 3600 5 100000 20030 2 2 20030
25299 3600 5 100000 25292 1 1 25292
28211 3600 5 100000 28208 1 1 28208
31274 3600 5 100000 31260 3 3 31260
27991 3600 5 100000 27987 1 1 27987
23532 3600 5 100000 23527 2 2 23527
32401 3600 5 100000 32397 2 2 32397
28682 3600 5 100000 28674 1 1 28674
36771 3600 5 100000 36764 1 1 36764
24472 3600 5 100000 24458 2 2 24457
22910 3600 5 100000 22903 1 1 22902
29444 3600 5 100000 29414 3 3 29413
35514 3600 5 100000 35505 2 2 35505
22376 3600 5 100000 22371 2 2 22371
37079 3600 5 100000 37070 2 2 37070
32020 3600 5 100000 32012 1 1 32012
21544 3600 5 100000 21542 1 1 21542
19686 3600 5 100000 19679 1 1 19679
22105 3600 5 100000 22088 3 3 22087
25767 3600 5 100000 25764 1 1 25764
30770 3600 5 100000 30769 2 2 30769
35687 3600 5 100000 35678 1 1 35678
41345 3600 5 100000 41324 3 3 41322
43738 3600 5 100000 43734 1 1 43734
28042 3600 5 100000 28018 3 3 28017
23371 3600 5 100000 23365 4 4 23365
30659 3600 5 100000 30656 2 2 30656
35664 3600 5 100000 35656 1 1 35655
22049 3600 5 100000 22040 1 1 22040
23863 3600 5 100000 23856 1 1 23855
39817 3600 5 100000 39816 1 2 39815
31331 3600 5 100000 31327 2 2 31327
25799 3600 5 100000 25792 2 2 25790
26388 3600 5 100000 26364 2 2 26362
34085 3600 5 100000 34077 3 3 34077
37956 3600 5 100000 37932 2 2 37931
26865 3600 5 100000 26858 2 2 26858
31424 3600 5 100000 31416 2 2 31416
22809 3600 5 100000 22802 1 1 22802
28659 3600 5 100000 28653 1 1 28653
43175 3600 5 100000 43165 2 2 43165
23828 3600 5 100000 23822 1 1 23822
42870 3600 5 100000 42861 1 1 42861
39865 3600 5 100000 39838 1 1 39837
27346 3600 5 100000 27338 2 2 27338
24402 3600 5 100000 24396 1 1 24396
40791 3600 5 100000 40784 1 1 40784
26568 3600 5 100000 26562 1 1 26562
27909 3600 5 100000 27902 1 1 27902
26311 3600 5 100000 26306 1 1 26305
33409 3600 5 100000 33402 1 1 33402
26435 3600 5 100000 26426 1 1 26424
20178 3600 5 100000 20167 3 3 20167
21743 3600 5 100000 21724 1 1 21722
30130 3600 5 100000 30116 1 3 30116
23399 3600 5 100000 23391 1 1 23391
23792 3600 5 100000 23784 1 1 23784
57479 3600 5 100000 57471 2 2 57471
33698 3600 5 100000 33693 1 1 33693
19759 3600 5 100000 19757 1 1 19757
43285 3600 5 100000 43281 1 1 43281
26412 3600 5 100000 26410 1 1 26410
25720 3600 5 100000 25712 2 2 25711
26715 3600 5 100000 26708 2 2 26708
28910 3600 5 100000 28907 2 2 28907
21549 3600 5 100000 21544 1 1 21543
22509 3600 5 100000 22502 2 2 22502
24310 3600 5 100000 24306 1 1 24306
28468 3600 5 100000 28457 1 1 28457
25574 3600 5 100000 25567 1 1 25567
33403 3600 5 100000 33383 1 1 33380
25161 3600 5 100000 25151 2 2 25151
28788 3600 5 100000 28781 2 2 28781
41399 3600 5 100000 41393 4 4 41393
25913 3600 5 100000 25883 1 1 25881
33917 3600 5 100000 33876 2 2 33874
36992 3600 5 100000 36966 4 4 36964
21079 3600 5 100000 21072 2 2 21072
19357 3600 5 100000 19351 2 2 19351
22941 3600 5 100000 22938 1 1 22938
29028 3600 5 100000 29023 1 1 29023
21997 3600 5 100000 21991 1 1 21991
28012 3600 5 100000 28008 1 1 28008
30137 3600 5 100000 30130 1 1 30130
26961 3600 5 100000 26936 1 1 26935
20464 3600 5 100000 20439 2 2 20438
26186 3600 5 100000 26180 4 4 26180
39620 3600 5 100000 39615 1 1 39615
23451 3600 5 100000 23445 1 1 23445
22851 3600 5 100000 22847 1 1 22846
36008 3600 5 100000 35983 2 2 35981
34506 3600 5 100000 34501 3 3 34501
16261 3600 5 100000 16256 1 1 16256
22777 3600 5 100000 22755 4 4 22754
25207 3600 5 100000 25195 3 3 25193
23688 3600 5 100000 23685 2 2 23684
25875 3600 5 100000 25872 2 2 25872
21865 3600 5 100000 21861 1 1 21861
24143 3600 5 100000 24100 1 1 24099
26005 3600 5 100000 25999 3 3 25999
21199 3600 5 100000 21176 1 1 21176
28895 3600 5 100000 28892 2 2 28892
34181 3600 5 100000 34177 1 1 34177
28059 3600 5 100000 28054 1 1 28054
20973 3600 5 100000 20970 2 2 20970
23505 3600 5 100000 23501 1 1 23501
30107 3600 5 100000 30104 1 1 30104
20746 3600 5 100000 20740 1 1 20740
35454 3600 5 100000 35449 1 1 35449
21265 3600 5 100000 21260 1 1 21260
31240 3600 5 100000 31218 2 2 31217
20353 3600 5 100000 20348 1 1 20348
21809 3600 5 100000 21808 1 1 21808
27053 3600 5 100000 27033 2 2 27032
32978 3600 5 100000 32971 1 1 32971
35237 3600 5 100000 35235 1 1 35235
23653 3600 5 100000 23648 1 1 23648
35865 3600 5 100000 35860 1 1 35860
18737 3600 5 100000 18732 2 2 18732
20078 3600 5 100000 20056 2 2 20055
30973 3600 5 100000 30971 1 1 30971
33350 3600 5 100000 33326 3 3 33325
28450 3600 5 100000 28424 3 3 28423
23319 3600 5 100000 23293 3 3 23292
34488 3600 5 100000 34485 1 1 34485
17869 3600 5 100000 17863 1 1 17863
36210 3600 5 100000 36205 1 1 36205
21999 3600 5 100000 21979 2 2 21978
20658 3600 5 100000 20653 1 1 20653
20177 3600 5 100000 20172 1 1 20171
22457 3600 5 100000 22435 2 2 22434
20630 3600 5 100000 20628 1 1 20628
14477 3600 5 100000 14473 1 1 14473
23214 3600 5 100000 23209 1 1 23209
24729 3600 5 100000 24721 2 2 24720
21191 3600 5 100000 21187 1 1 21186
37316 3600 5 100000 37308 2 2 37308
26990 3600 5 100000 26988 2 2 26988
19826 3600 5 100000 19803 3 3 19802
24105 3600 5 100000 24099 2 2 24099
34745 3600 5 100000 34740 2 2 34740
25253 3600 5 100000 24985 4 4 24984
38899 3600 5 100000 38894 1 1 38894
18914 3600 5 100000 18909 2 2 18909
20843 3600 5 100000 20839 1 1 20838
23054 3600 5 100000 23050 1 1 23050
20675 3600 5 100000 20669 1 1 20669
20979 3600 5 100000 20974 1 1 20974
20993 3600 5 100000 20988 1 1 20988
24709 3600 5 100000 24678 3 3 24676
28815 3600 5 100000 28810 2 2 28810
30246 3600 5 100000 30240 1 1 30240
27663 3600 5 100000 27659 2 2 27658
22442 3600 5 100000 22439 1 1 22439
16169 3600 5 100000 16167 2 2 16167
19041 3600 5 100000 19037 1 1 19037
18189 3600 5 100000 18186 1 1 18186
26713 3600 5 100000 26708 1 1 26708
22277 3600 5 100000 22253 2 2 22252
23295 3600 5 100000 23274 2 2 23273
24115 3600 5 100000 24096 4 4 24095
16081 3600 5 100000 16080 1 1 16080
19108 3600 5 100000 19105 1 1 19105
24893 3600 5 100000 24888 2 2 24888
22480 3600 5 100000 22475 1 1 22475
29652 3600 5 100000 29628 3 3 29626
22460 3600 5 100000 22459 2 2 22458
25758 3600 5 100000 25757 1 1 25757
25183 3600 5 100000 25159 2 2 25158
20426 3600 5 100000 20421 1 1 20421
33885 3600 5 100000 33879 2 2 33879
26651 3600 5 100000 26644 1 1 26644
25390 3600 5 100000 25363 2 2 25361
31071 3600 5 100000 31040 2 2 31039
26736 3600 5 100000 26713 2 2 26712
37095 3600 5 100000 37065 2 2 37064
