22629 4225 5 100000 22626 3 3 22626
31026 4225 5 100000 31020 1 1 31020
29810 4225 5 100000 29804 1 1 29804
24730 4225 5 100000 24723 1 1 24723
27927 4225 5 100000 27924 1 1 27924
22233 4225 5 100000 22194 2 2 22193
23002 4225 5 100000 22998 2 2 22998
30275 4225 5 100000 30270 1 1 30269
26224 4225 5 100000 26219 1 1 26218
35320 4225 5 100000 35316 1 1 35316
27918 4225 5 100000 27912 3 3 27912
34347 4225 5 100000 34343 3 3 34343
31034 4225 5 100000 31029 2 2 31028
22614 4225 5 100000 22609 2 2 22608
26553 4225 5 100000 26549 1 1 26549
23470 4225 5 100000 23465 1 1 23465
18960 4225 5 100000 18956 1 1 18956
33598 4225 5 100000 33595 1 1 33595
24900 4225 5 100000 24875 3 3 24874
34141 4225 5 100000 34136 1 1 34135
20718 4225 5 100000 20714 1 1 20714
37239 4225 5 100000 37234 2 2 37234
24650 4225 5 100000 24645 1 1 24645
23752 4225 5 100000 23748 2 2 23748
21792 4225 5 100000 21779 3 3 21778
23542 4225 5 100000 23538 1 1 23538
23551 4225 5 100000 23546 1 1 23546
29034 4225 5 100000 29031 1 1 29031
25300 4225 5 100000 25296 2 2 25296
22060 4225 5 100000 22055 1 1 22055
23966 4225 5 100000 23963 1 1 23963
24449 4225 5 100000 24446 1 1 24446
20116 4225 5 100000 20111 1 1 20111
44305 4225 5 100000 44299 1 1 44299
44981 4225 5 100000 44973 2 2 44973
26948 4225 5 100000 26941 2 2 26940
33408 4225 5 100000 33401 2 2 33399
23431 4225 5 100000 23401 3 3 23400
21289 4225 5 100000 21284 1 1 21284
21072 4225 5 100000 21067 1 1 21067
28842 4225 5 100000 28837 1 1 28837
19848 4225 5 100000 19809 2 2 19808
17664 4225 5 100000 17622 2 2 17621
35192 4225 5 100000 35152 2 2 35150
34979 4225 5 100000 34939 2 2 34938
39155 4225 5 100000 39149 1 1 39149
19584 4225 5 100000 19543 2 2 19542
20545 4225 5 100000 20540 2 2 20540
28439 4225 5 100000 28433 4 4 28433
28264 4225 5 100000 28206 3 3 28205
27605 4225 5 100000 27599 3 3 27599
24447 4225 5 100000 24406 3 3 24405
25900 4225 5 100000 25875 2 2 25874
37097 4225 5 100000 37093 1 1 37093
24274 4225 5 100000 24270 2 2 24269
25222 4225 5 100000 25218 1 1 25217
26517 4225 5 100000 26513 1 1 26512
27735 4225 5 100000 27710 3 3 27708
20085 4225 5 100000 20078 1 1 20078
19797 4225 5 100000 19790 3 3 19788
18287 4225 5 100000 18273 2 2 18272
17627 4225 5 100000 17621 1 1 17621
23684 4225 5 100000 23679 1 1 23679
24763 4225 5 100000 24756 1 1 24756
29309 4225 5 100000 29302 1 1 29302
20399 4225 5 100000 20393 1 1 20393
28754 4225 5 100000 28751 1 1 28751
25339 4225 5 100000 25331 2 2 25331
32075 4225 5 100000 32032 1 1 32031
29835 4225 5 100000 29779 3 3 29778
25814 4225 5 100000 25809 4 4 25809
23238 4225 5 100000 23196 2 2 23194
25794 4225 5 100000 25791 3 3 25791
26434 4225 5 100000 26425 1 1 26425
26283 4225 5 100000 26281 2 2 26281
22126 4225 5 100000 22120 4 4 22120
28608 4225 5 100000 28602 2 2 28602
24377 4225 5 100000 24374 1 1 24374
23696 4225 5 100000 23694 1 1 23694
28785 4225 5 100000 28779 1 1 28779
31696 4225 5 100000 31690 2 2 31690
24476 4225 5 100000 24468 1 1 24468
26250 4225 5 100000 26244 2 2 26244
29246 4225 5 100000 29238 2 2 29238
28707 4225 5 100000 28703 1 1 28703
23419 4225 5 100000 23403 2 2 23402
24088 4225 5 100000 24079 1 1 24079
38724 4225 5 100000 38718 2 2 38718
20324 4225 5 100000 20320 1 1 20320
19222 4225 5 100000 19216 2 2 19216
44011 4225 5 100000 43966 2 2 43965
35509 4225 5 100000 35506 1 1 35506
19974 4225 5 100000 19928 3 3 19927
27994 4225 5 100000 27948 1 1 27947
27057 4225 5 100000 27050 2 2 27049
43100 4225 5 100000 43093 2 2 43093
37007 4225 5 100000 36997 1 1 36997
45934 4225 5 100000 45931 1 1 45931
48199 4225 5 100000 48148 1 1 48146
26054 4225 5 100000 26045 1 1 26045
28114 4225 5 100000 28107 2 2 28107
31990 4225 5 100000 31096 4 4 31095
44078 4225 5 100000 44073 1 1 44072
46171 4225 5 100000 46119 2 3 46117
45023 4225 5 100000 44979 1 1 44978
34370 4225 5 100000 34292 2 2 34292
31056 4225 5 100000 31052 3 3 31052
27563 4225 5 100000 27554 1 1 27554
31657 4225 5 100000 31649 1 1 31649
32265 4225 5 100000 32262 1 1 32262
27274 4225 5 100000 27265 1 1 27264
42044 4225 5 100000 42038 1 1 42038
36834 4225 5 100000 36818 1 1 36817
41087 4225 5 100000 41079 2 2 41079
29589 4225 5 100000 29581 2 2 29581
22059 4225 5 100000 22053 2 2 22053
31047 4225 5 100000 30998 1 1 30996
38258 4225 5 100000 38251 1 1 38251
44344 4225 5 100000 44296 2 2 44294
30098 4225 5 100000 30093 1 1 30093
30680 4225 5 100000 30678 2 2 30678
33417 4225 5 100000 33390 1 1 33389
51070 4225 5 100000 51069 1 1 51069
23752 4225 5 100000 23746 3 3 23746
50370 4225 5 100000 50362 2 2 50362
47304 4225 5 100000 47297 1 1 47297
27295 4225 5 100000 27291 1 1 27291
23872 4225 5 100000 23863 1 1 23863
28519 4225 5 100000 28512 1 1 28512
32099 4225 5 100000 32096 1 1 32096
41976 4225 5 100000 41968 1 1 41968
43614 4225 5 100000 43560 1 1 43558
30814 4225 5 100000 30805 1 1 30805
30018 4225 5 100000 30011 2 2 30011
32870 4225 5 100000 32862 1 1 32862
40101 4225 5 100000 40051 1 1 40049
27869 4225 5 100000 27816 1 1 27814
44166 4225 5 100000 44159 1 1 44159
29415 4225 5 100000 29412 2 2 29412
46242 4225 5 100000 46196 2 2 46196
27116 4225 5 100000 27112 2 2 27112
22254 4225 5 100000 22243 1 1 22242
37015 4225 5 100000 37008 1 1 37008
45915 4225 5 100000 45907 2 2 45907
34170 4225 5 100000 34126 1 1 34125
33356 4225 5 100000 33348 3 3 33348
35699 4225 5 100000 35690 1 1 35690
29482 4225 5 100000 29479 1 1 29479
28700 4225 5 100000 28696 2 2 28696
31440 4225 5 100000 31433 1 1 31433
49587 4225 5 100000 49584 1 1 49584
48845 4225 5 100000 48796 1 1 48794
29926 4225 5 100000 29920 1 1 29920
34176 4225 5 100000 34144 1 1 34142
41691 4225 5 100000 41687 1 1 41687
28897 4225 5 100000 28889 3 3 28889
33675 4225 5 100000 33673 1 1 33673
33342 4225 5 100000 33336 2 2 33336
34385 4225 5 100000 33772 2 2 33771
38586 4225 5 100000 38582 1 1 38582
41360 4225 5 100000 41314 1 1 41313
41286 4225 5 100000 41283 1 1 41283
24371 4225 5 100000 24364 2 3 24363
44557 4225 5 100000 44548 1 1 44548
29143 4225 5 100000 29091 2 2 29090
47121 4225 5 100000 47072 1 1 47070
47337 4225 5 100000 47332 1 1 47332
27612 4225 5 100000 27607 1 1 27607
24707 4225 5 100000 24635 2 2 24634
45985 4225 5 100000 45981 3 3 45981
29342 4225 5 100000 29325 1 1 29323
30995 4225 5 100000 30988 1 1 30988
39238 4225 5 100000 39185 7 7 39184
26977 4225 5 100000 26970 2 2 26969
29327 4225 5 100000 29322 2 2 29322
46404 4225 5 100000 46400 1 1 46400
45195 4225 5 100000 45191 2 2 45191
35815 4225 5 100000 35806 1 1 35806
47882 4225 5 100000 47878 1 1 47878
51304 4225 5 100000 51298 1 1 51298
39632 4225 5 100000 39584 1 1 39582
28502 4225 5 100000 28493 1 1 28491
36612 4225 5 100000 36585 2 2 36584
30737 4225 5 100000 30733 1 1 30733
29104 4225 5 100000 29083 1 1 29081
22561 4225 5 100000 22553 1 1 22553
30572 4225 5 100000 30547 2 2 30546
30954 4225 5 100000 30953 1 2 30953
28496 4225 5 100000 28495 2 2 28495
33912 4225 5 100000 33910 1 1 33910
34714 4225 5 100000 34706 3 3 34706
47344 4225 5 100000 47293 1 1 47291
23357 4225 5 100000 23354 2 2 23354
46618 4225 5 100000 46610 1 1 46610
20639 4225 5 100000 20631 1 1 20631
44165 4225 5 100000 44115 1 1 44114
45145 4225 5 100000 45139 1 1 45139
27901 4225 5 100000 27897 2 2 27897
27811 4225 5 100000 27802 1 1 27802
37865 4225 5 100000 37863 2 2 37863
31622 4225 5 100000 31614 3 3 31614
41516 4225 5 100000 41510 2 2 41510
31846 4225 5 100000 31747 1 1 31745
50788 4225 5 100000 50786 2 2 50786
44060 4225 5 100000 44054 1 1 44053
27310 4225 5 100000 27301 1 1 27300
30189 4225 5 100000 30184 2 2 30183
36143 4225 5 100000 36137 1 1 36137
50162 4225 5 100000 50155 3 3 50155
34616 4225 5 100000 34567 1 1 34565
31765 4225 5 100000 31718 1 1 31716
33323 4225 5 100000 33321 1 1 33321
42541 4225 5 100000 42516 2 2 42516
29245 4225 5 100000 29237 4 4 29237
39967 4225 5 100000 39911 1 1 39910
31599 4225 5 100000 31593 2 2 31593
42897 4225 5 100000 42894 2 2 42894
38263 4225 5 100000 38255 1 1 38255
25262 4225 5 100000 25240 2 2 25238
45437 4225 5 100000 45394 1 1 45393
25888 4225 5 100000 25843 2 2 25842
31053 4225 5 100000 31021 1 1 31019
