34710 4225 5 100000 34659 3 3 34658
23465 4225 5 100000 23458 1 1 23458
27678 4225 5 100000 27631 2 2 27630
24656 4225 5 100000 24607 2 2 24605
24934 4225 5 100000 24932 1 1 24932
33585 4225 5 100000 33579 1 1 33578
29037 4225 5 100000 29033 1 1 29033
23698 4225 5 100000 23694 1 1 23693
22926 4225 5 100000 22923 1 1 22923
27393 4225 5 100000 27353 3 3 27351
29387 4225 5 100000 29382 1 1 29382
20715 4225 5 100000 20713 2 2 20713
26333 4225 5 100000 26284 2 2 26283
23335 4225 5 100000 23330 1 1 23330
26550 4225 5 100000 26525 2 2 26524
24178 4225 5 100000 24173 1 1 24172
21840 4225 5 100000 21834 2 2 21834
29251 4225 5 100000 29248 1 1 29248
24134 4225 5 100000 24109 2 2 24108
24192 4225 5 100000 24187 1 1 24187
25078 4225 5 100000 25070 2 2 25070
24306 4225 5 100000 24301 1 1 24301
25757 4225 5 100000 25715 2 2 25714
25318 4225 5 100000 25313 1 1 25313
31048 4225 5 100000 31044 1 1 31044
22002 4225 5 100000 21998 1 1 21998
22627 4225 5 100000 22624 1 1 22624
30178 4225 5 100000 30136 2 2 30135
29096 4225 5 100000 29091 1 1 29091
23500 4225 5 100000 23496 1 1 23496
22994 4225 5 100000 22989 1 1 22989
19980 4225 5 100000 19940 2 2 19939
27665 4225 5 100000 27641 2 2 27640
27616 4225 5 100000 27599 3 3 27597
27174 4225 5 100000 27133 2 2 27132
27636 4225 5 100000 27632 1 1 27632
22102 4225 5 100000 22059 2 2 22058
37494 4225 5 100000 37450 3 3 37448
23081 4225 5 100000 23033 2 2 23032
44580 4225 5 100000 44575 1 1 44574
24308 4225 5 100000 24269 2 2 24268
26984 4225 5 100000 26939 2 2 26938
22305 4225 5 100000 22301 1 1 22301
23797 4225 5 100000 23792 2 2 23790
40031 4225 5 100000 39984 2 2 39983
32747 4225 5 100000 32740 2 2 32740
42777 4225 5 100000 42772 1 1 42771
27891 4225 5 100000 27887 1 1 27887
31049 4225 5 100000 31004 2 2 31002
21151 4225 5 100000 21146 1 1 21145
34089 4225 5 100000 34069 3 3 34067
35687 4225 5 100000 35682 1 1 35682
34418 4225 5 100000 34412 1 1 34412
27657 4225 5 100000 27651 1 1 27651
26451 4225 5 100000 26445 1 1 26444
27429 4225 5 100000 27422 1 1 27422
22493 4225 5 100000 22486 3 3 22485
28115 4225 5 100000 28108 1 1 28108
25695 4225 5 100000 25689 1 1 25689
22937 4225 5 100000 22931 1 1 22931
25206 4225 5 100000 25198 1 1 25197
27856 4225 5 100000 27850 2 2 27850
25300 4225 5 100000 25294 1 1 25294
42279 4225 5 100000 42271 1 1 42271
51889 4225 5 100000 51885 1 1 51885
24886 4225 5 100000 24841 3 3 24840
49499 4225 5 100000 49448 2 2 49446
33872 4225 5 100000 33866 2 2 33866
26174 4225 5 100000 26166 1 1 26166
35179 4225 5 100000 35172 2 2 35172
31220 4225 5 100000 31192 3 3 31191
34712 4225 5 100000 34708 1 1 34708
51091 4225 5 100000 51079 1 1 51079
30741 4225 5 100000 30734 1 1 30733
44547 4225 5 100000 44497 2 2 44495
30370 4225 5 100000 30360 1 1 30360
32500 4225 5 100000 32492 1 1 32491
35484 4225 5 100000 35476 2 2 35476
33597 4225 5 100000 33592 1 1 33592
35993 4225 5 100000 35945 4 4 35944
26481 4225 5 100000 26478 1 1 26478
28360 4225 5 100000 28352 3 3 28352
39894 4225 5 100000 39891 1 1 39891
38400 4225 5 100000 38382 3 3 38381
24148 4225 5 100000 24078 4 4 24076
33321 4225 5 100000 33317 1 1 33317
29333 4225 5 100000 29323 1 1 29323
47957 4225 5 100000 47953 1 1 47953
29327 4225 5 100000 29317 1 1 29317
24558 4225 5 100000 24550 2 2 24550
29352 4225 5 100000 29345 1 1 29345
24274 4225 5 100000 24221 2 2 24220
42052 4225 5 100000 42046 1 1 42046
48328 4225 5 100000 48326 1 1 48326
44102 4225 5 100000 44098 2 2 44098
33082 4225 5 100000 33074 1 1 33074
28433 4225 5 100000 28426 1 1 28426
45792 4225 5 100000 45782 1 1 45782
32962 4225 5 100000 32954 1 1 32954
32110 4225 5 100000 32101 1 1 32101
28706 4225 5 100000 28704 1 1 28704
28194 4225 5 100000 28191 1 1 28191
41719 4225 5 100000 41713 1 1 41713
37747 4225 5 100000 37692 2 2 37689
46131 4225 5 100000 46126 1 1 46126
29439 4225 5 100000 29419 2 2 29418
30496 4225 5 100000 30445 3 3 30443
26605 4225 5 100000 26598 2 2 26598
47633 4225 5 100000 47626 1 1 47626
28585 4225 5 100000 28556 2 2 28554
26267 4225 5 100000 26256 3 3 26254
23153 4225 5 100000 23151 1 1 23151
45972 4225 5 100000 45964 2 2 45964
42248 4225 5 100000 42236 1 1 42236
33641 4225 5 100000 33591 2 2 33589
29953 4225 5 100000 29923 2 2 29921
47334 4225 5 100000 47327 1 1 47327
28877 4225 5 100000 28870 1 1 28870
36633 4225 5 100000 36588 3 3 36587
20856 4225 5 100000 20848 1 1 20848
25407 4225 5 100000 25400 1 1 25400
37566 4225 5 100000 37558 2 2 37558
36546 4225 5 100000 36542 1 1 36542
39329 4225 5 100000 39321 1 1 39321
26260 4225 5 100000 26214 4 4 26213
29813 4225 5 100000 29764 2 2 29763
36265 4225 5 100000 36256 2 2 36256
33340 4225 5 100000 33338 1 1 33338
28101 4225 5 100000 28094 1 1 28094
26362 4225 5 100000 26359 1 1 26359
35610 4225 5 100000 35599 4 4 35598
41106 4225 5 100000 41102 1 1 41102
31440 4225 5 100000 31020 3 3 31018
34417 4225 5 100000 34411 1 1 34411
21872 4225 5 100000 21865 1 1 21865
32860 4225 5 100000 32853 1 1 32853
25139 4225 5 100000 25131 1 1 25131
33548 4225 5 100000 33542 2 2 33540
44046 4225 5 100000 44038 1 1 44038
44357 4225 5 100000 44350 1 1 44350
27429 4225 5 100000 27412 2 2 27410
38671 4225 5 100000 38668 1 1 38668
30906 4225 5 100000 30895 2 2 30892
37178 4225 5 100000 37130 2 2 37128
29536 4225 5 100000 29528 1 1 29528
27372 4225 5 100000 27366 2 2 27366
46567 4225 5 100000 46564 1 1 46564
33517 4225 5 100000 33469 3 3 33467
29571 4225 5 100000 29540 2 2 29540
47206 4225 5 100000 47202 1 1 47202
29782 4225 5 100000 29778 1 1 29778
45050 4225 5 100000 45042 1 1 45042
37536 4225 5 100000 37529 1 1 37529
34132 4225 5 100000 34128 1 1 34128
25068 4225 5 100000 25065 2 2 25065
51288 4225 5 100000 51284 1 1 51283
41313 4225 5 100000 41303 1 1 41303
32455 4225 5 100000 32428 3 3 32427
30132 4225 5 100000 30123 1 1 30123
42479 4225 5 100000 42476 1 1 42476
32238 4225 5 100000 32229 1 1 32229
28067 4225 5 100000 28062 1 1 28062
30211 4225 5 100000 30209 2 2 30208
25851 4225 5 100000 25849 1 1 25849
26876 4225 5 100000 26871 1 1 26871
23756 4225 5 100000 23724 3 3 23722
43159 4225 5 100000 43151 1 1 43151
36310 4225 5 100000 36302 1 1 36302
24183 4225 5 100000 24180 2 2 24180
38764 4225 5 100000 38715 3 3 38713
31340 4225 5 100000 31333 1 1 31333
53947 4225 5 100000 53901 2 2 53900
25885 4225 5 100000 25883 2 2 25883
34946 4225 5 100000 34938 1 1 34938
40732 4225 5 100000 40684 2 2 40684
47620 4225 5 100000 47613 1 1 47613
28422 4225 5 100000 28416 1 1 28416
31448 4225 5 100000 31402 3 3 31401
29738 4225 5 100000 29736 1 1 29736
41278 4225 5 100000 41227 3 3 41225
31501 4225 5 100000 31493 1 1 31493
28262 4225 5 100000 28259 1 1 28259
29564 4225 5 100000 29495 3 3 29494
34876 4225 5 100000 34873 1 1 34873
30426 4225 5 100000 30418 1 1 30418
41322 4225 5 100000 41271 2 2 41269
49743 4225 5 100000 49740 1 1 49740
22893 4225 5 100000 22883 2 2 22882
47735 4225 5 100000 47678 2 2 47675
35907 4225 5 100000 35898 1 1 35898
27978 4225 5 100000 27970 1 1 27970
32020 4225 5 100000 32016 2 2 32016
27365 4225 5 100000 27359 2 2 27359
25758 4225 5 100000 25745 2 2 25743
28182 4225 5 100000 28137 3 3 28137
45051 4225 5 100000 45048 1 1 45048
32004 4225 5 100000 31997 1 1 31997
39396 4225 5 100000 39352 2 2 39350
47551 4225 5 100000 47544 2 2 47544
38602 4225 5 100000 38598 1 1 38598
46395 4225 5 100000 46388 1 1 46388
23598 4225 5 100000 23593 4 4 23593
27188 4225 5 100000 27142 2 2 27141
42123 4225 5 100000 42043 2 2 42042
41611 4225 5 100000 41609 2 2 41609
42805 4225 5 100000 42798 1 1 42798
26023 4225 5 100000 26016 2 2 26016
26878 4225 5 100000 26873 1 1 26873
21396 4225 5 100000 21382 2 2 21380
49007 4225 5 100000 49005 2 2 49005
37828 4225 5 100000 37825 1 1 37825
31348 4225 5 100000 31345 1 1 31345
31416 4225 5 100000 31411 1 1 31411
27430 4225 5 100000 27424 2 2 27424
28784 4225 5 100000 28781 1 1 28781
33564 4225 5 100000 33562 1 1 33562
39496 4225 5 100000 39452 2 2 39451
23857 4225 5 100000 23812 2 2 23811
32800 4225 5 100000 32754 3 3 32752
28053 4225 5 100000 28046 1 1 28046
25523 4225 5 100000 25479 2 2 25478
25649 4225 5 100000 25596 2 2 25593
31386 4225 5 100000 31360 2 2 31359
25863 4225 5 100000 25856 1 1 25856
25265 4225 5 100000 25253 3 3 25252
