21477 4225 5 100000 21473 2 2 21473
26819 4225 5 100000 26812 1 1 26812
29114 4225 5 100000 29108 2 2 29108
36776 4225 5 100000 36769 1 1 36769
23378 4225 5 100000 23372 1 1 23371
28458 4225 5 100000 28452 1 1 28452
32554 4225 5 100000 32544 3 3 32542
19097 4225 5 100000 19090 1 1 19090
34139 4225 5 100000 34137 1 1 34137
21878 4225 5 100000 21873 1 1 21873
32948 4225 5 100000 32942 2 2 32942
24335 4225 5 100000 24307 2 2 24305
28073 4225 5 100000 28072 2 2 28072
35589 4225 5 100000 35541 3 3 35540
34212 4225 5 100000 34183 3 3 34182
29691 4225 5 100000 29685 2 2 29685
27173 4225 5 100000 27167 1 1 27167
44942 4225 5 100000 44934 1 1 44934
26748 4225 5 100000 26744 1 1 26744
47154 4225 5 100000 47147 1 1 47147
25575 4225 5 100000 25568 1 1 25568
33235 4225 5 100000 33231 1 1 33231
25930 4225 5 100000 25924 1 1 25924
24343 4225 5 100000 24338 2 2 24337
25357 4225 5 100000 25345 2 2 25343
33159 4225 5 100000 33151 2 2 33151
23759 4225 5 100000 23712 2 2 23711
26219 4225 5 100000 26213 1 1 26213
24259 4225 5 100000 24252 2 2 24250
28583 4225 5 100000 28579 2 2 28579
32131 4225 5 100000 32123 1 1 32123
30480 4225 5 100000 30429 2 2 30427
24539 4225 5 100000 24535 2 2 24535
28711 4225 5 100000 28701 1 1 28701
32161 4225 5 100000 32100 2 2 32099
28266 4225 5 100000 28263 2 2 28263
31237 4225 5 100000 31212 2 2 31210
33450 4225 5 100000 33404 2 2 33403
31753 4225 5 100000 31726 2 2 31724
43554 4225 5 100000 43551 1 1 43550
39735 4225 5 100000 39731 1 1 39731
24854 4225 5 100000 24846 1 1 24846
31263 4225 5 100000 31254 1 1 31254
32023 4225 5 100000 31968 2 2 31967
27473 4225 5 100000 27470 2 2 27470
24675 4225 5 100000 24669 2 2 24667
34680 4225 5 100000 34676 2 2 34676
52044 4225 5 100000 52042 1 1 52042
28190 4225 5 100000 28183 1 1 28183
30836 4225 5 100000 30828 3 3 30828
35236 4225 5 100000 34351 2 3 34349
35629 4225 5 100000 34740 2 3 34738
33185 4225 5 100000 33179 1 1 33178
40249 4225 5 100000 40244 1 1 40244
33168 4225 5 100000 33162 2 2 33162
38586 4225 5 100000 38584 3 3 38583
27373 4225 5 100000 27366 1 1 27366
37236 4225 5 100000 37232 1 1 37232
31056 4225 5 100000 31048 1 1 31048
25930 4225 5 100000 25926 1 1 25926
29382 4225 5 100000 29361 3 3 29359
29881 4225 5 100000 29835 2 2 29834
23345 4225 5 100000 23336 2 2 23335
25881 4225 5 100000 25830 2 2 25828
23834 4225 5 100000 23826 1 1 23826
46031 4225 5 100000 46027 1 1 46027
41082 4225 5 100000 41033 3 3 41031
31309 4225 5 100000 31283 2 2 31282
46820 4225 5 100000 46768 2 2 46766
34030 4225 5 100000 33978 2 2 33976
47518 4225 5 100000 47512 1 1 47511
29808 4225 5 100000 29804 1 1 29804
30232 4225 5 100000 30222 1 1 30222
38043 4225 5 100000 37986 2 2 37984
30220 4225 5 100000 30191 2 2 30189
27161 4225 5 100000 27154 1 1 27154
28998 4225 5 100000 28945 2 2 28943
26929 4225 5 100000 26917 3 3 26915
27678 4225 5 100000 27672 1 1 27672
30319 4225 5 100000 30305 2 2 30302
22432 4225 5 100000 22425 1 1 22425
25627 4225 5 100000 25616 4 4 25615
27201 4225 5 100000 27156 2 2 27154
28121 4225 5 100000 28098 2 2 28096
51035 4225 5 100000 51007 2 2 51006
51055 4225 5 100000 51048 1 1 51047
48980 4225 5 100000 48972 1 1 48972
33535 4225 5 100000 32647 2 3 32645
37675 4225 5 100000 37651 2 2 37649
38580 4225 5 100000 38576 1 1 38576
32950 4225 5 100000 32899 2 2 32897
30906 4225 5 100000 30902 1 1 30902
49939 4225 5 100000 49931 1 1 49931
24145 4225 5 100000 24141 2 2 24141
30231 4225 5 100000 30225 1 1 30225
36923 4225 5 100000 36894 2 2 36892
31758 4225 5 100000 31750 1 1 31750
28812 4225 5 100000 28760 2 2 28759
22253 4225 5 100000 22244 3 3 22241
26102 4225 5 100000 26097 1 1 26097
28481 4225 5 100000 28469 1 1 28469
47770 4225 5 100000 47762 1 1 47762
39123 4225 5 100000 39114 1 1 39114
31932 4225 5 100000 31881 3 3 31880
28814 4225 5 100000 28811 1 1 28811
32919 4225 5 100000 32916 1 1 32916
22010 4225 5 100000 22001 1 1 22001
28075 4225 5 100000 28072 2 2 28072
30640 4225 5 100000 30632 1 1 30632
33607 4225 5 100000 33603 1 1 33603
28643 4225 5 100000 28640 1 1 28640
35781 4225 5 100000 35734 2 2 35733
31539 4225 5 100000 30636 2 3 30635
28112 4225 5 100000 28105 1 1 28105
39942 4225 5 100000 39935 1 1 39935
23619 4225 5 100000 23616 1 1 23616
32853 4225 5 100000 32848 1 1 32848
29153 4225 5 100000 29150 1 1 29150
32237 4225 5 100000 32188 2 2 32186
30400 4225 5 100000 30352 2 2 30350
45549 4225 5 100000 45540 1 1 45540
36502 4225 5 100000 36497 1 1 36497
27007 4225 5 100000 27000 1 1 27000
35370 4225 5 100000 35364 1 1 35364
35431 4225 5 100000 35421 1 1 35421
31456 4225 5 100000 31450 1 1 31450
28138 4225 5 100000 28069 2 2 28067
28525 4225 5 100000 28522 1 1 28521
29672 4225 5 100000 29665 1 1 29665
49454 4225 5 100000 49450 2 2 49449
32294 4225 5 100000 32292 2 2 32292
27875 4225 5 100000 27836 3 3 27825
32363 4225 5 100000 32354 1 1 32354
28441 4225 5 100000 28438 2 2 28438
31996 4225 5 100000 31991 2 2 31991
33235 4225 5 100000 33208 2 2 33206
26293 4225 5 100000 26282 2 2 26281
35865 4225 5 100000 35861 1 1 35861
29965 4225 5 100000 29919 2 2 29917
46468 4225 5 100000 46456 1 1 46456
24868 4225 5 100000 24865 1 1 24865
32138 4225 5 100000 32124 4 4 32122
22658 4225 5 100000 22655 1 1 22655
31899 4225 5 100000 31867 2 2 31865
30108 4225 5 100000 30101 1 1 30101
27328 4225 5 100000 27283 2 2 27282
27724 4225 5 100000 27721 1 1 27721
46176 4225 5 100000 46170 2 2 46170
25829 4225 5 100000 25811 4 4 25810
39915 4225 5 100000 39907 1 1 39907
32769 4225 5 100000 32761 1 1 32761
28062 4225 5 100000 28033 2 2 28032
35159 4225 5 100000 35151 1 1 35151
26198 4225 5 100000 26186 2 2 26186
38813 4225 5 100000 38806 1 1 38806
37408 4225 5 100000 37399 1 1 37399
38073 4225 5 100000 38066 1 1 38066
34455 4225 5 100000 34403 1 1 34402
40194 4225 5 100000 40189 3 3 40189
36034 4225 5 100000 36026 1 1 36026
34712 4225 5 100000 34662 1 1 34661
30680 4225 5 100000 30678 2 2 30678
23510 4225 5 100000 23507 1 1 23507
32624 4225 5 100000 32577 1 1 32576
35877 4225 5 100000 35832 2 2 35830
31260 4225 5 100000 31253 3 3 31253
23645 4225 5 100000 23640 1 1 23640
31049 4225 5 100000 31002 2 2 31001
25276 4225 5 100000 25270 2 2 25269
24453 4225 5 100000 24441 1 1 24440
22850 4225 5 100000 22798 4 4 22797
21849 4225 5 100000 21842 3 3 21842
41186 4225 5 100000 41180 1 1 41180
47431 4225 5 100000 47428 1 1 47428
32591 4225 5 100000 32586 2 2 32586
28760 4225 5 100000 28757 1 1 28757
24927 4225 5 100000 24921 2 2 24921
38897 4225 5 100000 38890 1 1 38890
25355 4225 5 100000 25350 1 1 25350
22301 4225 5 100000 22299 1 1 22299
29829 4225 5 100000 29822 2 2 29822
28861 4225 5 100000 28857 1 1 28857
29733 4225 5 100000 29704 1 1 29703
32635 4225 5 100000 32628 2 2 32628
30949 4225 5 100000 30944 1 1 30943
24545 4225 5 100000 24540 2 2 24540
41064 4225 5 100000 41057 1 1 41057
37265 4225 5 100000 37259 1 1 37259
32650 4225 5 100000 32643 1 1 32643
31160 4225 5 100000 31158 1 1 31158
44740 4225 5 100000 44731 1 1 44731
34077 4225 5 100000 34069 1 1 34069
27862 4225 5 100000 27856 1 1 27856
33972 4225 5 100000 33928 1 1 33927
38362 4225 5 100000 38358 3 3 38358
27234 4225 5 100000 27230 1 1 27230
28067 4225 5 100000 28061 1 1 28061
29999 4225 5 100000 29982 1 1 29980
23036 4225 5 100000 23011 2 2 23010
19328 4225 5 100000 19289 2 2 19288
25982 4225 5 100000 25975 3 3 25975
29153 4225 5 100000 29147 1 1 29146
33740 4225 5 100000 33737 1 1 33737
32071 4225 5 100000 32046 1 1 32045
25510 4225 5 100000 25504 2 2 25504
26110 4225 5 100000 26108 1 1 26108
28636 4225 5 100000 28629 1 1 28629
36597 4225 5 100000 36552 1 1 36550
34670 4225 5 100000 34623 2 2 34622
37521 4225 5 100000 37514 3 3 37514
25694 4225 5 100000 25687 2 2 25687
27451 4225 5 100000 27444 2 2 27444
32072 4225 5 100000 32032 1 1 32031
21834 4225 5 100000 21825 1 1 21825
28352 4225 5 100000 28311 2 2 28309
20005 4225 5 100000 19996 1 1 19996
42524 4225 5 100000 42516 2 2 42515
30513 4225 5 100000 30507 1 1 30507
25962 4225 5 100000 25960 1 1 25960
24841 4225 5 100000 24836 1 1 24835
