28772 4225 5 100000 28766 2 2 28766
49481 4225 5 100000 49480 2 2 49480
30289 4225 5 100000 30284 1 1 30284
22650 4225 5 100000 22643 1 1 22642
32438 4225 5 100000 32408 3 3 32407
39097 4225 5 100000 38202 1 1 38201
26845 4225 5 100000 26763 2 3 26761
31743 4225 5 100000 31705 3 3 31703
22819 4225 5 100000 22814 2 2 22814
40328 4225 5 100000 40320 1 1 40320
25244 4225 5 100000 25239 1 1 25239
28628 4225 5 100000 28620 2 2 28620
36552 4225 5 100000 36549 1 1 36549
21165 4225 5 100000 21157 2 2 21156
31442 4225 5 100000 31438 2 2 31438
31079 4225 5 100000 31073 1 1 31073
47393 4225 5 100000 47389 1 1 47389
31946 4225 5 100000 31926 1 1 31924
30264 4225 5 100000 30216 2 2 30214
24828 4225 5 100000 24818 2 2 24818
30862 4225 5 100000 30855 3 3 30855
43175 4225 5 100000 43169 1 1 43169
28896 4225 5 100000 28889 1 1 28889
28698 4225 5 100000 28641 1 1 28639
30439 4225 5 100000 30431 2 2 30431
42485 4225 5 100000 42380 1 1 42378
28889 4225 5 100000 28877 2 2 28875
32914 4225 5 100000 32906 2 2 32906
37682 4225 5 100000 37674 1 1 37674
45749 4225 5 100000 45746 1 1 45745
26857 4225 5 100000 26855 2 2 26854
41564 4225 5 100000 41513 2 2 41511
28076 4225 5 100000 27182 2 2 27180
25246 4225 5 100000 25231 2 3 25231
32182 4225 5 100000 32154 1 1 32152
18926 4225 5 100000 18919 2 2 18919
45744 4225 5 100000 45696 1 1 45694
38551 4225 5 100000 38545 3 3 38544
34544 4225 5 100000 34541 1 1 34541
25989 4225 5 100000 25661 2 2 25659
25037 4225 5 100000 25036 3 4 25036
30553 4225 5 100000 30545 2 2 30545
31427 4225 5 100000 31420 1 1 31420
26324 4225 5 100000 26319 1 1 26319
25339 4225 5 100000 25334 1 1 25334
31177 4225 5 100000 31124 1 1 31122
49132 4225 5 100000 49124 3 3 49124
52846 4225 5 100000 52800 1 1 52799
26841 4225 5 100000 26835 2 2 26835
26438 4225 5 100000 26388 1 1 26386
28355 4225 5 100000 28349 3 3 28349
23298 4225 5 100000 23292 1 1 23292
34456 4225 5 100000 34448 2 2 34448
25512 4225 5 100000 25510 1 1 25510
25205 4225 5 100000 25201 1 1 25200
33807 4225 5 100000 33802 1 1 33801
30827 4225 5 100000 30823 2 2 30823
26917 4225 5 100000 26911 1 1 26911
28980 4225 5 100000 28972 1 1 28972
35691 4225 5 100000 35625 1 1 35624
30502 4225 5 100000 30493 4 4 30493
27383 4225 5 100000 27333 2 2 27331
46241 4225 5 100000 46233 3 3 46233
36226 4225 5 100000 36217 1 1 36217
28820 4225 5 100000 28812 1 1 28811
30524 4225 5 100000 30521 2 2 30521
25442 4225 5 100000 25435 1 1 25435
26929 4225 5 100000 26926 1 1 26926
27419 4225 5 100000 27408 1 1 27407
28258 4225 5 100000 28252 2 2 28252
28283 4225 5 100000 28276 1 1 28276
25368 4225 5 100000 25342 1 1 25341
25184 4225 5 100000 25180 2 2 25179
37788 4225 5 100000 37780 2 2 37780
33202 4225 5 100000 33200 1 1 33200
32966 4225 5 100000 32965 1 1 32965
44556 4225 5 100000 44550 1 1 44550
42373 4225 5 100000 42365 1 1 42365
27826 4225 5 100000 27775 1 1 27774
41070 4225 5 100000 41018 3 3 41016
37484 4225 5 100000 37456 2 2 37454
37883 4225 5 100000 37877 3 3 37876
32599 4225 5 100000 32593 1 1 32593
28749 4225 5 100000 28746 1 1 28746
30467 4225 5 100000 30418 1 1 30417
22352 4225 5 100000 22345 2 2 22345
33688 4225 5 100000 33657 1 1 33656
33329 4225 5 100000 33279 2 2 33277
36679 4225 5 100000 36676 3 3 36676
25073 4225 5 100000 25065 1 1 25065
31150 4225 5 100000 31143 1 1 31143
28158 4225 5 100000 28152 1 1 28152
30925 4225 5 100000 30917 1 1 30917
45511 4225 5 100000 45502 2 2 45502
25768 4225 5 100000 25766 2 2 25766
32054 4225 5 100000 32029 1 1 32028
29742 4225 5 100000 29737 2 2 29736
32730 4225 5 100000 32722 1 1 32722
31027 4225 5 100000 31021 2 2 31021
28986 4225 5 100000 28937 1 1 28936
32400 4225 5 100000 32393 2 2 32393
26909 4225 5 100000 26905 1 1 26905
59243 4225 5 100000 59240 2 2 59240
29481 4225 5 100000 29475 2 2 29475
30785 4225 5 100000 30739 1 1 30737
25919 4225 5 100000 25916 2 2 25916
23119 4225 5 100000 23116 2 2 23116
25955 4225 5 100000 25951 1 1 25951
25201 4225 5 100000 25172 2 2 25171
21875 4225 5 100000 21868 2 2 21868
30527 4225 5 100000 30517 2 2 30517
42954 4225 5 100000 42948 1 1 42948
44808 4225 5 100000 44802 1 1 44802
30322 4225 5 100000 30314 2 2 30314
34945 4225 5 100000 34936 1 1 34936
35105 4225 5 100000 35073 1 1 35071
37975 4225 5 100000 37946 3 3 37945
29731 4225 5 100000 29724 3 3 29724
35825 4225 5 100000 35819 1 1 35819
25194 4225 5 100000 25191 1 1 25191
38117 4225 5 100000 38111 2 2 38111
47106 4225 5 100000 47098 1 1 47097
47127 4225 5 100000 47121 2 2 47121
38979 4225 5 100000 38972 1 1 38972
27994 4225 5 100000 27930 1 1 27929
29612 4225 5 100000 29605 4 4 29605
31056 4225 5 100000 31012 1 1 31011
20724 4225 5 100000 20678 2 2 20677
27802 4225 5 100000 27796 2 2 27796
46646 4225 5 100000 46641 1 1 46641
24578 4225 5 100000 24565 2 2 24564
22345 4225 5 100000 22322 2 2 22321
19834 4225 5 100000 19832 2 2 19832
30680 4225 5 100000 30674 1 1 30674
24158 4225 5 100000 24154 1 1 24154
48527 4225 5 100000 48482 1 1 48480
22000 4225 5 100000 21953 3 3 21952
28442 4225 5 100000 28440 2 2 28440
31213 4225 5 100000 31170 1 1 31168
22593 4225 5 100000 22585 2 2 22585
34854 4225 5 100000 34850 1 1 34850
35938 4225 5 100000 35897 1 1 35895
41890 4225 5 100000 41885 2 2 41885
32187 4225 5 100000 32141 1 1 32139
27286 4225 5 100000 27223 3 3 27222
28086 4225 5 100000 28081 4 4 28081
22067 4225 5 100000 22064 1 1 22064
30384 4225 5 100000 30367 2 2 30366
28733 4225 5 100000 28705 3 3 28704
32469 4225 5 100000 32422 3 3 32421
20590 4225 5 100000 20577 2 2 20576
26446 4225 5 100000 26441 3 3 26441
46332 4225 5 100000 46330 1 1 46330
19339 4225 5 100000 19336 1 1 19336
22214 4225 5 100000 22203 1 1 22202
36779 4225 5 100000 36772 1 1 36772
28935 4225 5 100000 28879 1 1 28877
29538 4225 5 100000 29532 2 2 29532
27663 4225 5 100000 27657 2 2 27657
23697 4225 5 100000 23693 1 1 23693
23261 4225 5 100000 23258 1 1 23258
23158 4225 5 100000 23136 1 1 23135
28829 4225 5 100000 28823 4 4 28823
31568 4225 5 100000 31522 1 1 31521
24008 4225 5 100000 23981 2 2 23981
30938 4225 5 100000 30931 2 2 30931
27992 4225 5 100000 27984 1 1 27984
25590 4225 5 100000 25585 1 1 25585
26823 4225 5 100000 26818 3 3 26818
33297 4225 5 100000 33253 1 1 33251
39806 4225 5 100000 39804 3 3 39804
33059 4225 5 100000 33054 1 1 33054
25844 4225 5 100000 25837 1 1 25837
27443 4225 5 100000 26565 1 1 26563
28518 4225 5 100000 28515 5 6 28515
27612 4225 5 100000 27609 1 1 27609
27119 4225 5 100000 27113 1 1 27113
29666 4225 5 100000 29662 1 1 29662
23201 4225 5 100000 23195 1 1 23195
24654 4225 5 100000 24649 1 1 24649
38243 4225 5 100000 38196 1 1 38196
31334 4225 5 100000 31277 2 2 31275
24104 4225 5 100000 24097 2 2 24096
21853 4225 5 100000 21808 1 2 21807
25067 4225 5 100000 25023 2 2 25022
26052 4225 5 100000 26009 2 2 26008
36353 4225 5 100000 36341 3 3 36340
24125 4225 5 100000 24120 1 1 24120
25566 4225 5 100000 25561 1 1 25561
38401 4225 5 100000 38395 1 1 38395
20096 4225 5 100000 20090 1 1 20090
25868 4225 5 100000 25860 1 1 25860
20454 4225 5 100000 20452 1 1 20452
25060 4225 5 100000 25056 1 1 25056
22959 4225 5 100000 22954 1 1 22954
48090 4225 5 100000 48077 1 1 48077
34745 4225 5 100000 34699 1 1 34698
26112 4225 5 100000 26068 2 2 26067
31747 4225 5 100000 31731 2 2 31729
20741 4225 5 100000 20736 2 2 20736
20707 4225 5 100000 20699 1 1 20699
32775 4225 5 100000 32770 2 2 32770
39385 4225 5 100000 39342 1 1 39341
26900 4225 5 100000 26893 2 2 26893
