30295 4900 5 100000 30288 2 2 30288
43360 4900 5 100000 43354 1 1 43354
38510 4900 5 100000 38429 3 3 38428
30800 4900 5 100000 30794 1 1 30794
39423 4900 5 100000 39416 1 1 39416
27917 4900 5 100000 27910 2 2 27910
45364 4900 5 100000 45357 2 2 45357
48003 4900 5 100000 47924 3 3 47923
41148 4900 5 100000 41142 1 1 41142
28793 4900 5 100000 28712 3 3 28711
39646 4900 5 100000 39639 1 1 39639
31182 4900 5 100000 31176 1 1 31176
26117 4900 5 100000 26110 1 1 26110
20863 4900 5 100000 20857 2 2 20857
26557 4900 5 100000 26553 1 1 26553
30870 4900 5 100000 30864 2 2 30864
27325 4900 5 100000 27319 2 2 27319
34228 4900 5 100000 34222 1 1 34222
25977 4900 5 100000 25931 2 2 25930
44866 4900 5 100000 44788 2 2 44786
22907 4900 5 100000 22901 1 1 22901
23479 4900 5 100000 23474 1 1 23474
37345 4900 5 100000 37343 1 1 37343
28162 4900 5 100000 28156 1 1 28156
29441 4900 5 100000 29432 3 3 29431
33466 4900 5 100000 33461 1 1 33461
28847 4900 5 100000 28804 2 2 28803
47487 4900 5 100000 47408 2 2 47407
43185 4900 5 100000 43178 2 2 43178
27420 4900 5 100000 27416 1 1 27416
27432 4900 5 100000 27424 2 2 27424
23183 4900 5 100000 23181 1 1 23181
23729 4900 5 100000 23722 1 1 23722
47829 4900 5 100000 47751 2 2 47750
30233 4900 5 100000 30227 1 1 30227
26903 4900 5 100000 26899 2 2 26899
33811 4900 5 100000 33804 1 1 33804
23604 4900 5 100000 23557 2 2 23555
22303 4900 5 100000 22220 3 3 22219
39240 4900 5 100000 39236 2 2 39236
45807 4900 5 100000 45804 1 1 45804
36314 4900 5 100000 36239 3 3 36237
33864 4900 5 100000 33782 2 2 33781
30010 4900 5 100000 29154 3 3 29152
31235 4900 5 100000 31228 1 1 31228
21353 4900 5 100000 21348 2 2 21348
29607 4900 5 100000 29602 1 1 29602
21114 4900 5 100000 21090 2 2 21088
28411 4900 5 100000 28409 1 1 28409
29066 4900 5 100000 29063 2 2 29063
26695 4900 5 100000 26689 1 1 26689
32439 4900 5 100000 32434 1 1 32434
27978 4900 5 100000 27972 1 1 27972
22976 4900 5 100000 22971 1 1 22970
24546 4900 5 100000 24541 1 1 24541
27397 4900 5 100000 27317 3 3 27316
35941 4900 5 100000 35849 3 3 35848
29771 4900 5 100000 29728 2 2 29727
27226 4900 5 100000 27221 1 1 27221
46097 4900 5 100000 46090 1 1 46090
33828 4900 5 100000 33739 2 2 33738
23857 4900 5 100000 23843 3 3 23841
30495 4900 5 100000 30488 2 2 30488
32292 4900 5 100000 32288 1 1 32288
26849 4900 5 100000 26846 1 1 26846
29606 4900 5 100000 29597 1 1 29595
34253 4900 5 100000 34246 2 2 34246
42803 4900 5 100000 42796 1 1 42796
30982 4900 5 100000 30976 1 1 30976
26455 4900 5 100000 26452 1 1 26452
27921 4900 5 100000 27917 1 1 27917
38494 4900 5 100000 38445 1 1 38444
29230 4900 5 100000 29225 3 3 29225
35369 4900 5 100000 35362 1 1 35362
27106 4900 5 100000 27076 3 3 27074
30849 4900 5 100000 30842 2 2 30841
31043 4900 5 100000 31034 2 2 31034
22634 4900 5 100000 22628 1 1 22628
29375 4900 5 100000 29367 1 1 29367
23715 4900 5 100000 23709 1 1 23709
25038 4900 5 100000 25034 2 2 25034
48054 4900 5 100000 48052 1 1 48052
28513 4900 5 100000 28435 2 2 28434
27905 4900 5 100000 27901 3 3 27901
20911 4900 5 100000 20903 1 1 20903
54450 4900 5 100000 54442 1 1 54442
45183 4900 5 100000 45174 1 1 45174
35106 4900 5 100000 35096 1 1 35096
34826 4900 5 100000 34819 2 2 34818
43991 4900 5 100000 43981 1 1 43980
28434 4900 5 100000 28427 5 5 28427
35213 4900 5 100000 35208 3 3 35208
34570 4900 5 100000 34564 1 1 34563
29793 4900 5 100000 29785 1 1 29785
47698 4900 5 100000 47614 1 1 47613
26372 4900 5 100000 26365 2 2 26365
38428 4900 5 100000 38417 1 1 38415
31293 4900 5 100000 31283 3 3 31281
37235 4900 5 100000 37228 3 3 37228
34102 4900 5 100000 33979 2 2 33977
24049 4900 5 100000 24040 3 3 24040
28415 4900 5 100000 28411 2 2 28411
28826 4900 5 100000 28820 2 2 28819
47988 4900 5 100000 47900 1 1 47898
40811 4900 5 100000 40808 3 3 40808
31811 4900 5 100000 31721 1 1 31720
36792 4900 5 100000 36784 3 3 36784
27981 4900 5 100000 27975 1 1 27974
37670 4900 5 100000 37666 2 2 37666
49742 4900 5 100000 49733 1 1 49733
32927 4900 5 100000 32924 1 1 32924
38500 4900 5 100000 38493 1 1 38493
22194 4900 5 100000 22192 1 1 22191
37465 4900 5 100000 37419 1 1 37417
28463 4900 5 100000 28460 3 3 28459
50537 4900 5 100000 50530 1 1 50530
33006 4900 5 100000 32918 1 1 32916
47848 4900 5 100000 47844 2 2 47844
32929 4900 5 100000 32927 2 2 32927
49009 4900 5 100000 48918 2 2 48917
35676 4900 5 100000 35669 3 3 35669
44872 4900 5 100000 44780 1 1 44779
36745 4900 5 100000 36739 2 2 36739
28671 4900 5 100000 28540 1 1 28540
41613 4900 5 100000 41586 3 3 41584
37411 4900 5 100000 37401 3 3 37401
31597 4900 5 100000 31586 1 1 31584
25916 4900 5 100000 25911 2 2 25911
46692 4900 5 100000 46684 1 1 46684
34376 4900 5 100000 34287 1 1 34285
35207 4900 5 100000 35122 3 3 35121
26574 4900 5 100000 26565 2 2 26565
26313 4900 5 100000 26305 2 2 26305
28792 4900 5 100000 28766 1 1 28764
30024 4900 5 100000 30016 3 3 30016
31258 4900 5 100000 31205 1 1 31203
31759 4900 5 100000 31750 2 2 31750
28950 4900 5 100000 28944 1 1 28944
38371 4900 5 100000 38367 1 1 38367
41725 4900 5 100000 41673 1 1 41672
32911 4900 5 100000 32820 2 2 32819
54835 4900 5 100000 54742 2 2 54740
29270 4900 5 100000 29180 2 2 29179
37280 4900 5 100000 37250 3 3 37247
25559 4900 5 100000 25556 3 3 25556
48588 4900 5 100000 48582 1 1 48582
31714 4900 5 100000 31708 1 1 31707
36166 4900 5 100000 36159 1 1 36159
34354 4900 5 100000 34264 2 2 34262
50473 4900 5 100000 50464 3 3 50464
34232 4900 5 100000 34228 1 1 34228
47740 4900 5 100000 47736 1 1 47735
46816 4900 5 100000 46729 1 1 46727
46994 4900 5 100000 46987 2 2 46986
27720 4900 5 100000 27629 1 1 27628
49833 4900 5 100000 49829 4 4 49829
44218 4900 5 100000 44128 1 1 44127
51111 4900 5 100000 51024 2 2 51023
41436 4900 5 100000 41431 3 3 41431
41451 4900 5 100000 41401 1 1 41400
31213 4900 5 100000 31210 3 3 31210
44368 4900 5 100000 44359 1 1 44359
32141 4900 5 100000 32135 1 1 32135
31431 4900 5 100000 31426 1 1 31426
30850 4900 5 100000 30841 1 1 30841
38192 4900 5 100000 38190 1 1 38190
38183 4900 5 100000 38095 1 1 38094
31644 4900 5 100000 31640 3 3 31640
38145 4900 5 100000 38139 1 1 38138
30895 4900 5 100000 30892 3 3 30892
35398 4900 5 100000 35390 1 1 35390
51932 4900 5 100000 51843 1 1 51841
30319 4900 5 100000 30307 2 2 30306
34250 4900 5 100000 34160 2 2 34158
35690 4900 5 100000 35683 3 3 35682
49437 4900 5 100000 49426 3 3 49426
35338 4900 5 100000 35330 1 1 35330
33324 4900 5 100000 33273 2 2 33271
37577 4900 5 100000 37572 3 3 37572
46001 4900 5 100000 45907 2 2 45906
41824 4900 5 100000 41817 2 2 41816
47177 4900 5 100000 47083 3 3 47081
52961 4900 5 100000 52953 2 2 52953
43935 4900 5 100000 43932 1 1 43932
34377 4900 5 100000 34373 1 1 34373
33141 4900 5 100000 33055 1 1 33054
50177 4900 5 100000 50170 2 2 50170
24426 4900 5 100000 24416 2 2 24414
26260 4900 5 100000 26252 2 2 26252
37016 4900 5 100000 36966 1 1 36965
25120 4900 5 100000 25112 3 3 25112
36804 4900 5 100000 36794 1 1 36792
41427 4900 5 100000 41418 2 2 41416
25459 4900 5 100000 25453 3 3 25452
48854 4900 5 100000 48767 1 1 48766
42762 4900 5 100000 42752 2 2 42752
33753 4900 5 100000 33744 1 1 33741
43262 4900 5 100000 43172 2 2 43171
40697 4900 5 100000 40689 2 2 40689
40714 4900 5 100000 40705 1 1 40705
28801 4900 5 100000 28710 1 1 28709
31275 4900 5 100000 31268 3 3 31267
33371 4900 5 100000 33364 2 2 33364
39576 4900 5 100000 39571 1 1 39571
45750 4900 5 100000 45743 1 1 45743
32599 4900 5 100000 32596 1 1 32596
22128 4900 5 100000 22122 1 1 22122
36428 4900 5 100000 36420 1 1 36420
33424 4900 5 100000 33422 1 1 33422
40601 4900 5 100000 40555 1 1 40554
53067 4900 5 100000 52977 2 2 52975
36001 4900 5 100000 35993 4 4 35993
32471 4900 5 100000 32462 1 1 32462
33073 4900 5 100000 33065 1 1 33065
29810 4900 5 100000 29806 1 1 29806
40395 4900 5 100000 40349 4 4 40348
36613 4900 5 100000 36604 2 2 36603
32499 4900 5 100000 32494 2 2 32494
40096 4900 5 100000 40088 1 1 40087
36548 4900 5 100000 36539 1 1 36539
