28252 4900 5 100000 28250 1 1 28250
34715 4900 5 100000 34708 1 1 34708
28199 4900 5 100000 28192 1 1 28191
29386 4900 5 100000 29377 1 1 29377
25364 4900 5 100000 25359 1 1 25359
24890 4900 5 100000 24810 2 2 24809
29698 4900 5 100000 29652 3 3 29651
25444 4900 5 100000 25438 1 1 25438
21934 4900 5 100000 21929 2 2 21928
32422 4900 5 100000 32414 2 2 32414
32230 4900 5 100000 32222 1 1 32221
26105 4900 5 100000 26100 1 1 26100
38646 4900 5 100000 36316 2 3 36315
26290 4900 5 100000 26285 3 3 26285
27988 4900 5 100000 27980 2 2 27980
32714 4900 5 100000 32708 1 1 32708
30647 4900 5 100000 30642 1 1 30641
30037 4900 5 100000 30034 2 2 30034
30419 4900 5 100000 30414 1 1 30414
31018 4900 5 100000 31013 1 1 31013
44891 4900 5 100000 44887 1 1 44887
27627 4900 5 100000 27624 1 1 27624
31562 4900 5 100000 31483 2 2 31482
23916 4900 5 100000 23912 1 1 23912
25676 4900 5 100000 25672 1 1 25672
28300 4900 5 100000 28295 1 1 28295
39274 4900 5 100000 39268 1 1 39268
41500 4900 5 100000 41495 2 2 41495
32019 4900 5 100000 32016 1 1 32016
25045 4900 5 100000 25042 1 1 25042
35789 4900 5 100000 35785 1 1 35785
27155 4900 5 100000 27153 1 1 27152
30426 4900 5 100000 30423 2 2 30423
34264 4900 5 100000 34257 1 1 34257
27150 4900 5 100000 27099 2 2 27097
43832 4900 5 100000 43751 2 2 43750
30693 4900 5 100000 30686 1 1 30686
25557 4900 5 100000 25551 2 2 25551
25314 4900 5 100000 25305 1 1 25305
28598 4900 5 100000 28591 1 1 28591
33496 4900 5 100000 33468 2 2 33466
35772 4900 5 100000 35768 1 1 35768
50628 4900 5 100000 50624 1 1 50624
22418 4900 5 100000 22416 2 2 22416
34726 4900 5 100000 34720 1 1 34720
32157 4900 5 100000 32150 1 1 32150
44310 4900 5 100000 44302 1 1 44301
24221 4900 5 100000 24214 3 3 24214
26427 4900 5 100000 26420 5 5 26420
36321 4900 5 100000 36315 2 2 36315
25228 4900 5 100000 25223 1 1 25223
29623 4900 5 100000 29544 2 2 29543
32704 4900 5 100000 32694 3 3 32693
38834 4900 5 100000 38828 1 1 38828
40458 4900 5 100000 40379 2 2 40378
29618 4900 5 100000 29611 2 2 29611
25897 4900 5 100000 25894 1 1 25894
25087 4900 5 100000 25006 2 2 25005
30434 4900 5 100000 30349 2 2 30347
29833 4900 5 100000 29827 1 1 29827
47419 4900 5 100000 47414 1 1 47414
34327 4900 5 100000 34324 1 1 34324
51838 4900 5 100000 51831 1 1 51831
40975 4900 5 100000 40971 1 1 40971
34911 4900 5 100000 34908 1 1 34907
35427 4900 5 100000 35400 3 3 35398
47201 4900 5 100000 47193 1 1 47193
50792 4900 5 100000 50700 2 2 50698
35863 4900 5 100000 35856 1 1 35855
33111 4900 5 100000 33107 2 2 33107
47299 4900 5 100000 47291 2 2 47291
27146 4900 5 100000 27142 2 2 27142
32093 4900 5 100000 32086 1 1 32086
51602 4900 5 100000 51513 2 2 51511
29337 4900 5 100000 29330 1 1 29330
31314 4900 5 100000 31308 1 1 31308
47250 4900 5 100000 47243 1 1 47243
33074 4900 5 100000 33066 1 1 33066
45013 4900 5 100000 44914 2 2 44912
30015 4900 5 100000 29930 2 2 29929
30714 4900 5 100000 30624 2 2 30623
45825 4900 5 100000 45822 1 1 45822
33764 4900 5 100000 33678 2 2 33677
44132 4900 5 100000 44041 2 2 44039
34527 4900 5 100000 34520 1 1 34519
36089 4900 5 100000 36080 1 1 36080
30917 4900 5 100000 30912 1 1 30912
34034 4900 5 100000 34029 2 2 34029
28339 4900 5 100000 28336 1 1 28336
35640 4900 5 100000 35633 1 1 35633
31951 4900 5 100000 31943 1 1 31943
31339 4900 5 100000 31252 2 2 31250
31100 4900 5 100000 31096 4 4 31096
35087 4900 5 100000 35079 1 1 35079
32790 4900 5 100000 32781 1 1 32781
34439 4900 5 100000 34435 1 1 34435
27590 4900 5 100000 27582 3 3 27582
49495 4900 5 100000 49490 2 2 49490
43619 4900 5 100000 43616 1 1 43616
41212 4900 5 100000 41124 3 3 41123
34341 4900 5 100000 34253 2 2 34251
47071 4900 5 100000 47070 1 1 47070
38601 4900 5 100000 38598 1 1 38598
37242 4900 5 100000 37238 1 1 37238
29616 4900 5 100000 29609 1 1 29609
36661 4900 5 100000 36656 1 1 36656
40326 4900 5 100000 40323 1 1 40323
31176 4900 5 100000 31169 1 1 31169
37076 4900 5 100000 37068 1 1 37068
37042 4900 5 100000 37035 2 2 37035
45056 4900 5 100000 44910 2 2 44908
29540 4900 5 100000 29536 3 3 29536
53562 4900 5 100000 53558 1 1 53558
29275 4900 5 100000 29270 1 1 29270
42457 4900 5 100000 42369 3 3 42367
36572 4900 5 100000 36569 1 1 36569
36874 4900 5 100000 36867 1 1 36867
27401 4900 5 100000 27394 1 1 27394
29755 4900 5 100000 29751 1 1 29751
32877 4900 5 100000 32871 1 1 32871
35167 4900 5 100000 35159 1 1 35159
50953 4900 5 100000 50948 1 1 50948
45895 4900 5 100000 45888 2 2 45888
49970 4900 5 100000 49964 1 1 49963
31817 4900 5 100000 31625 2 2 31623
28134 4900 5 100000 28127 1 1 28127
36892 4900 5 100000 36802 2 2 36800
42702 4900 5 100000 42698 1 1 42698
47641 4900 5 100000 47549 3 3 47547
54303 4900 5 100000 54296 1 1 54296
40618 4900 5 100000 40526 2 2 40524
27178 4900 5 100000 27173 2 2 27172
42313 4900 5 100000 42225 2 2 42224
31819 4900 5 100000 31815 3 3 31815
31301 4900 5 100000 31248 2 2 31246
37181 4900 5 100000 37087 2 2 37085
41248 4900 5 100000 41241 1 1 41241
53915 4900 5 100000 53908 2 2 53908
31211 4900 5 100000 31207 1 1 31207
56404 4900 5 100000 56397 1 1 56397
29717 4900 5 100000 29689 2 2 29688
39717 4900 5 100000 39713 1 1 39712
29498 4900 5 100000 29489 1 1 29489
33252 4900 5 100000 33246 1 1 33246
32412 4900 5 100000 32320 2 2 32319
51166 4900 5 100000 51083 2 2 51081
50700 4900 5 100000 50605 2 2 50603
37946 4900 5 100000 37937 1 1 37937
35155 4900 5 100000 35068 2 2 35068
44625 4900 5 100000 44616 2 2 44616
39717 4900 5 100000 39711 1 1 39711
30015 4900 5 100000 30007 3 3 30007
27334 4900 5 100000 27332 1 1 27332
33411 4900 5 100000 33384 2 2 33382
26996 4900 5 100000 26993 1 1 26993
37751 4900 5 100000 37748 1 1 37748
28724 4900 5 100000 28717 2 2 28717
52660 4900 5 100000 52652 1 1 52652
33089 4900 5 100000 32962 3 3 32960
58533 4900 5 100000 58522 1 1 58522
27258 4900 5 100000 27255 2 2 27255
35662 4900 5 100000 35486 3 3 35484
36258 4900 5 100000 36254 1 1 36254
34335 4900 5 100000 34332 1 1 34332
44255 4900 5 100000 44247 1 1 44246
38158 4900 5 100000 38011 3 3 38009
47104 4900 5 100000 47096 1 1 47096
36665 4900 5 100000 36652 2 2 36651
38299 4900 5 100000 38291 2 2 38291
29347 4900 5 100000 29345 1 1 29345
35457 4900 5 100000 35455 2 2 35455
50108 4900 5 100000 50100 1 1 50100
46265 4900 5 100000 46262 1 1 46262
32116 4900 5 100000 32114 2 2 32114
28630 4900 5 100000 28627 1 1 28627
32845 4900 5 100000 32761 2 2 32759
27001 4900 5 100000 26994 3 3 26993
59808 4900 5 100000 59801 1 1 59801
34281 4900 5 100000 34274 1 1 34274
50166 4900 5 100000 50076 2 2 50074
33119 4900 5 100000 33116 1 1 33116
26221 4900 5 100000 26214 2 2 26214
38280 4900 5 100000 38193 4 4 38191
26602 4900 5 100000 26593 1 1 26593
31359 4900 5 100000 31269 2 2 31268
52033 4900 5 100000 52024 1 1 52024
33120 4900 5 100000 33114 1 1 33114
31845 4900 5 100000 31750 2 2 31749
37150 4900 5 100000 37051 2 2 37049
52986 4900 5 100000 52979 2 2 52979
28918 4900 5 100000 28911 1 1 28911
37069 4900 5 100000 37023 3 3 37021
50192 4900 5 100000 50108 3 3 50107
37090 4900 5 100000 37088 2 2 37088
28594 4900 5 100000 28570 4 4 28569
30718 4900 5 100000 30710 1 1 30710
26839 4900 5 100000 26833 1 1 26833
47574 4900 5 100000 47572 1 1 47572
42945 4900 5 100000 42941 1 1 42941
37723 4900 5 100000 37721 1 1 37720
33646 4900 5 100000 33617 2 2 33615
32738 4900 5 100000 32658 3 3 32657
32936 4900 5 100000 32929 1 1 32929
30238 4900 5 100000 30146 3 3 30145
27946 4900 5 100000 27893 2 2 27890
30653 4900 5 100000 30573 3 3 30572
42706 4900 5 100000 42700 1 1 42700
30173 4900 5 100000 30163 4 4 30163
19841 4900 5 100000 19834 1 1 19834
36284 4900 5 100000 36203 2 2 36201
44389 4900 5 100000 44386 1 1 44386
34922 4900 5 100000 34835 2 2 34832
30045 4900 5 100000 30036 1 1 30036
32490 4900 5 100000 32397 3 3 32395
41095 4900 5 100000 41087 1 1 41087
36551 4900 5 100000 36547 1 1 36547
42262 4900 5 100000 42255 1 1 42255
47962 4900 5 100000 47870 2 2 47869
29836 4900 5 100000 29832 1 1 29832
