27478 4900 5 100000 27471 1 1 27471
48282 4900 5 100000 48201 3 3 48200
25900 4900 5 100000 25892 1 1 25891
24154 4900 5 100000 24147 1 1 24147
35385 4900 5 100000 35380 2 2 35380
28094 4900 5 100000 28014 2 2 28013
26686 4900 5 100000 26682 1 1 26681
52891 4900 5 100000 52889 1 1 52889
36118 4900 5 100000 36110 1 1 36110
45616 4900 5 100000 45610 1 1 45610
23675 4900 5 100000 23637 4 4 23636
26455 4900 5 100000 26428 5 5 26427
29474 4900 5 100000 29391 2 2 29390
28342 4900 5 100000 28336 1 1 28336
27617 4900 5 100000 27520 2 2 27519
29098 4900 5 100000 29091 2 2 29091
32005 4900 5 100000 32001 1 1 32001
29135 4900 5 100000 29132 1 1 29132
30628 4900 5 100000 30625 1 1 30625
19916 4900 5 100000 19909 1 1 19909
28177 4900 5 100000 28170 4 4 28168
25638 4900 5 100000 25634 1 1 25634
29882 4900 5 100000 29767 3 3 29766
30818 4900 5 100000 30812 1 1 30812
33661 4900 5 100000 33655 1 1 33655
22577 4900 5 100000 22571 2 2 22571
42446 4900 5 100000 42442 1 1 42442
31648 4900 5 100000 31642 1 1 31642
35567 4900 5 100000 35560 1 1 35560
30832 4900 5 100000 30822 1 1 30822
32733 4900 5 100000 32727 4 4 32727
34774 4900 5 100000 34767 1 1 34767
30683 4900 5 100000 30679 2 2 30679
36921 4900 5 100000 36829 2 2 36828
36048 4900 5 100000 36039 2 2 36039
32756 4900 5 100000 32749 1 1 32749
46106 4900 5 100000 46014 2 2 46012
30607 4900 5 100000 30599 2 2 30599
27251 4900 5 100000 27248 2 2 27248
29324 4900 5 100000 29312 2 2 29310
30803 4900 5 100000 30794 1 1 30794
32135 4900 5 100000 32130 2 2 32130
55396 4900 5 100000 55390 1 1 55390
27256 4900 5 100000 27249 1 1 27249
27442 4900 5 100000 27436 7 7 27436
55481 4900 5 100000 55476 1 1 55476
35315 4900 5 100000 35311 2 2 35311
40194 4900 5 100000 40101 3 3 40100
34226 4900 5 100000 34221 2 2 34221
31279 4900 5 100000 31275 1 1 31275
47205 4900 5 100000 47198 1 1 47198
58226 4900 5 100000 58136 2 2 58135
36791 4900 5 100000 36701 2 2 36699
35302 4900 5 100000 35294 1 1 35294
28312 4900 5 100000 28223 3 3 28222
31813 4900 5 100000 31804 1 1 31804
26208 4900 5 100000 26160 2 2 26159
33505 4900 5 100000 33498 1 1 33498
35055 4900 5 100000 35002 2 2 35000
39803 4900 5 100000 39754 2 2 39753
50635 4900 5 100000 50627 2 2 50627
26141 4900 5 100000 26139 1 1 26139
41902 4900 5 100000 41894 1 1 41894
52721 4900 5 100000 52714 1 1 52713
35485 4900 5 100000 35475 1 1 35475
53216 4900 5 100000 53209 1 1 53208
50456 4900 5 100000 50447 1 1 50447
39317 4900 5 100000 39227 3 3 39224
35691 4900 5 100000 35688 2 2 35688
36829 4900 5 100000 36821 1 1 36821
35493 4900 5 100000 35487 1 1 35487
32874 4900 5 100000 32867 2 2 32867
42974 4900 5 100000 42971 1 1 42971
32315 4900 5 100000 32313 1 1 32313
32080 4900 5 100000 32076 1 1 32076
31451 4900 5 100000 28829 3 4 28829
52354 4900 5 100000 52257 2 2 52256
23861 4900 5 100000 23834 2 2 23833
37376 4900 5 100000 37360 3 3 37360
52568 4900 5 100000 52566 1 1 52566
29257 4900 5 100000 29133 6 6 29133
55876 4900 5 100000 55869 1 1 55869
29005 4900 5 100000 29000 2 2 29000
31524 4900 5 100000 31517 1 1 31516
37554 4900 5 100000 37522 2 2 37520
45206 4900 5 100000 45203 1 1 45202
33056 4900 5 100000 33049 2 2 33049
43385 4900 5 100000 43302 2 2 43301
35892 4900 5 100000 35885 1 1 35885
33555 4900 5 100000 33545 1 1 33545
23928 4900 5 100000 23916 3 3 23915
33044 4900 5 100000 33040 1 1 33040
32703 4900 5 100000 32699 1 1 32699
39595 4900 5 100000 39502 2 2 39501
30797 4900 5 100000 30790 1 1 30790
32568 4900 5 100000 32559 1 1 32559
35702 4900 5 100000 35694 2 2 35694
29740 4900 5 100000 29735 2 2 29735
36163 4900 5 100000 36158 2 2 36157
34370 4900 5 100000 34367 1 1 34367
31496 4900 5 100000 31488 1 1 31488
36039 4900 5 100000 35993 2 2 35992
28296 4900 5 100000 28282 4 4 28281
34959 4900 5 100000 34953 2 2 34953
31455 4900 5 100000 31409 2 2 31408
32428 4900 5 100000 32420 3 3 32420
57447 4900 5 100000 57442 1 1 57442
23004 4900 5 100000 22996 1 1 22996
28082 4900 5 100000 28078 1 1 28078
41650 4900 5 100000 41641 2 2 41639
31224 4900 5 100000 31220 1 1 31220
37002 4900 5 100000 36994 1 1 36994
50926 4900 5 100000 50918 1 1 50918
38072 4900 5 100000 38063 1 1 38063
30340 4900 5 100000 30335 2 2 30334
46946 4900 5 100000 46939 1 1 46939
46993 4900 5 100000 46980 1 1 46980
41094 4900 5 100000 41091 1 1 41091
32166 4900 5 100000 32159 2 2 32158
29735 4900 5 100000 29732 1 1 29732
29821 4900 5 100000 29819 1 1 29819
55041 4900 5 100000 54956 3 3 54955
37215 4900 5 100000 37205 2 2 37203
34986 4900 5 100000 34982 2 2 34981
36998 4900 5 100000 36990 1 1 36990
33037 4900 5 100000 33034 1 1 33034
31258 4900 5 100000 31247 1 1 31247
29229 4900 5 100000 29222 1 1 29222
23280 4900 5 100000 23277 1 1 23277
39240 4900 5 100000 39146 2 2 39145
38097 4900 5 100000 38009 3 3 38008
29883 4900 5 100000 29881 1 1 29881
28000 4900 5 100000 27993 2 2 27993
27983 4900 5 100000 27936 3 3 27936
25594 4900 5 100000 25587 2 2 25587
38783 4900 5 100000 38691 2 2 38690
28609 4900 5 100000 28599 3 3 28597
33576 4900 5 100000 33569 1 1 33568
51098 4900 5 100000 51011 2 2 51011
33156 4900 5 100000 33147 2 2 33146
48205 4900 5 100000 48197 1 1 48196
29780 4900 5 100000 28562 3 3 28560
39362 4900 5 100000 39272 2 2 39270
44656 4900 5 100000 44646 2 2 44645
36650 4900 5 100000 36646 2 2 36646
29606 4900 5 100000 29597 2 2 29597
55126 4900 5 100000 55031 2 2 55029
34248 4900 5 100000 34244 2 2 34244
25950 4900 5 100000 25946 1 1 25946
48846 4900 5 100000 48838 1 1 48838
47223 4900 5 100000 47214 1 1 47214
31857 4900 5 100000 31848 1 1 31847
42793 4900 5 100000 42791 1 1 42790
34777 4900 5 100000 34770 2 2 34769
35203 4900 5 100000 35199 4 4 35198
36513 4900 5 100000 36460 3 3 36458
35611 4900 5 100000 35604 1 1 35604
37442 4900 5 100000 37438 1 1 37438
54813 4900 5 100000 54810 1 1 54810
32154 4900 5 100000 32146 2 2 32146
44960 4900 5 100000 44954 1 1 44954
35558 4900 5 100000 35552 2 2 35552
31489 4900 5 100000 31485 1 1 31485
36562 4900 5 100000 36560 2 2 36560
30038 4900 5 100000 30011 3 3 30010
35371 4900 5 100000 35293 4 4 35292
54895 4900 5 100000 54888 1 1 54888
29317 4900 5 100000 29234 4 4 29233
43496 4900 5 100000 43411 2 2 43410
34942 4900 5 100000 34935 3 3 34935
31927 4900 5 100000 31924 1 1 31924
30577 4900 5 100000 30574 1 1 30573
44223 4900 5 100000 44216 2 2 44216
29527 4900 5 100000 29446 2 2 29444
30177 4900 5 100000 30174 3 3 30174
47771 4900 5 100000 47766 1 1 47766
26825 4900 5 100000 26821 1 1 26821
23194 4900 5 100000 23111 2 2 23110
40292 4900 5 100000 40286 1 1 40286
32959 4900 5 100000 32875 3 3 32873
27777 4900 5 100000 27770 2 2 27770
30168 4900 5 100000 30161 2 2 30161
36088 4900 5 100000 36081 1 1 36081
56267 4900 5 100000 56257 2 2 56257
33381 4900 5 100000 33375 1 1 33375
40899 4900 5 100000 40892 1 1 40892
32067 4900 5 100000 32060 2 2 32060
39687 4900 5 100000 39684 2 2 39684
25757 4900 5 100000 25751 1 1 25751
27939 4900 5 100000 27933 2 2 27933
25259 4900 5 100000 25253 1 1 25253
50691 4900 5 100000 50611 3 3 50609
31834 4900 5 100000 31831 1 1 31831
40395 4900 5 100000 40389 1 1 40388
47547 4900 5 100000 47456 3 3 47454
32288 4900 5 100000 32281 1 1 32281
36975 4900 5 100000 36970 1 1 36970
29434 4900 5 100000 29382 4 4 29380
37500 4900 5 100000 37498 1 1 37498
39811 4900 5 100000 39684 3 3 39683
34005 4900 5 100000 33973 3 3 33971
28672 4900 5 100000 28659 1 1 28659
41820 4900 5 100000 41816 1 1 41816
32860 4900 5 100000 32853 1 1 32853
33760 4900 5 100000 33758 2 2 33758
35538 4900 5 100000 35531 1 1 35531
25733 4900 5 100000 25729 1 1 25729
26923 4900 5 100000 26918 2 2 26918
30305 4900 5 100000 30225 2 2 30223
27522 4900 5 100000 27518 1 1 27518
26893 4900 5 100000 26887 4 4 26887
30217 4900 5 100000 30207 1 1 30207
29585 4900 5 100000 29419 4 4 29418
37349 4900 5 100000 37346 1 1 37346
23888 4900 5 100000 23844 2 2 23842
28034 4900 5 100000 27954 2 2 27952
33964 4900 5 100000 33957 2 2 33956
25758 4900 5 100000 25751 1 1 25751
39793 4900 5 100000 39790 1 1 39790
48819 4900 5 100000 48815 1 1 48815
45038 4900 5 100000 44938 2 2 44937
43262 4900 5 100000 43172 2 2 43171
28498 4900 5 100000 28489 4 4 28489
32378 4900 5 100000 32284 2 2 32283
33835 4900 5 100000 33830 1 1 33830
44454 4900 5 100000 44446 2 2 44446
