46225 4900 5 100000 46216 1 1 46216
54023 4900 5 100000 53806 3 3 53804
31056 4900 5 100000 31045 1 1 31045
31516 4900 5 100000 31509 3 3 31509
51558 4900 5 100000 51549 1 1 51549
31876 4900 5 100000 31383 4 4 31381
32351 4900 5 100000 32347 1 1 32347
39914 4900 5 100000 39906 1 1 39906
30220 4900 5 100000 30214 1 1 30214
27503 4900 5 100000 27501 1 1 27501
49700 4900 5 100000 49601 3 3 49599
26865 4900 5 100000 26862 1 1 26862
37410 4900 5 100000 37407 1 1 37407
36644 4900 5 100000 36601 4 4 36598
27650 4900 5 100000 27648 1 1 27647
30527 4900 5 100000 30520 1 1 30520
30060 4900 5 100000 29975 4 4 29974
23782 4900 5 100000 23779 1 1 23779
27409 4900 5 100000 27395 3 3 27393
51907 4900 5 100000 51814 3 3 51813
35376 4900 5 100000 35331 2 2 35330
29457 4900 5 100000 29406 2 2 29404
27228 4900 5 100000 27222 1 1 27222
30542 4900 5 100000 30539 1 1 30539
35777 4900 5 100000 35770 1 1 35770
40102 4900 5 100000 40095 2 2 40095
38119 4900 5 100000 38111 1 1 38111
28868 4900 5 100000 28850 3 3 28849
32566 4900 5 100000 32561 2 2 32561
46879 4900 5 100000 46871 1 1 46871
26608 4900 5 100000 26605 2 2 26605
35893 4900 5 100000 35884 2 2 35884
41400 4900 5 100000 41392 1 1 41392
28283 4900 5 100000 28280 1 1 28280
27260 4900 5 100000 27253 1 1 27253
37310 4900 5 100000 37304 1 1 37304
31535 4900 5 100000 31449 2 2 31447
37779 4900 5 100000 37777 1 1 37777
43216 4900 5 100000 43209 1 1 43209
35141 4900 5 100000 35133 1 1 35132
37509 4900 5 100000 37499 1 1 37499
39880 4900 5 100000 39872 1 1 39872
56269 4900 5 100000 56265 1 1 56265
25914 4900 5 100000 25897 3 3 25895
28200 4900 5 100000 28193 2 2 28193
34936 4900 5 100000 34926 1 1 34926
30427 4900 5 100000 30419 1 1 30419
27018 4900 5 100000 27014 2 2 27014
29680 4900 5 100000 29592 2 2 29591
37668 4900 5 100000 37662 1 1 37662
48279 4900 5 100000 48188 2 2 48186
36357 4900 5 100000 36268 4 4 36267
37432 4900 5 100000 37346 2 2 37344
32603 4900 5 100000 32519 3 3 32519
37124 4900 5 100000 37101 5 5 37099
39223 4900 5 100000 39220 1 1 39220
31023 4900 5 100000 31011 2 2 31008
28635 4900 5 100000 28605 2 2 28603
25374 4900 5 100000 25371 2 2 25371
29350 4900 5 100000 29260 3 3 29259
33452 4900 5 100000 33401 2 2 33399
29924 4900 5 100000 29916 2 2 29916
37216 4900 5 100000 37210 1 1 37210
37291 4900 5 100000 37240 3 3 37238
34727 4900 5 100000 34719 3 3 34719
28588 4900 5 100000 28584 1 1 28584
37731 4900 5 100000 37727 1 1 37727
31101 4900 5 100000 31096 1 1 31096
51893 4900 5 100000 51886 1 1 51886
32515 4900 5 100000 32426 2 2 32425
37891 4900 5 100000 37884 1 1 37883
37950 4900 5 100000 37940 3 3 37938
32715 4900 5 100000 32624 2 2 32623
53977 4900 5 100000 53974 1 1 53974
44312 4900 5 100000 44224 2 2 44221
33268 4900 5 100000 33177 2 2 33176
38282 4900 5 100000 38275 1 1 38275
39543 4900 5 100000 39536 1 1 39536
29770 4900 5 100000 29767 2 2 29767
37483 4900 5 100000 37480 1 1 37480
31332 4900 5 100000 31250 2 2 31250
58419 4900 5 100000 58326 3 3 58324
31128 4900 5 100000 31038 2 2 31038
37169 4900 5 100000 37162 2 2 37162
51627 4900 5 100000 51622 1 1 51622
29785 4900 5 100000 29782 2 2 29782
36965 4900 5 100000 36960 1 1 36960
38989 4900 5 100000 38986 1 1 38986
30223 4900 5 100000 30213 3 3 30211
45160 4900 5 100000 45154 1 1 45153
30434 4900 5 100000 30423 1 1 30423
36894 4900 5 100000 36886 1 1 36886
38138 4900 5 100000 38135 1 1 38135
61436 4900 5 100000 61346 2 2 61344
30306 4900 5 100000 30298 2 2 30298
33179 4900 5 100000 33171 1 1 33171
40305 4900 5 100000 40215 2 2 40213
40320 4900 5 100000 40312 2 2 40312
41623 4900 5 100000 41611 2 2 41609
31050 4900 5 100000 31041 1 1 31040
44248 4900 5 100000 44155 2 2 44153
45769 4900 5 100000 45765 1 1 45765
34323 4900 5 100000 34319 1 1 34319
57951 4900 5 100000 57943 2 2 57943
40796 4900 5 100000 40788 1 1 40788
33876 4900 5 100000 33874 1 1 33874
36053 4900 5 100000 36050 1 1 36050
28519 4900 5 100000 28516 2 2 28516
33587 4900 5 100000 33560 2 2 33558
36526 4900 5 100000 36524 2 2 36524
36991 4900 5 100000 36961 2 2 36959
35930 4900 5 100000 35927 1 1 35927
35695 4900 5 100000 35687 1 1 35687
35751 4900 5 100000 35665 2 2 35663
37245 4900 5 100000 37197 2 2 37196
33714 4900 5 100000 33710 2 2 33710
43977 4900 5 100000 43950 2 2 43949
36041 4900 5 100000 35949 2 2 35947
57609 4900 5 100000 57515 2 2 57514
35499 4900 5 100000 35491 1 1 35491
53090 4900 5 100000 53002 2 2 53001
59228 4900 5 100000 59225 1 1 59225
36230 4900 5 100000 36216 6 6 36216
41341 4900 5 100000 41250 2 2 41248
30867 4900 5 100000 30863 2 2 30863
25755 4900 5 100000 25752 1 1 25752
37845 4900 5 100000 37836 3 3 37836
33432 4900 5 100000 33424 1 1 33423
40234 4900 5 100000 40143 2 2 40142
47398 4900 5 100000 47311 2 2 47310
30586 4900 5 100000 30579 2 2 30577
32554 4900 5 100000 32548 1 1 32548
55654 4900 5 100000 55646 1 1 55646
39402 4900 5 100000 39273 3 3 39272
38289 4900 5 100000 38282 1 1 38282
34807 4900 5 100000 34805 2 2 34804
37497 4900 5 100000 37488 2 2 37488
30178 4900 5 100000 30176 1 1 30176
34178 4900 5 100000 34172 1 1 34172
28196 4900 5 100000 28188 1 1 28188
27492 4900 5 100000 27485 1 1 27485
31299 4900 5 100000 31082 2 2 31080
39327 4900 5 100000 39325 2 2 39325
31590 4900 5 100000 31586 1 1 31586
29354 4900 5 100000 29348 1 1 29348
37044 4900 5 100000 37042 1 1 37042
49501 4900 5 100000 49496 1 1 49495
37634 4900 5 100000 37631 2 2 37631
35308 4900 5 100000 35302 1 1 35302
29474 4900 5 100000 29468 1 1 29468
44801 4900 5 100000 44794 1 1 44793
34170 4900 5 100000 34166 2 2 34166
35879 4900 5 100000 35856 2 2 35853
51129 4900 5 100000 51125 1 1 51125
28621 4900 5 100000 28614 1 1 28614
27627 4900 5 100000 27622 2 2 27622
39141 4900 5 100000 39133 1 1 39133
24320 4900 5 100000 24314 2 2 24314
49539 4900 5 100000 49452 2 2 49451
35951 4900 5 100000 35948 1 1 35948
34280 4900 5 100000 34275 1 1 34274
37849 4900 5 100000 37840 1 1 37840
31554 4900 5 100000 31474 2 2 31473
35462 4900 5 100000 35455 2 2 35455
40165 4900 5 100000 40158 2 2 40158
28613 4900 5 100000 28603 1 1 28603
58305 4900 5 100000 58297 2 2 58297
33440 4900 5 100000 33346 1 1 33344
41264 4900 5 100000 41256 3 3 41256
39048 4900 5 100000 39039 2 2 39039
31125 4900 5 100000 31117 1 1 31116
27035 4900 5 100000 27031 2 2 27031
37970 4900 5 100000 37891 1 1 37890
22196 4900 5 100000 22189 2 2 22189
49007 4900 5 100000 49002 2 2 49002
37064 4900 5 100000 36985 1 1 36983
46386 4900 5 100000 46383 2 2 46383
29051 4900 5 100000 29048 1 1 29048
29594 4900 5 100000 29552 1 1 29552
22596 4900 5 100000 22592 2 2 22592
32865 4900 5 100000 32862 1 1 32862
29143 4900 5 100000 29139 1 1 29139
30226 4900 5 100000 30223 1 1 30223
30104 4900 5 100000 30098 1 1 30098
28479 4900 5 100000 28466 2 2 28464
29221 4900 5 100000 29217 3 3 29217
28802 4900 5 100000 28798 1 1 28798
34601 4900 5 100000 34598 3 3 34598
27109 4900 5 100000 27033 2 2 27032
38473 4900 5 100000 38470 3 3 38470
41066 4900 5 100000 41059 1 1 41059
29084 4900 5 100000 29077 2 2 29077
40585 4900 5 100000 40577 2 2 40577
36972 4900 5 100000 36963 1 1 36963
27630 4900 5 100000 27622 2 2 27622
36093 4900 5 100000 36083 1 1 36083
40554 4900 5 100000 40552 1 1 40552
28933 4900 5 100000 28925 2 2 28925
49229 4900 5 100000 49143 3 3 49142
26256 4900 5 100000 26243 2 2 26242
32074 4900 5 100000 32072 2 2 32072
28360 4900 5 100000 28353 2 2 28352
29088 4900 5 100000 29080 1 1 29080
42163 4900 5 100000 42083 1 1 42081
30487 4900 5 100000 30479 2 2 30478
30363 4900 5 100000 30358 1 1 30358
24982 4900 5 100000 24974 1 1 24974
25997 4900 5 100000 25990 1 1 25990
30523 4900 5 100000 30516 1 1 30516
46214 4900 5 100000 46128 1 1 46127
26976 4900 5 100000 26970 2 2 26970
30848 4900 5 100000 30842 1 1 30842
24346 4900 5 100000 24340 1 1 24339
36176 4900 5 100000 36170 2 2 36170
29492 4900 5 100000 29414 1 1 29412
27151 4900 5 100000 27144 3 3 27144
43886 4900 5 100000 43879 1 1 43878
29314 4900 5 100000 29307 1 1 29307
27623 4900 5 100000 27529 1 1 27528
54340 4900 5 100000 54338 4 4 54338
44823 4900 5 100000 44711 1 1 44710
47325 4900 5 100000 47236 2 2 47234
52492 4900 5 100000 52489 2 2 52489
29052 4900 5 100000 29044 1 1 29044
32523 4900 5 100000 32514 1 1 32514
32009 4900 5 100000 32001 1 1 32001
