398645 9464 7 100000000
3960258 9515 9 50000
1029426 9107 7 50000000
7864959 9000 10 10000
868473 9057 8 5000000
704022 9057 8 5000000
1941604 9515 9 50000
1544281 9559 8 1250000
734000 9464 7 100000000
5232928 9209 10 50000
2137977 9521 9 250000
1749694 9464 8 10000000
26807170 9513 12 1250
1394029 9464 8 10000000
1672161 9464 8 10000000
4132133 9126 9 1000000
7780390 9000 10 10000
1763044 9057 8 5000000
987910 9464 8 10000000
783176 9107 7 50000000
1093794 9464 8 10000000
10333456 9000 10 10000
1207740 9216 8 100000000
887421 9464 7 100000000
1095460 9408 8 1000000
689253 9107 7 50000000
414285 9107 7 50000000
30476228 9841 11 3125
929090 9107 7 50000000
3029038 9057 8 5000000
8898838 9000 10 10000
589374 9464 7 100000000
796974 9464 7 100000000
28056800 9537 11 1000
1148277 9464 7 100000000
1730457 9057 8 5000000
4507377 9126 9 1000000
2277870 9188 8 6250000
3167462 9515 9 50000
1022936 9107 7 50000000
12643022 9800 10 100000
616912 9464 7 100000000
1183854 9464 8 10000000
2335168 9408 8 1000000
1020690 9464 7 100000000
2266071 9595 8 12500000
100558416 9691 13 200
3167725 9711 8 1562500
1958510 9464 8 10000000
6731094 9521 9 250000
48083134 9360 12 500
2828563 9420 9 1562500
2184056 9880 8 2000000
2342259 9595 8 12500000
1508110 9216 8 100000000
3507921 9515 9 50000
167079 9464 7 100000000
249928 9464 7 100000000
2452519 9408 8 1000000
990562 9464 7 100000000
2049023 9408 8 1000000
607012 9464 7 100000000
1962248 9870 8 20000000
2422192 9408 8 1000000
23800626 9295 11 2000
1544799 9464 7 100000000
5566519 9515 9 50000
2221006 9870 8 20000000
850279 9464 7 100000000
1671349 9188 8 6250000
1124767 9464 8 10000000
2243257 9464 8 10000000
1105100 9057 8 5000000
12008577 9469 10 5000
9722458 9895 10 25000
2030832 9216 8 100000000
1294437 9870 8 20000000
1794955 9464 8 10000000
8053928 9218 10 12500
1647623 9188 8 6250000
1664989 9464 8 10000000
1290540 9216 8 100000000
1584075 9057 8 5000000
496692 9464 7 100000000
2438155 9880 8 2000000
11087981 9221 10 4000
1554615 9880 8 2000000
3709260 9521 9 250000
1080347 9107 7 50000000
1284423 9464 7 100000000
1500907 9595 8 12500000
53070516 9513 12 1250
7878036 9469 10 5000
630375 9107 7 50000000
2290294 9870 8 20000000
1451500 9464 7 100000000
3828608 9408 8 1000000
9186263 9000 10 10000
1630660 9464 7 100000000
1336725 9188 8 6250000
1358357 9057 8 5000000
1853121 9464 8 10000000
1969265 9464 8 10000000
3867433 9126 9 1000000
743836 9107 7 50000000
2746383 9216 8 100000000
1458089 9464 8 10000000
2715545 9057 8 5000000
2944041 9692 9 312500
2981007 9870 8 20000000
545256 9464 7 100000000
3951738 9515 9 50000
2254674 9595 8 12500000
862775 9464 7 100000000
940390 9464 7 100000000
2095666 9464 8 10000000
1767325 9870 8 20000000
6259413 9515 9 50000
7612922 9677 10 20000
1450994 9464 8 10000000
2751914 9882 9 400000
21216412 9394 11 6250
409588 9464 7 100000000
1205717 9464 8 10000000
719598 9464 7 100000000
28779245 9568 11 2500
376552 9464 7 100000000
18836216 9568 11 2500
1014366 9464 8 10000000
1840391 9731 9 2500000
8639686 9000 10 10000
4868080 9469 10 5000
43629915 9696 12 625
4411655 9521 9 250000
1585554 9595 8 12500000
1619348 9087 8 625000
992850 9188 8 6250000
1857228 9057 8 5000000
1008215 9464 8 10000000
1805513 9595 8 12500000
1586369 9464 8 10000000
3511998 9408 8 1000000
9233110 9209 10 50000
2095277 9711 9 62500
2358820 9057 8 5000000
1062379 9216 8 100000000
1983912 9464 8 10000000
1535790 9595 8 12500000
1440995 9464 8 10000000
446963 9464 7 100000000
44241478 9696 12 625
986350 9464 7 100000000
7783777 9000 10 10000
1963931 9464 8 10000000
3103880 9595 8 12500000
1257763 9464 8 10000000
486195 9107 7 50000000
374721 9464 7 100000000
1169702 9216 8 100000000
4424028 9515 9 50000
475056 9464 7 100000000
1678574 9464 8 10000000
955820 9464 8 10000000
771470 9107 7 50000000
6419593 9209 10 50000
8777056 9209 10 50000
942470 9107 7 50000000
7636938 9800 10 100000
747544 9057 8 5000000
23284165 9295 11 2000
2153258 9464 8 10000000
4265903 9126 9 1000000
772143 9464 7 100000000
7892524 9000 10 10000
1820343 9216 8 100000000
9228197 9469 10 5000
322127 9464 7 100000000
1206474 9464 7 100000000
692363 9464 7 100000000
1613972 9464 8 10000000
6219461 9000 10 10000
3220385 9464 8 10000000
6856946 9677 10 20000
1605560 9464 8 10000000
5641831 9000 10 10000
8366301 9000 10 10000
1225164 9595 8 12500000
593526 9464 7 100000000
3426207 9515 9 50000
749677 9464 7 100000000
1806571 9870 8 20000000
844297 9464 7 100000000
1266947 9107 7 50000000
609060 9464 7 100000000
2771277 9126 9 1000000
1241434 9464 7 100000000
1547358 9057 8 5000000
2285027 9870 8 20000000
2105822 9408 8 1000000
1442165 9870 8 20000000
1159206 9107 7 50000000
1259884 9870 8 20000000
2070182 9880 8 2000000
11505614 9895 10 25000
792035 9107 7 50000000
2222850 9408 8 1000000
895674 9464 7 100000000
1010243 9464 7 100000000
7247537 9000 10 10000
1273092 9188 8 6250000
2449057 9057 8 5000000
3946060 9161 9 156250
1465738 9464 8 10000000
4673596 9521 9 250000
8711472 9000 10 10000
7213571 9000 10 10000
847457 9107 7 50000000
904334 9107 7 50000000
645989 9464 7 100000000
1109409 9464 8 10000000
2986334 9126 9 1000000
11314982 9295 11 2000
14954983 9900 11 10000
1098606 9464 8 10000000
417449 9464 7 100000000
2702652 9515 9 50000
610370 9464 7 100000000
1440072 9216 8 100000000
1824842 9408 8 1000000
2830930 9464 8 10000000
2543291 9559 8 1250000
2600254 9087 8 625000
6843141 9000 10 10000
13922531 9900 11 10000
559272 9107 7 50000000
2470099 9515 9 50000
2289912 9057 8 5000000
8745761 9221 10 4000
427750 9107 7 50000000
1760608 9216 8 100000000
1928561 9408 8 1000000
994673 9870 8 20000000
4257730 9351 9 200000
1370897 9408 8 1000000
18666322 9154 11 5000
843553 9464 7 100000000
1355890 9464 8 10000000
404546 9464 7 100000000
6479254 9209 10 50000
2454420 9870 8 20000000
