2547 972 3 10000
204 122 1 2500
538 410 2 500000
1784 735 3 100000
1946 710 3 5000
2216 984 3 5000000
2239 786 3 12500
6313 536 4 125
872 754 2 50000000
1625 441 3 1000
722 576 2 100000000
224 252 1 10000000
1484 940 3 2500000
2387 960 3 100000
2227 984 3 5000000
3461 768 3 10000
1703 710 3 5000
2282 837 3 500000
1646 588 3 10000
1953 960 3 100000
6212 905 4 625
2611 998 3 6250000
495 360 2 100000
606 475 2 4000000
704 554 2 50000000
753 554 2 50000000
1255 308 3 125
1730 410 3 625
1627 960 3 100000
1921 735 3 100000
1368 779 3 200000
1678 441 3 200
3805 666 4 400
851 784 2 100000000
1737 735 3 100000
2259 851 3 625000
585 157 2 40
4288 971 4 6250
2201 939 3 78125
2337 882 3 1000000
1424 588 3 10000
1476 837 3 500000
7680 946 4 5000
2257 902 3 50000
1998 441 3 1000
3582 946 4 5000
6000 972 4 1000
23510 507 6 5
5368 946 4 5000
2420 588 3 10000
2041 768 3 10000
1746 513 3 3125
4565 845 4 2000
216 75 1 1000
3702 768 3 10000
1826 529 3 4000
1816 902 3 50000
208 175 1 10000000
530 504 2 10000000
2253 882 3 1000000
1558 588 3 10000
2412 728 3 6250
1921 779 3 200000
862 695 2 12500000
754 490 2 100000
2098 690 3 50000
547 316 2 25000
888 686 2 10000000
548 576 2 100000000
1513 646 3 25000
2091 883 3 40000
4759 869 4 2500
1716 882 3 1000000
1715 735 3 100000
5314 715 4 625
6752 946 4 5000
1722 616 3 15625
835 392 2 10000
701 504 2 10000000
1366 557 3 6250
2129 902 3 50000
1956 735 3 100000
6744 845 4 2000
815 784 2 100000000
225 200 1 100000000
1453 690 3 50000
1976 729 3 1000
468 510 2 12500000
1436 632 3 20000
5877 843 4 400
5655 324 4 10
672 686 2 10000000
2232 898 3 5000
1857 735 3 100000
789 392 2 10000
1635 543 3 5000
1815 882 3 1000000
1999 768 3 10000
1690 735 3 100000
1366 984 3 5000000
5244 971 4 6250
178 144 1 625000
1962 960 3 100000
1846 768 3 10000
1785 455 3 1250
664 558 2 500000
1605 543 3 5000
1595 588 3 10000
2016 825 3 20000
4517 845 4 2000
3353 588 3 10000
595 266 2 5000
4901 971 4 6250
777 392 2 10000
1687 768 3 10000
4401 972 4 1000
1769 460 3 250
430 360 2 100000
611 576 2 100000000
2388 902 3 50000
1309 602 3 12500
1867 710 3 5000
2201 882 3 1000000
992 768 2 1000000
1387 588 3 10000
1767 690 3 50000
5751 550 4 50
1840 690 3 50000
2224 536 3 625
3010 972 3 10000
201 169 1 6250000
2255 954 3 3125000
1742 882 3 1000000
2221 984 3 5000000
2086 633 3 2000
831 784 2 100000000
1865 486 3 100
8291 922 4 4000
1273 735 3 100000
1713 960 3 100000
535 576 2 100000000
5168 690 4 500
547 266 2 5000
721 288 2 10000
1724 728 3 6250
2171 960 3 100000
464 504 2 10000000
14939 931 5 200
597 438 2 1250000
6554 690 4 500
2307 844 3 25000
1910 633 3 2000
4182 776 4 250
2043 690 3 50000
823 421 2 20000
1280 266 2 5000
548 360 2 100000
488 244 2 2500
7474 874 4 500
1866 882 3 1000000
840 686 2 10000000
708 576 2 100000000
1829 594 3 1250
1610 735 3 100000
709 532 2 25000000
1490 441 3 1000
1783 837 3 500000
166 125 1 100000
2264 652 3 2500
784 525 2 20000000
4152 869 4 2500
1658 633 3 2000
640 554 2 50000000
2300 382 3 400
511 424 2 781250
1650 543 3 5000
2464 995 3 12500
1434 749 3 125000
1645 588 3 10000
5449 715 4 625
1540 940 3 2500000
1411 499 3 2500
2101 410 3 625
521 360 2 100000
938 784 2 100000000
4605 905 4 625
1806 837 3 500000
1841 768 3 10000
2023 237 2 2000
1585 308 3 125
84277 847 7 10
1951 690 3 50000
1880 984 3 5000000
2034 499 3 400
1655 768 3 10000
2105 690 3 50000
793 724 2 25000000
633 504 2 10000000
444 309 2 20000
2000 960 3 100000
8247 946 4 5000
5296 905 4 625
1527 910 3 1562500
458 288 2 10000
193 200 1 100000000
4234 792 4 1250
2018 543 3 5000
1771 543 3 5000
1787 844 3 25000
2074 768 3 10000
1782 543 3 5000
2651 768 3 10000
1795 882 3 1000000
498 460 2 2500000
255 216 1 1000000
1872 588 3 10000
2082 513 3 3125
1383 882 3 1000000
1960 768 3 10000
1513 441 3 1000
2485 802 3 2000
1735 735 3 100000
2375 768 3 10000
1676 768 3 10000
1837 735 3 100000
5559 922 4 4000
4150 946 4 5000
6166 589 4 200
2169 960 3 100000
2398 960 3 100000
2158 825 3 2500
515 410 2 500000
1344 588 3 10000
1272 735 3 100000
557 504 2 10000000
1865 768 3 10000
585 482 2 5000000
2249 926 3 2000000
2321 978 3 125000
1917 518 3 500
446 288 2 10000
1782 588 3 10000
2300 582 3 250
1330 499 3 2500
1500 410 3 625
1892 960 3 100000
722 432 2 1000000
1939 768 3 10000
1945 902 3 50000
1751 557 3 6250
