2018 984 3 5000000
714 525 2 20000000
1602 793 3 250000
1715 710 3 5000
1468 823 3 400000
5354 894 4 3125
1704 690 3 50000
785 512 2 10000
1990 499 3 2500
3275 588 3 10000
2062 984 3 5000000
703 588 2 1000000
259 252 1 10000000
1480 410 3 625
523 360 2 100000
2063 972 3 10000
4293 972 4 1000
1699 926 3 2000000
1679 926 3 2000000
541 432 2 1000000
467 288 2 10000
1878 710 3 5000
1727 710 3 5000
1688 410 3 625
712 392 2 10000
2148 984 3 5000000
1191 646 3 25000
605 360 2 100000
5913 946 4 5000
1704 768 3 10000
1690 543 3 5000
481 244 2 2500
1265 704 3 62500
2213 882 3 1000000
13440 971 5 250
876 588 2 1000000
2002 332 2 2500
1844 837 3 500000
189 100 1 10000
530 366 2 125000
2135 652 3 2500
502 244 2 2500
1754 768 3 10000
1877 902 3 50000
535 482 2 5000000
1401 837 3 500000
1875 749 3 125000
551 403 2 400000
1886 837 3 500000
4205 869 4 2500
1933 825 3 20000
1739 652 3 2500
1490 779 3 200000
550 244 2 2500
2090 768 3 10000
555 288 2 10000
735 453 2 2000000
1606 882 3 1000000
1594 779 3 200000
1380 616 3 15625
516 288 2 10000
768 695 2 12500000
1775 690 3 50000
738 597 2 1250000
1989 882 3 1000000
4380 946 4 5000
839 784 2 100000000
541 504 2 10000000
213 167 1 5000000
1808 735 3 100000
1398 676 3 40000
745 504 2 10000000
3790 869 4 2500
2054 882 3 1000000
855 588 2 1000000
1170 749 3 125000
2804 686 2 10000000
1906 633 3 2000
1461 652 3 2500
641 686 2 10000000
1807 768 3 10000
1605 735 3 100000
1804 984 3 5000000
1901 882 3 1000000
1624 735 3 100000
716 576 2 100000000
528 410 2 500000
539 392 2 10000
588 366 2 125000
2295 984 3 5000000
835 686 2 10000000
837 576 2 100000000
1839 940 3 2500000
2205 984 3 5000000
1802 807 3 312500
6095 768 4 1000
726 576 2 100000000
2143 786 3 12500
435 288 2 10000
1914 768 3 10000
1422 646 3 25000
475 216 2 1000
4418 869 4 2500
1639 646 3 25000
638 460 2 50000
1473 882 3 1000000
2152 837 3 500000
7625 946 4 5000
1879 735 3 100000
1982 441 3 1000
449 504 2 10000000
1774 898 3 5000
5768 946 4 5000
1856 970 3 4000000
1705 735 3 100000
2167 529 3 4000
529 410 2 500000
640 665 2 6250000
1732 837 3 500000
658 784 2 100000000
1991 652 3 2500
2381 485 3 2000
758 617 2 2000000
5183 972 4 1000
1927 837 3 500000
473 288 2 10000
1290 735 3 100000
255 230 1 2500000
5355 946 4 5000
1573 793 3 250000
919 754 2 50000000
1571 984 3 5000000
520 482 2 5000000
2135 735 3 100000
1383 882 3 1000000
1497 588 3 10000
892 784 2 100000000
2019 735 3 100000
3551 588 3 10000
539 338 2 50000
4935 946 4 5000
2220 844 3 25000
215 177 1 12500000
549 288 2 10000
1569 588 3 10000
11331 849 5 125
2313 972 3 10000
4654 946 4 5000
1955 710 3 5000
827 784 2 100000000
592 244 2 2500
536 576 2 100000000
2295 529 3 4000
6964 536 4 125
752 686 2 10000000
3862 768 4 1000
538 576 2 100000000
1985 768 3 10000
2327 752 3 1250
723 362 2 5000
3992 882 3 1000000
1679 455 3 1250
616 316 2 25000
2179 837 3 500000
4646 972 4 1000
2452 691 3 4000
436 316 2 25000
814 576 2 100000000
624 309 2 20000
631 362 2 5000
1626 632 3 20000
1389 396 3 500
14594 650 5 20
907 640 2 100000
1873 690 3 50000
5217 946 4 5000
1869 710 3 5000
603 532 2 25000000
1852 926 3 2000000
17406 845 5 25
4728 946 4 5000
2151 954 3 3125000
5217 874 4 500
2127 960 3 100000
192 100 1 10000
1748 602 3 12500
1763 396 3 500
1453 735 3 100000
807 490 2 100000
1982 978 3 125000
1521 455 3 1250
2015 710 3 5000
1713 984 3 5000000
5496 869 4 2500
828 784 2 100000000
1695 543 3 5000
2285 939 3 78125
555 554 2 50000000
838 754 2 50000000
2286 825 3 2500
2350 704 3 62500
1755 882 3 1000000
1652 652 3 2500
541 504 2 10000000
2587 201 2 625
1137 784 2 100000000
816 554 2 50000000
1314 646 3 25000
502 288 2 10000
175 192 1 50000000
1549 837 3 500000
1844 652 3 2500
5562 666 4 400
1699 499 3 2500
4823 971 4 6250
1602 735 3 100000
242 194 1 250000
758 588 2 1000000
691 588 2 1000000
1508 485 3 2000
1874 960 3 100000
161 82 1 2000
1827 984 3 5000000
171 125 1 100000
1590 690 3 50000
2805 793 3 250000
1302 735 3 100000
595 345 2 62500
613 576 2 100000000
586 244 2 2500
2095 633 3 2000
578 244 2 2500
1437 882 3 1000000
1504 823 3 400000
1475 588 3 10000
1258 499 3 2500
828 576 2 100000000
613 510 2 12500000
2278 978 3 125000
778 554 2 50000000
1591 690 3 50000
698 554 2 50000000
512 432 2 1000000
1529 704 3 62500
1899 779 3 200000
2034 543 3 5000
3840 594 3 1250
2403 837 3 500000
5810 946 4 5000
2340 960 3 100000
