2160732 9521 9 250000
420746 9464 7 100000000
468226 9107 7 50000000
917323 9408 8 1000000
28258743 9845 11 1250
1330586 9870 8 20000000
18876120 9394 11 6250
5194775 9469 10 5000
1236951 9870 8 20000000
1103020 9464 8 10000000
7451626 9000 10 10000
4654918 9515 9 50000
458843 9107 7 50000000
2124033 9559 8 1250000
1819067 9595 8 12500000
3000804 9711 9 62500
1268174 9057 8 5000000
3069312 9731 9 2500000
1332831 9464 8 10000000
554077 9464 7 100000000
15355647 9845 11 1250
1260590 9408 8 1000000
2133781 9464 8 10000000
905391 9464 7 100000000
2495502 9408 8 1000000
842036 9107 7 50000000
1074449 9464 8 10000000
3787061 9351 9 200000
1108106 9464 7 100000000
1878091 9216 8 100000000
1964946 9408 8 1000000
1034570 9107 7 50000000
1279784 9464 7 100000000
9876356 9895 10 25000
1331780 9464 7 100000000
2087490 9464 8 10000000
504922542 9511 14 125
340917 9107 7 50000000
2893411 9863 9 390625
20575794 9900 11 10000
2054301 9057 8 5000000
2204983 9464 8 10000000
946966 9464 7 100000000
3771743 9126 9 1000000
3900889 9521 9 250000
2893186 9464 8 10000000
1476100 9464 7 100000000
8997496 9000 10 10000
16886687 9295 11 2000
1224367 9595 8 12500000
4231188 9521 9 250000
1525244 9559 8 1250000
948396 9464 7 100000000
2734854 9870 8 20000000
3025757 9521 9 250000
1473383 9880 8 2000000
1344429 9216 8 100000000
1511469 9464 8 10000000
1577956 9464 8 10000000
1601337 9870 8 20000000
3884760 9521 9 250000
1589856 9880 8 2000000
1803401 9464 8 10000000
836690 9595 8 12500000
7354160 9895 10 25000
3171702 9126 9 1000000
4300397 9515 9 50000
1674440 9057 8 5000000
1770637 9870 8 20000000
7454894 9677 10 20000
6123404 9000 10 10000
7439030 9895 10 25000
1870393 9464 8 10000000
852324 9107 7 50000000
1702079 9870 8 20000000
1672752 9870 8 20000000
5773254 9515 9 50000
2292030 9521 9 250000
1716099 9216 8 100000000
1933520 9102 9 31250
3553289 9583 9 2000000
1213299 9057 8 5000000
734735 9107 7 50000000
4368655 9319 9 40000
11596802 9154 11 5000
2313451 9595 8 12500000
5802818 9469 10 5000
2059795 9464 8 10000000
10944121 9895 10 25000
1676888 9216 8 100000000
10134296 9000 10 10000
688878 9216 8 100000000
3385288 9216 8 100000000
911532 9595 8 12500000
1743472 9057 8 5000000
1794280 9464 8 10000000
1702037 9216 8 100000000
9039672 9800 10 100000
1983315 9464 8 10000000
1821674 9464 8 10000000
1134635 9464 8 10000000
7168847 9800 10 100000
803649 9870 8 20000000
772458 9216 8 100000000
692858 9464 7 100000000
7873574 9000 10 10000
4911876 9000 10 10000
2316021 9216 8 100000000
4471953 9000 10 10000
681265 9216 8 100000000
1624658 9216 8 100000000
2890891 9521 9 250000
1226784 9216 8 100000000
2893445 9559 8 1250000
10210824 9209 10 50000
1479159 9057 8 5000000
3212983 9420 9 1562500
1190305 9408 8 1000000
1322132 9464 8 10000000
620868 9464 7 100000000
963882 9188 8 6250000
9125595 9000 10 10000
905194 9107 7 50000000
909635 9464 7 100000000
2114749 9087 8 625000
1567674 9464 8 10000000
2317574 9216 8 100000000
1302083 9408 8 1000000
1373926 9870 8 20000000
1541303 9464 8 10000000
10948600 9469 10 5000
1444679 9057 8 5000000
10518501 9895 10 25000
642589 9464 7 100000000
1312140 9464 8 10000000
3102389 9126 9 1000000
1438888 9408 8 1000000
1002172 9107 7 50000000
9255562 9469 10 5000
1608020 9559 8 1250000
2334121 9408 8 1000000
1316991 9408 8 1000000
833331 9464 7 100000000
8438640 9469 10 5000
1564224 9464 8 10000000
505513 9464 7 100000000
2191602 9408 8 1000000
2952316 9126 9 1000000
677080 9464 7 100000000
601990 9464 7 100000000
5472466 9515 9 50000
10509065 9218 10 12500
2316571 9057 8 5000000
2199510 9870 8 20000000
1920784 9464 8 10000000
1623931 9464 8 10000000
10817552 9900 11 10000
643270 9464 7 100000000
704306 9464 7 100000000
8842890 9000 10 10000
2998230 9351 9 200000
4070079 9515 9 50000
2004787 9408 8 1000000
11259630 9717 10 6250
1173507 9880 8 2000000
595644 9464 7 100000000
1291473 9595 8 12500000
1071049 9057 8 5000000
895459 9107 7 50000000
1280433 9216 8 100000000
1306511 9188 8 6250000
13739248 9295 11 2000
5815043 9800 10 100000
2703318 9515 9 50000
1326823 9464 8 10000000
6371498 9000 10 10000
5957169 9000 10 10000
4068868 9711 9 62500
2707694 9319 9 40000
1353069 9559 8 1250000
505293 9464 7 100000000
12428040 9000 10 10000
703886 9107 7 50000000
672491 9464 7 100000000
1555099 9057 8 5000000
1956153 9583 9 2000000
6027873 9000 10 10000
921620 9464 7 100000000
6228759 9895 10 25000
1242856 9464 8 10000000
9149553 9000 10 10000
507429 9464 7 100000000
12551478 9295 11 2000
461093 9464 7 100000000
1862396 9408 8 1000000
1294019 9464 8 10000000
3878128 9273 9 1250000
1565592 9595 8 12500000
2136896 9464 8 10000000
870626 9595 8 12500000
2006214 9595 8 12500000
1065213 9216 8 100000000
1852207 9559 8 1250000
1657362 9464 8 10000000
740716 9464 7 100000000
611723 9216 8 100000000
691445 9464 7 100000000
2258744 9057 8 5000000
1303631 9870 8 20000000
1033833 9464 7 100000000
4227993 9521 9 250000
1625301 9595 8 12500000
4066043 9882 9 400000
1829434 9595 8 12500000
1226883 9216 8 100000000
776202 9464 7 100000000
2672492 9521 9 250000
1155981 9188 8 6250000
426607 9464 7 100000000
2026453 9057 8 5000000
1337130 9870 8 20000000
7257614 9469 10 5000
799884 9107 7 50000000
940759 9464 8 10000000
1014506 9464 8 10000000
4221704 9351 9 200000
8118036 9800 10 100000
2977915 9731 9 2500000
7221674 9000 10 10000
8168262 9000 10 10000
5709634 9895 10 25000
733949 9107 7 50000000
670003 9107 7 50000000
809544 9408 8 1000000
1130099 9057 8 5000000
427916 9464 7 100000000
564146 9464 7 100000000
490883 9464 7 100000000
1095065 9408 8 1000000
1065097 9057 8 5000000
7981159 9717 10 6250
861114 9464 7 100000000
1271747 9870 8 20000000
15181359 9900 11 10000
13892777 9154 11 5000
627737 9464 7 100000000
767371 9216 8 100000000
609143 9464 7 100000000
971221 9408 8 1000000
2184167 9408 8 1000000
