773918 9464 8 10000000
1043763 9595 8 12500000
7849058 9218 10 12500
5195777 9800 10 100000
5553668 9895 10 25000
7988557 9020 10 40000
429950 9464 7 100000000
1422000 9464 8 10000000
693832 9216 8 100000000
6794990 9000 10 10000
2775200 9515 9 50000
317095 9107 7 50000000
7287457 9800 10 100000
1398417 9464 8 10000000
1292292 9464 8 10000000
1180752 9595 8 12500000
3108462 9882 9 400000
9460831 9221 10 4000
1042691 9408 8 1000000
8278993 9209 10 50000
1466879 9216 8 100000000
205981 9464 7 100000000
464214 9464 7 100000000
2168618 9464 8 10000000
6816422 9000 10 10000
1107811 9464 8 10000000
751976 9464 8 10000000
1933736 9595 8 12500000
2548395 9880 8 2000000
1623904 9464 8 10000000
489990 9107 7 50000000
543502 9464 7 100000000
1510225 9107 7 50000000
6287208 9209 10 50000
2023097 9464 7 100000000
11092901 9469 10 5000
1164170 9870 8 20000000
11931911 9469 10 5000
4216424 9126 9 1000000
3943705 9126 9 1000000
8952062 9000 10 10000
14722829 9800 10 100000
1709906 9408 8 1000000
3737748 9216 8 100000000
1717537 9464 8 10000000
6268354 9351 9 200000
1282539 9408 8 1000000
1636257 9464 8 10000000
1529811 9216 8 100000000
2147220 9216 8 100000000
13137637 9000 10 10000
214419 9107 7 50000000
1308021 9464 7 100000000
4749012 9351 9 200000
360096 9464 7 100000000
704681 9880 8 2000000
1427459 9880 8 2000000
1041208 9464 7 100000000
777231 9107 7 50000000
8447279 9677 10 20000
395278 9107 7 50000000
11257362 9800 10 100000
1309679 9107 7 50000000
1783895 9216 8 100000000
1972682 9464 8 10000000
24412206 9900 11 10000
2688644 9408 8 1000000
2703184 9464 8 10000000
1450245 9408 8 1000000
2074942 9870 8 20000000
2458322 9880 8 2000000
3088884 9464 8 10000000
44626884 9568 11 2500
2531070 9880 8 2000000
1387930 9216 8 100000000
1146874 9464 7 100000000
1693613 9216 8 100000000
5573753 9161 9 156250
3648885 9515 9 50000
3161402 9464 8 10000000
2342017 9408 8 1000000
2080615 9464 8 10000000
14799982 9469 10 5000
3128108 9464 8 10000000
659095 9464 7 100000000
27518273 9295 11 2000
1677204 9595 8 12500000
944478 9107 7 50000000
1510304 9216 8 100000000
14647334 9000 10 10000
6729293 9800 10 100000
1042579 9464 8 10000000
4680463 9319 9 40000
25783281 9568 11 2500
2403376 9216 8 100000000
2850025 9087 8 625000
3943460 9515 9 50000
2142911 9057 8 5000000
1362127 9464 7 100000000
3181480 9870 8 20000000
1341185 9464 7 100000000
1358751 9464 8 10000000
1582531 9057 8 5000000
897697 9464 7 100000000
4818861 9351 9 200000
2947553 9870 8 20000000
28174854 9295 11 2000
1586500 9464 8 10000000
1227029 9216 8 100000000
1786133 9408 8 1000000
5800790 9521 9 250000
1195164 9880 8 2000000
50499831 9023 12 400
1857242 9408 8 1000000
8366289 9800 10 100000
28665450 9295 11 2000
3646770 9515 9 50000
9464571 9895 10 25000
2199663 9464 8 10000000
17067497 9895 10 25000
7278416 9515 9 50000
7944223 9895 10 25000
1327167 9464 8 10000000
8260894 9800 10 100000
1504979 9464 8 10000000
2202584 9880 8 2000000
651280 9107 7 50000000
19953826 9841 11 3125
837978 9464 7 100000000
1525831 9464 7 100000000
733350 9107 7 50000000
1132252 9711 8 1562500
3360938 9595 8 12500000
7370628 9469 10 5000
1477451 9464 8 10000000
1278138 9464 7 100000000
1208868 9464 7 100000000
30539559 9360 12 500
1228981 9408 8 1000000
1775099 9464 8 10000000
1469083 9216 8 100000000
1241753 9188 8 6250000
6586098 9000 10 10000
549743 9464 7 100000000
19406628 9295 11 2000
1314216 9870 8 20000000
2267521 9408 8 1000000
800144 9107 7 50000000
1937431 9408 8 1000000
4786337 9000 10 10000
6212870 9000 10 10000
2430652 9595 8 12500000
1290445 9057 8 5000000
7822794 9000 10 10000
957887 9464 7 100000000
710030 9464 7 100000000
2431774 9057 8 5000000
841140 9107 7 50000000
9282894 9000 10 10000
1724659 9559 8 1250000
529955 9464 7 100000000
12639441 9000 10 10000
2407659 9464 8 10000000
1496470 9464 7 100000000
1840204 9464 8 10000000
1562366 9216 8 100000000
841809 9464 7 100000000
6900149 9218 10 12500
488946 9464 7 100000000
9202484 9677 10 20000
1342339 9216 8 100000000
1642792 9216 8 100000000
1123650 9216 8 100000000
1516410 9057 8 5000000
2476118 9087 8 625000
2840208 9464 8 10000000
2640255 9515 9 50000
863393 9464 7 100000000
702589 9464 7 100000000
965481 9057 8 5000000
775101 9464 7 100000000
7521714 9469 10 5000
1701377 9595 8 12500000
1621623 9087 8 625000
7817820 9677 10 20000
1305307 9464 8 10000000
317088 9107 7 50000000
952379 9216 8 100000000
1150992 9464 7 100000000
353948 9107 7 50000000
1185005 9057 8 5000000
3243066 9273 9 1250000
1545876 9256 8 800000
542635 9464 7 100000000
2352158 9595 8 12500000
3577141 9731 9 2500000
1373050 9408 8 1000000
1447480 9464 8 10000000
4142970 9351 9 200000
1025203 9464 7 100000000
1859894 9464 8 10000000
192693 9107 7 50000000
3651692 9521 9 250000
1573745 9595 8 12500000
1395659 9408 8 1000000
855645 9057 8 5000000
1016728 9087 8 625000
5651410 9800 10 100000
865403 9107 7 50000000
18879304 9900 11 10000
1912293 9464 8 10000000
977810 9107 7 50000000
1042318 9057 8 5000000
1326335 9216 8 100000000
2043978 9464 8 10000000
2310686 9464 8 10000000
512543 9464 7 100000000
607700 9464 7 100000000
586260 9107 7 50000000
4203059 9928 9 80000
786911 9464 8 10000000
2215461 9408 8 1000000
1121383 9464 7 100000000
6324932 9677 10 20000
1724482 9880 8 2000000
11074146 9717 10 6250
7183335 9000 10 10000
4352822 9515 9 50000
2706193 9408 8 1000000
2108979 9870 8 20000000
1672232 9464 8 10000000
1069351 9057 8 5000000
9227466 9469 10 5000
2090178 9559 8 1250000
1501387 9408 8 1000000
1642326 9870 8 20000000
1397929 9216 8 100000000
2250950 9057 8 5000000
1465926 9464 8 10000000
3637227 9521 9 250000
509733 9464 7 100000000
5341629 9521 9 250000
1885690 9595 8 12500000
1512142 9464 8 10000000
479433 9107 7 50000000
417512 9107 7 50000000
1852302 9595 8 12500000
1464183 9408 8 1000000
1101198 9107 7 50000000
830781 9057 8 5000000
