34918 695 2 12500000
12081 316 2 25000
10959 926 3 2000000
6496 793 3 250000
6650 735 3 100000
5593 362 2 5000
1973 432 2 1000000
5294 735 3 100000
6159 646 3 25000
7521 984 3 5000000
4127 588 3 10000
4676 690 3 50000
2265 360 2 100000
1927 360 2 100000
7535 768 3 10000
38231 849 5 125
6947 752 3 1250
6690 768 3 10000
16607 874 4 500
1677 489 2 6250000
1965 626 2 2500000
2750 656 2 5000000
5818 882 3 1000000
2154 360 2 100000
4669 543 3 5000
5208 896 3 1250000
13738 792 4 1250
6171 652 3 2500
2431 686 2 10000000
5241 882 3 1000000
1769 686 2 10000000
1187 576 2 100000000
3919 940 3 2500000
1369 504 2 10000000
4939 845 4 2000
2449 768 3 10000
862 554 2 50000000
2113 652 3 2500
2904 652 3 2500
5200 946 4 5000
2525 960 3 100000
856 558 2 500000
4958 845 4 2000
1866 632 3 20000
7866 613 4 250
2525 940 3 2500000
906 588 2 1000000
4562 946 4 5000
3308 882 3 1000000
2519 970 3 4000000
1733 735 3 100000
597 432 2 1000000
996 528 2 250000
45914 218 6 2
7935 432 2 1000000
7408 735 3 100000
580 180 1 100000
10087 946 4 5000
4730 594 3 1250
4637 384 3 100
3031 984 3 5000000
1173 288 2 10000
3797 844 3 25000
4610 557 3 800
4281 735 3 100000
3519 793 3 250000
3206 793 3 250000
1711 754 2 50000000
2083 985 2 50000000
3630 960 3 100000
2936 735 3 100000
1051 504 2 10000000
1409 490 2 100000
2846 882 3 1000000
3906 902 3 50000
3450 978 3 125000
3544 690 3 50000
2879 602 3 12500
10289 946 4 5000
2981 960 3 100000
2673 882 3 1000000
7738 768 4 1000
1262 460 2 2500000
8807 776 4 250
2704 690 3 50000
3019 940 3 2500000
4079 633 3 2000
3892 588 3 10000
1391 576 2 100000000
3127 632 3 20000
6305 792 4 1250
2105 896 3 1250000
3211 960 3 100000
4065 768 3 10000
2671 543 3 5000
3499 529 3 4000
1418 460 2 50000
2298 499 3 2500
3142 768 3 10000
890 360 2 100000
1179 360 2 100000
6129 926 3 2000000
1565 626 2 2500000
1134 504 2 10000000
6845 946 4 5000
1221 360 2 100000
1103 244 2 2500
4762 485 3 2000
3383 588 3 10000
1090 554 2 50000000
3174 735 3 100000
2475 735 3 100000
867 576 2 100000000
859 331 2 40000
1286 362 2 5000
373 200 1 100000000
2229 543 3 5000
2600 984 3 5000000
3436 513 3 3125
4352 972 3 10000
1461 308 3 125
1959 735 3 100000
539 266 2 5000
9752 810 5 100
1761 984 3 5000000
5212 946 4 5000
3460 863 3 31250
2190 690 3 50000
1635 485 3 2000
2230 940 3 2500000
1744 710 3 5000
740 499 2 125000
2224 588 3 10000
847 490 2 100000
570 554 2 50000000
2009 960 3 100000
4654 869 4 2500
1381 588 3 10000
494 460 2 2500000
535 554 2 50000000
642 392 2 10000
4682 745 4 200
544 482 2 5000000
1637 735 3 100000
1319 441 3 1000
1592 543 3 5000
4573 946 4 5000
1947 984 3 5000000
4171 869 4 2500
1879 805 3 15625
485 504 2 10000000
6032 905 4 625
764 360 2 100000
2281 960 3 100000
716 392 2 10000
1693 710 3 5000
548 323 2 31250
1812 825 3 20000
635 432 2 1000000
3807 946 4 5000
635 588 2 1000000
668 331 2 40000
1826 779 3 200000
2287 882 3 1000000
6127 845 4 2000
630 403 2 400000
1792 543 3 5000
4404 946 4 5000
2004 735 3 100000
726 332 2 2500
1779 984 3 5000000
4983 550 4 50
2155 532 2 25000000
1885 633 3 2000
2240 960 3 100000
663 686 2 10000000
480 504 2 10000000
1833 576 3 1000
603 490 2 100000
541 525 2 20000000
3123 536 4 125
781 392 2 10000
2033 518 3 500
2085 940 3 2500000
1828 576 3 1000
1131 432 2 1000000
2023 768 3 10000
770 504 2 10000000
763 576 2 100000000
2170 960 3 100000
572 432 2 1000000
1759 882 3 1000000
1720 441 3 1000
1849 882 3 1000000
2105 594 3 1250
3792 869 4 2500
857 754 2 50000000
2984 926 3 2000000
1904 768 3 10000
8184 666 4 400
682 366 2 125000
2103 902 3 50000
2304 768 3 10000
596 482 2 5000000
2286 735 3 100000
1851 576 3 1000
1894 588 3 10000
699 510 2 12500000
1985 972 3 10000
1417 543 3 5000
1557 735 3 100000
1739 710 3 5000
743 686 2 10000000
1354 779 3 200000
2190 825 3 20000
4116 869 4 2500
1774 984 3 5000000
770 392 2 10000
732 445 2 1562500
683 216 2 1000
5647 999 4 8000
771 362 2 5000
1490 499 3 2500
1667 960 3 100000
6276 946 4 5000
924 754 2 50000000
4595 946 4 5000
6726 382 3 400
2817 460 2 50000
4825 441 3 1000
5436 499 3 2500
7972 536 3 625
2450 460 2 50000
5574 926 3 2000000
2505 525 2 20000000
8507 972 3 10000
1653 251 2 3125
17740 946 4 5000
2449 784 2 100000000
1942 554 2 50000000
5813 882 3 1000000
7837 883 3 40000
5926 735 3 100000
2272 784 2 100000000
2535 360 2 100000
5760 588 3 10000
3977 896 2 10000000
6915 691 3 4000
2490 373 2 156250
2577 432 2 1000000
