2349 926 3 2000000
1526 588 3 10000
1809 998 3 6250000
3322 710 3 5000
780 576 2 100000000
636 338 2 50000
1870 970 3 4000000
496 504 2 10000000
2340 972 3 10000
1887 543 3 5000
700 453 2 2000000
539 510 2 12500000
4335 905 4 625
4946 894 4 3125
5003 869 4 2500
673 288 2 10000
5140 845 4 2000
4612 946 4 5000
571 467 2 3125000
1776 844 3 25000
5057 745 4 200
6497 690 3 50000
5231 784 2 100000000
3322 588 2 1000000
6736 960 3 100000
15982 768 4 1000
7814 768 3 10000
15317 292 4 8
2588 784 2 100000000
2118 294 2 12500
7804 582 3 250
5254 588 3 10000
22172 452 4 25
1730 360 2 100000
7241 970 3 4000000
2393 266 2 5000
2163 366 2 125000
10271 752 3 1250
8479 652 3 2500
7903 735 3 100000
2231 554 2 50000000
6460 882 3 1000000
2593 388 2 250000
2909 451 2 40000
13983 946 4 5000
8468 690 3 50000
1689 499 3 2500
2022 690 3 50000
6515 946 4 5000
2201 844 3 25000
2110 768 3 10000
7415 776 4 250
1688 557 3 6250
577 338 2 50000
3727 922 4 4000
782 784 2 100000000
6490 776 4 250
1733 984 3 5000000
1485 926 3 2000000
643 576 2 100000000
640 392 2 10000
582 196 2 100
945 512 2 10000
7574 845 4 2000
953 686 2 10000000
4505 946 4 5000
748 216 2 1000
195 142 1 500000
716 345 2 62500
4962 972 4 1000
2938 825 3 2500
2938 768 3 10000
1140 647 2 4000000
2010 543 3 5000
622 504 2 10000000
2282 768 3 10000
1534 455 3 1250
2227 749 3 125000
4483 972 4 1000
1674 779 3 200000
522 288 2 10000
2007 825 3 20000
2277 735 3 100000
2078 960 3 100000
2474 690 3 50000
1897 793 3 250000
3554 837 3 500000
563 309 2 20000
5559 972 4 1000
4648 946 4 5000
605 554 2 50000000
1932 844 3 25000
2100 882 3 1000000
2381 882 3 1000000
1650 749 3 125000
2831 752 3 1250
569 288 2 10000
2218 844 3 25000
466 222 2 1250
4667 776 4 250
311 194 1 250000
1095 550 2 20000
535 360 2 100000
687 323 2 2000
5477 869 4 2500
855 576 2 100000000
1514 499 3 2500
828 430 2 25000
4558 768 4 1000
725 381 2 200000
1685 735 3 100000
608 432 2 1000000
4313 485 3 2000
5238 715 4 625
1999 735 3 100000
1438 588 3 10000
1568 588 3 10000
2381 779 3 200000
1445 882 3 1000000
1613 882 3 1000000
1776 646 3 25000
2053 728 3 6250
1848 710 3 5000
5065 869 4 2500
1289 646 3 25000
544 331 2 40000
453 294 2 12500
1970 984 3 5000000
201 144 1 10000
1969 926 3 2000000
1357 793 3 250000
1567 837 3 500000
2216 882 3 1000000
524 338 2 50000
600 724 2 25000000
2032 768 3 10000
1472 513 3 3125
1729 940 3 2500000
2064 837 3 500000
3812 972 3 10000
549 338 2 50000
663 475 2 4000000
1667 588 3 10000
2340 735 3 100000
2685 679 3 625
4030 874 4 500
14219 801 5 40
5794 946 4 5000
4824 843 4 400
1612 704 3 62500
616 656 2 5000000
1462 543 3 5000
1738 690 3 50000
7541 776 4 250
1032 768 2 1000000
719 576 2 100000000
1534 710 3 5000
1482 441 3 1000
2321 984 3 5000000
843 538 2 312500
539 432 2 1000000
736 489 2 6250000
1921 690 3 50000
853 323 2 2000
1666 793 3 250000
656 554 2 50000000
1933 735 3 100000
2391 559 3 200
1528 646 3 25000
1302 455 3 1250
15085 971 5 250
675 294 2 12500
876 640 2 100000
624 266 2 5000
769 490 2 100000
2000 633 3 2000
5517 690 3 50000
3175 749 3 125000
6078 946 4 5000
2097 735 3 100000
2503 902 3 50000
298 200 1 100000000
910 294 2 1000
2668 972 3 10000
900 432 2 1000000
1893 793 3 250000
2387 882 3 1000000
2193 632 3 20000
2109 768 3 10000
1776 646 3 25000
839 460 2 2500000
1910 499 3 2500
1827 940 3 2500000
637 294 2 12500
1935 499 3 2500
6477 536 4 125
659 532 2 25000000
2394 825 3 2500
761 338 2 50000
7445 776 4 250
2838 360 2 100000
2374 602 3 12500
2348 825 3 20000
2352 960 3 100000
1767 735 3 100000
7558 946 4 5000
2068 786 3 12500
1864 960 3 100000
5306 869 4 2500
2048 768 3 10000
3155 863 3 31250
3001 972 3 10000
1007 558 2 500000
259407 805 8 5
752 338 2 50000
2150 902 3 50000
1395 485 3 2000
3551 960 3 100000
625 576 2 100000000
829 724 2 25000000
1454 513 3 3125
2056 940 3 2500000
2510 679 3 625
857 392 2 10000
12030 810 5 100
261 200 1 100000000
880 392 2 10000
2753 984 3 5000000
743 554 2 50000000
591 294 2 1000
766 490 2 100000
1685 984 3 5000000
2823 652 3 2500
722 490 2 100000
1740 735 3 100000
596 388 2 250000
1008 601 2 50000
2080 768 3 10000
6365 946 4 5000
572 266 2 5000
1704 882 3 1000000
815 558 2 500000
2044 768 3 10000
4182 940 4 800
672 576 2 100000000
5295 768 4 1000
506 432 2 1000000
920 784 2 100000000
3716 715 4 625
1610 588 3 10000
