3825691 9000 10 10000
596386 9880 8 2000000
406512 9464 7 100000000
886587 9188 8 6250000
916825 9408 8 1000000
1637525 9870 8 20000000
5116406 9000 10 10000
3364377 9521 9 250000
1073338 9216 8 100000000
687626 9107 7 50000000
608708 9464 8 10000000
1151476 9057 8 5000000
840214 9464 8 10000000
2068813 9351 9 200000
969783 9216 8 100000000
19461655 9394 11 6250
9524788 9469 10 5000
1019643 9464 8 10000000
17762217 9900 11 10000
9792607 9469 10 5000
992856 9107 7 50000000
595324 9464 7 100000000
8093038 9469 10 5000
1560080 9870 8 20000000
2952784 9351 9 200000
518473 9464 7 100000000
2739792 9216 8 100000000
1472913 9408 8 1000000
1689149 9464 7 100000000
3250312 9595 8 12500000
795376 9464 7 100000000
1312212 9595 8 12500000
1921903 9464 8 10000000
1798946 9216 8 100000000
18163234 9295 11 2000
733254 9464 7 100000000
948886 9464 8 10000000
7253754 9218 10 12500
2078771 9464 8 10000000
13559939 9895 10 25000
1185415 9464 7 100000000
24981998 9295 11 2000
9510389 9000 10 10000
450261 9464 7 100000000
1543120 9464 8 10000000
848381 9107 7 50000000
1196576 9057 8 5000000
7615551 9273 9 1250000
1771027 9216 8 100000000
5309759 9521 9 250000
1815186 9464 8 10000000
7753628 9895 10 25000
1333663 9107 7 50000000
2375816 9408 8 1000000
1353590 9107 7 50000000
2764361 9216 8 100000000
2393128 9408 8 1000000
21840776 9295 11 2000
2739340 9595 8 12500000
1307263 9464 7 100000000
1441759 9107 7 50000000
1755514 9188 8 6250000
6235395 9895 10 25000
790219 9464 7 100000000
1192461 9464 8 10000000
9699761 9218 10 12500
11254292 9020 10 40000
9824830 9000 10 10000
3701627 9408 8 1000000
1826770 9870 8 20000000
9884525 9800 10 100000
2242110 9870 8 20000000
951973 9188 8 6250000
68895046 9360 12 500
882710 9464 7 100000000
2171816 9408 8 1000000
1322649 9464 8 10000000
11170047 9000 10 10000
700240 9216 8 100000000
1341892 9464 8 10000000
17226653 9900 11 10000
2041737 9870 8 20000000
7835791 9000 10 10000
1350998 9057 8 5000000
4779560 9515 9 50000
16529317 9895 10 25000
2559302 9870 8 20000000
64926158 9513 12 1250
1041951 9464 7 100000000
1742711 9057 8 5000000
1625880 9464 8 10000000
2566789 9057 8 5000000
1110380 9216 8 100000000
1500480 9595 8 12500000
1089858 9107 7 50000000
22686483 9841 11 3125
21920277 9295 11 2000
2200908 9870 8 20000000
2038239 9408 8 1000000
1139118 9870 8 20000000
945038 9216 8 100000000
1476268 9880 8 2000000
853109 9057 8 5000000
857430 9464 7 100000000
1251056 9464 7 100000000
1246603 9464 7 100000000
653965 9464 7 100000000
789401 9464 7 100000000
3080742 9408 8 1000000
847581 9464 8 10000000
2835355 9057 8 5000000
2874527 9515 9 50000
984662 9107 7 50000000
11984311 9677 10 20000
1147062 9464 8 10000000
10685523 9677 10 20000
23833641 9568 11 2500
1505794 9595 8 12500000
2740177 9595 8 12500000
1204182 9464 8 10000000
1975902 9057 8 5000000
1644117 9216 8 100000000
2872993 9351 9 200000
2110063 9408 8 1000000
1976497 9216 8 100000000
1859953 9464 8 10000000
1174232 9464 7 100000000
4024993 9126 9 1000000
484078 9464 7 100000000
1820598 9408 8 1000000
5617372 9800 10 100000
5618194 9515 9 50000
2376895 9464 8 10000000
902767 9464 7 100000000
1945070 9408 8 1000000
3034852 9057 8 5000000
32969882 9696 12 625
1812329 9408 8 1000000
1824043 9216 8 100000000
509207 9464 7 100000000
2760526 9731 9 2500000
1869423 9188 8 6250000
9552109 9991 10 8000
5482115 9711 9 62500
3778748 9521 9 250000
2036983 9870 8 20000000
299124 9464 7 100000000
1863259 9408 8 1000000
20230473 9537 11 1000
3282647 9521 9 250000
749170 9464 7 100000000
2477310 9595 8 12500000
299471 9464 7 100000000
38061731 9696 12 625
4211975 9521 9 250000
6919348 9000 10 10000
25315525 9295 11 2000
1737352 9057 8 5000000
1056648 9216 8 100000000
1080837 9870 8 20000000
1633566 9057 8 5000000
1237082 9595 8 12500000
672460 9464 7 100000000
1726308 9464 8 10000000
9891111 9000 10 10000
1828053 9408 8 1000000
796495 9107 7 50000000
2025231 9216 8 100000000
1881809 9464 8 10000000
1812168 9057 8 5000000
1662398 9216 8 100000000
776059 9464 7 100000000
1482339 9870 8 20000000
6159953 9677 10 20000
1535591 9216 8 100000000
10812053 9218 10 12500
1544181 9464 8 10000000
1319238 9057 8 5000000
4678974 9209 10 50000
2440538 9464 8 10000000
2323164 9870 8 20000000
2674162 9521 9 250000
1180263 9464 8 10000000
1273173 9870 8 20000000
680230 9464 7 100000000
17098471 9900 11 10000
2612666 9870 8 20000000
1352709 9464 8 10000000
2229560 9408 8 1000000
8173727 9218 10 12500
811364 9464 7 100000000
7846000 9000 10 10000
1004396 9464 7 100000000
1437086 9408 8 1000000
995441 9464 7 100000000
406225 9464 7 100000000
1020305 9057 8 5000000
1265894 9057 8 5000000
8189406 9895 10 25000
1858057 9216 8 100000000
1357164 9057 8 5000000
4430140 9711 9 62500
1247536 9216 8 100000000
735946 9464 7 100000000
1499896 9408 8 1000000
973113 9464 8 10000000
515559 9464 7 100000000
9395326 9000 10 10000
2386018 9583 9 2000000
1561636 9464 8 10000000
515495 9107 7 50000000
1840194 9464 8 10000000
15940318 9000 10 10000
576717 9107 7 50000000
6428321 9895 10 25000
2053257 9870 8 20000000
22920811 9537 11 1000
1927131 9057 8 5000000
1558060 9880 8 2000000
27649036 9568 11 2500
502779 9107 7 50000000
1296509 9464 8 10000000
1052814 9595 8 12500000
1102674 9880 8 2000000
1024622 9408 8 1000000
4701485 9521 9 250000
708978 9464 7 100000000
8930921 9469 10 5000
3399805 9521 9 250000
937039 9464 7 100000000
1199359 9595 8 12500000
1272195 9408 8 1000000
1731036 9216 8 100000000
1329303 9239 8 781250
1738456 9464 8 10000000
1274546 9408 8 1000000
1636692 9464 8 10000000
2024433 9559 8 1250000
754306 9107 7 50000000
571719 9107 7 50000000
1117400 9464 7 100000000
5586732 9218 10 12500
16033875 9537 11 1000
1270268 9107 7 50000000
566934 9216 8 100000000
864918 9464 8 10000000
21270966 9537 11 1000
35217292 9696 12 625
823422 9464 7 100000000
2230841 9057 8 5000000
