2347965 10052 9 500000
2443861 10930 9 250000
2108073 10976 8 10000000
1817574 10584 9 1000000
6398959 10572 10 50000
1441306 10976 8 10000000
1232498 10976 8 10000000
1095399 10976 8 10000000
1122986 10976 8 10000000
9220057 10240 10 10000
1690497 10816 8 100000000
2080074 10816 8 100000000
1609947 10409 8 50000000
4263542 10052 9 500000
2936718 10125 9 100000
18348116 10416 11 5000
1509846 10816 8 100000000
2612768 10816 8 100000000
3537651 10584 9 1000000
1851183 10816 8 100000000
3508085 10125 9 100000
1454507 10816 8 100000000
1052783 10816 8 100000000
1780683 10816 8 100000000
22212573 10416 11 5000
4010847 10734 9 200000
25790297 10493 11 2000
3157380 10189 9 5000000
1144032 10816 8 100000000
1644972 10816 8 100000000
3124712 10002 8 25000000
1116457 10816 8 100000000
2360668 10816 8 100000000
1914642 10031 8 2500000
3631209 10125 9 100000
612535 10816 8 100000000
2672460 10816 8 100000000
6305024 10052 9 500000
1237385 10409 8 50000000
2299282 10409 8 50000000
1929263 10002 8 25000000
1781460 10816 8 100000000
2636734 10816 8 100000000
2808380 10816 8 100000000
10099678 10572 10 50000
1442843 10816 8 100000000
2001131 10409 8 50000000
6295709 10930 9 250000
1533844 10409 8 50000000
3428897 10816 8 100000000
3342364 10002 8 25000000
3345429 10976 8 10000000
761346 10816 8 100000000
2133449 10816 8 100000000
25157809 10416 11 5000
3003251 10794 9 12500000
4358222 10584 9 1000000
1408053 10409 8 50000000
6489475 10930 9 250000
8892910 10240 10 10000
6611933 10584 9 1000000
4747069 10125 9 100000
4742362 10754 9 1250000
2403640 10816 8 100000000
2798146 10503 8 5000000
23274587 10416 11 5000
2900969 10976 8 10000000
3117315 10584 9 1000000
3264172 10409 8 50000000
24069790 10493 11 2000
2130245 10976 8 10000000
1495687 10816 8 100000000
1892419 10816 8 100000000
1197384 10816 8 100000000
4638951 10754 9 1250000
6802030 10125 9 100000
2377069 10031 8 2500000
6558111 10125 9 100000
4111572 10647 9 10000000
1686483 10816 8 100000000
13002305 10572 10 50000
8677432 10240 10 10000
5945662 10584 9 1000000
2994420 10409 8 50000000
1069946 10976 8 10000000
4151871 10125 9 100000
4826528 10794 9 12500000
3000393 10816 8 100000000
2016744 10816 8 100000000
2021341 10352 8 4000000
2287241 10584 9 1000000
2763018 10816 8 100000000
9727630 10390 10 200000
1760661 10976 8 10000000
2567531 10976 8 10000000
3073838 10976 8 10000000
2746586 10002 8 25000000
2952626 10976 8 10000000
2808730 10584 9 1000000
3454352 10125 9 100000
3494889 10052 9 500000
3057254 10002 8 25000000
1664945 10409 8 50000000
4053255 10189 9 5000000
3239285 10031 8 2500000
1834658 10409 8 50000000
11528590 10572 10 50000
4065486 10584 9 1000000
3916103 10125 9 100000
2409799 10816 8 100000000
2217849 10816 8 100000000
3494689 10223 9 625000
5468719 10052 9 500000
2471729 10503 8 5000000
1491618 10816 8 100000000
2328239 10816 8 100000000
4276503 10125 9 100000
13349926 10240 10 10000
1277242 10816 8 100000000
4843954 10189 9 5000000
6756071 10584 9 1000000
1498678 10976 8 10000000
58978302 10736 12 3125
2263647 10816 8 100000000
24149415 10416 11 5000
2409934 10655 8 6250000
3734419 10647 9 10000000
1857788 10816 8 100000000
3183107 10052 9 500000
7372062 10572 10 50000
2178818 10503 8 5000000
4400912 10647 9 10000000
3566117 10976 8 10000000
3546713 10584 9 1000000
1924100 10816 8 100000000
4863762 10930 9 250000
1175761 10816 8 100000000
1512541 10816 8 100000000
7834545 10240 10 10000
1422959 10409 8 50000000
2394903 10503 8 5000000
1784541 10976 8 10000000
2521722 10647 9 10000000
4112742 10584 9 1000000
1472175 10503 8 5000000
5116793 10584 9 1000000
1205557 10503 8 5000000
3312698 10647 9 10000000
4663175 10930 9 250000
4209093 10125 9 100000
3118756 10754 9 1250000
1446555 10002 8 25000000
5728942 10579 10 250000
1114832 10976 8 10000000
4735384 10734 9 200000
2611861 10647 9 10000000
1545663 10031 8 2500000
1409059 10816 8 100000000
1138121 10816 8 100000000
2760262 10002 8 25000000
1897719 10002 8 25000000
41867817 10870 12 625
2570806 10584 9 1000000
5570143 10584 9 1000000
2488401 10584 9 1000000
1224907 10409 8 50000000
3959922 10647 9 10000000
4429686 10754 9 1250000
2551036 10816 8 100000000
1483007 10976 8 10000000
11060440 10240 10 10000
3940309 10584 9 1000000
2743810 10189 9 5000000
1424120 10503 8 5000000
892141 10409 8 50000000
8726047 10572 10 50000
933609 10816 8 100000000
1569912 10031 8 2500000
7092975 10240 10 10000
195650220 10597 14 125
33616626 10404 12 1000
33464245 10140 12 2000
1347332 10816 8 100000000
43290773 10493 12 500
1344145 10816 8 100000000
1820828 10002 8 25000000
1051615 10503 8 5000000
2349220 10052 9 500000
11955543 10139 11 12500
21195276 10416 11 5000
3233224 10584 9 1000000
4510523 10052 9 500000
4307111 10125 9 100000
3056690 10409 8 50000000
3391420 10584 9 1000000
1285092 10816 8 100000000
1549361 10816 8 100000000
927060 10503 8 5000000
1099819 10002 8 25000000
3436830 10125 9 100000
1770446 10002 8 25000000
2099466 10503 8 5000000
4856071 10930 9 250000
1027905 10409 8 50000000
10151940 10113 10 31250
5640196 10790 10 62500
2645568 10052 9 500000
1974964 10647 9 10000000
1144382 10816 8 100000000
1229511 10002 8 25000000
1502921 10976 8 10000000
3992991 10321 9 125000
12446683 10416 11 5000
15278868 10416 11 5000
1376430 10409 8 50000000
2040860 10125 9 100000
1044505 10976 8 10000000
1840820 10816 8 100000000
1253533 10816 8 100000000
1150933 10816 8 100000000
1244912 10002 8 25000000
16761895 10802 11 2500
2729199 10584 9 1000000
4087426 10794 9 12500000
1570895 10976 8 10000000
3278444 10052 9 500000
2090474 10052 9 500000
1752380 10584 9 1000000
3452619 10125 9 100000
1399329 10816 8 100000000
1996819 10584 9 1000000
1079858 10503 8 5000000
2859259 10584 9 1000000
3255658 10584 9 1000000
1395329 10816 8 100000000
4033105 10584 9 1000000
1825877 10816 8 100000000
3540173 10794 9 12500000
3632704 10734 9 200000
4533889 10223 9 625000
2891398 10125 9 100000
1595280 10976 8 10000000
2257187 10052 9 500000
19644880 10416 11 5000
1990041 10052 9 500000
5345695 10572 10 50000
7198027 10572 10 50000
1167235 10816 8 100000000
1567982 10816 8 100000000
1023513 10816 8 100000000
