2748972 10052 9 500000
1598601 10976 8 10000000
2202780 10052 9 500000
3118655 10734 9 200000
865623 10409 8 50000000
1718434 10816 8 100000000
1272112 10976 8 10000000
3685301 10125 9 100000
2428648 10189 9 5000000
927968 10816 8 100000000
1137878 10409 8 50000000
1823153 10816 8 100000000
3528847 10125 9 100000
1917169 10002 8 25000000
971379 10816 8 100000000
1089886 10976 8 10000000
3651796 10584 9 1000000
2386214 10409 8 50000000
4175928 10584 9 1000000
1528771 10409 8 50000000
17751917 10802 11 2500
3040905 10223 9 625000
5559218 10734 9 200000
1292399 10976 8 10000000
2025653 10409 8 50000000
12412829 10240 10 10000
128801119 10404 12 1000
21054773 10991 11 8000
10886938 10647 9 10000000
3409377 10816 8 100000000
4750908 10125 9 100000
3233467 10816 8 100000000
3665216 10052 9 500000
2712122 10409 8 50000000
1420330 10816 8 100000000
13293764 10240 10 10000
1902716 10816 8 100000000
6932715 10584 9 1000000
1914709 10655 8 6250000
2113634 10976 8 10000000
9432088 10240 10 10000
8931272 10584 9 1000000
2939533 10655 8 6250000
1812007 10816 8 100000000
1646017 10031 8 2500000
12495638 10240 10 10000
3613217 10125 9 100000
2804351 10816 8 100000000
3436329 10409 8 50000000
1339907 10409 8 50000000
1683851 10816 8 100000000
2326490 10816 8 100000000
3024940 10052 9 500000
20231807 10416 11 5000
1576515 10976 8 10000000
876675 10816 8 100000000
9151195 10572 10 50000
1569095 10816 8 100000000
1491468 10409 8 50000000
4955528 10584 9 1000000
3622503 10584 9 1000000
1607645 10816 8 100000000
4345730 10734 9 200000
4723411 10647 9 10000000
1721674 10816 8 100000000
51777720 10870 12 625
1100437 10816 8 100000000
7788973 10125 9 100000
1649046 10816 8 100000000
2969656 10409 8 50000000
4192594 10816 8 100000000
5545784 10052 9 500000
4022245 10125 9 100000
2001595 10409 8 50000000
2633525 10976 8 10000000
2381151 10976 8 10000000
38225109 10740 12 1250
1282574 10409 8 50000000
5020321 10125 9 100000
1328163 10816 8 100000000
1421715 10002 8 25000000
3100961 10409 8 50000000
1838680 10816 8 100000000
2669746 10976 8 10000000
1691606 10409 8 50000000
1433976 10002 8 25000000
3563835 10584 9 1000000
4338264 10336 9 6250000
3664820 10052 9 500000
2255893 10816 8 100000000
5725702 10125 9 100000
11053687 10572 10 50000
8601042 10579 10 250000
1544283 10409 8 50000000
2420750 10816 8 100000000
1838945 10816 8 100000000
2240124 10816 8 100000000
4889943 10647 9 10000000
1274072 10976 8 10000000
2916287 10754 9 1250000
145072312 10959 13 400
12763923 10240 10 10000
19600478 10802 11 2500
1109799 10031 8 2500000
1290330 10002 8 25000000
5119164 10052 9 500000
1607202 10816 8 100000000
1144069 10976 8 10000000
3903999 10647 9 10000000
6727259 10647 9 10000000
1619556 10816 8 100000000
15070686 10689 11 6250
4418776 10052 9 500000
3508724 10584 9 1000000
1393117 10816 8 100000000
1557339 10816 8 100000000
1821464 10816 8 100000000
2835055 10647 9 10000000
2525847 10189 9 5000000
2289439 10816 8 100000000
1977658 10976 8 10000000
4575891 10647 9 10000000
5026840 10052 9 500000
22084972 10802 11 2500
1353475 10816 8 100000000
5223804 10754 9 1250000
5166607 10052 9 500000
1303563 10002 8 25000000
3404534 10754 9 1250000
3876897 10584 9 1000000
7970755 10584 9 1000000
1913666 10976 8 10000000
3495786 10052 9 500000
7704819 10572 10 50000
1827704 10816 8 100000000
16700829 10416 11 5000
861677 10976 8 10000000
2929628 10125 9 100000
3946473 10125 9 100000
2394945 10930 9 250000
4636635 10052 9 500000
3082379 10125 9 100000
8706163 10240 10 10000
1220559 10976 8 10000000
5581270 10572 10 50000
3249933 10584 9 1000000
5245575 10734 9 200000
1466492 10002 8 25000000
2117751 10409 8 50000000
1643926 10816 8 100000000
2753172 10409 8 50000000
4018342 10794 9 12500000
1331797 10002 8 25000000
4742646 10647 9 10000000
3553607 10754 9 1250000
1310632 10002 8 25000000
2316305 10352 8 4000000
870052 10031 8 2500000
1253533 10655 8 6250000
3358341 10052 9 500000
1749957 10816 8 100000000
17993905 10416 11 5000
1425225 10816 8 100000000
3367712 10125 9 100000
21276573 10416 11 5000
1314128 10409 8 50000000
4250417 10930 9 250000
7025088 10488 10 12500
1832073 10794 9 12500000
1244514 10816 8 100000000
2817138 10223 9 625000
2150641 10409 8 50000000
2327006 10409 8 50000000
32347596 10802 11 2500
1515658 10976 8 10000000
2053956 10503 8 5000000
4339727 10052 9 500000
1018057 10816 8 100000000
919018 10002 8 25000000
977659 10816 8 100000000
2304880 10816 8 100000000
5294412 10390 10 200000
4834782 10189 9 5000000
1135930 10816 8 100000000
20790989 10416 11 5000
835410 10002 8 25000000
1388003 10816 8 100000000
4073771 10584 9 1000000
1286915 10409 8 50000000
1192207 10816 8 100000000
1842212 10409 8 50000000
1692968 10816 8 100000000
1499742 10816 8 100000000
4550412 10189 9 5000000
25094796 10802 11 2500
1908482 10503 8 5000000
1736110 10503 8 5000000
1486055 10503 8 5000000
2022191 10002 8 25000000
2953259 10125 9 100000
2267140 10031 8 2500000
2289990 10321 9 125000
2862077 10647 9 10000000
1080358 10816 8 100000000
970561 10816 8 100000000
1676150 10816 8 100000000
1174868 10816 8 100000000
877874 10816 8 100000000
3609593 10584 9 1000000
4561744 10572 10 50000
2380354 10125 9 100000
1685366 10816 8 100000000
40389360 10116 12 400
3282089 10052 9 500000
3634564 10052 9 500000
2421646 10125 9 100000
1567747 10409 8 50000000
1232613 10002 8 25000000
1300188 10503 8 5000000
32390077 10404 12 1000
7873312 10240 10 10000
1021423 10816 8 100000000
2475942 10125 9 100000
2999346 10052 9 500000
5181214 10579 10 250000
1617881 10976 8 10000000
2894768 10125 9 100000
1185956 10409 8 50000000
2289977 10584 9 1000000
2363137 10754 9 1250000
937464 10816 8 100000000
2688872 10125 9 100000
3217486 10052 9 500000
2808024 10584 9 1000000
3061871 10584 9 1000000
1216049 10409 8 50000000
801828 10409 8 50000000
6366312 10240 10 10000
7513001 10572 10 50000
2624177 10754 9 1250000
1458119 10409 8 50000000
640995 10816 8 100000000
3886212 10584 9 1000000
944084 10409 8 50000000
1755876 10816 8 100000000
2951970 10125 9 100000
2284812 10734 9 200000
1734111 10584 9 1000000
532465 10816 8 100000000
1475185 10816 8 100000000
