3686870 10052 9 500000
2773095 10052 9 500000
1588731 10031 8 2500000
928609 10816 8 100000000
1223385 10816 8 100000000
35491119 10870 12 625
25106448 10884 11 25000
1278201 10976 8 10000000
23815883 10416 11 5000
5079265 10647 9 10000000
3782605 10125 9 100000
1536722 10976 8 10000000
2049249 10409 8 50000000
4188801 10930 9 250000
8984762 10769 10 312500
3078730 10925 9 1562500
4595187 10584 9 1000000
2253692 10409 8 50000000
1233724 10409 8 50000000
1866404 10816 8 100000000
7286648 10125 9 100000
2494768 10816 8 100000000
1843031 10816 8 100000000
9483897 10240 10 10000
2282545 10409 8 50000000
5579797 10754 9 1250000
5518234 10930 9 250000
9487332 10041 9 4000000
1797046 10409 8 50000000
10520290 10390 10 200000
3389036 10976 8 10000000
1334090 10409 8 50000000
3222734 10189 9 5000000
11750817 10579 10 250000
8504907 10240 10 10000
1814517 10976 8 10000000
1155520 10409 8 50000000
1893385 10002 8 25000000
1302153 10409 8 50000000
3981963 10223 9 625000
4850486 10052 9 500000
3246502 10816 8 100000000
1974826 10816 8 100000000
2557363 10816 8 100000000
17313721 10240 10 10000
1665665 10409 8 50000000
4655767 10584 9 1000000
5275066 10125 9 100000
1998724 10409 8 50000000
4462499 10321 9 125000
3359022 10816 8 100000000
1767499 10409 8 50000000
3238287 10584 9 1000000
1375967 10976 8 10000000
3791533 10647 9 10000000
3499120 10816 8 100000000
2156661 10409 8 50000000
2508022 10409 8 50000000
23105510 10991 11 8000
2188467 10976 8 10000000
961507 10816 8 100000000
1640638 10976 8 10000000
7148267 10125 9 100000
4170918 10321 9 125000
1819665 10816 8 100000000
23895700 10416 11 5000
3253330 10976 8 10000000
2563213 10002 8 25000000
3012057 10816 8 100000000
1844532 10002 8 25000000
6861340 10584 9 1000000
2978975 10125 9 100000
6010589 10734 9 200000
3093572 10816 8 100000000
2085130 10503 8 5000000
1735606 10409 8 50000000
26774041 10416 11 5000
38876999 10740 12 1250
7573241 10572 10 50000
2251898 10976 8 10000000
3863175 10125 9 100000
12697834 10240 10 10000
4144101 10754 9 1250000
4461741 10647 9 10000000
2511144 10976 8 10000000
9435943 10390 10 200000
2851979 10409 8 50000000
3581692 10647 9 10000000
4012296 10052 9 500000
1836394 10816 8 100000000
20272349 10416 11 5000
2099014 10816 8 100000000
3105883 10754 9 1250000
22619464 10645 11 20000
3248788 10584 9 1000000
2898729 10125 9 100000
3941475 10584 9 1000000
3711786 10584 9 1000000
1966954 10976 8 10000000
1841307 10002 8 25000000
3539737 10125 9 100000
22586780 10689 11 6250
4792505 10223 9 625000
3043241 10816 8 100000000
5206658 10223 9 625000
665688 10816 8 100000000
4042025 10584 9 1000000
1812013 10503 8 5000000
3238494 10647 9 10000000
1101621 10409 8 50000000
1270330 10816 8 100000000
1577145 10409 8 50000000
2480850 10976 8 10000000
1994425 10655 8 6250000
1429612 10409 8 50000000
1007575 10503 8 5000000
7765817 10240 10 10000
1292506 10409 8 50000000
9288481 10240 10 10000
4136243 10052 9 500000
2946271 10584 9 1000000
2003731 10976 8 10000000
3316073 10052 9 500000
3198109 10647 9 10000000
15687443 10802 11 2500
1344110 10816 8 100000000
1685780 10503 8 5000000
10662189 10240 10 10000
3523894 10052 9 500000
2808235 10930 9 250000
7948654 10113 10 31250
7071205 10790 10 62500
1817227 10409 8 50000000
2094477 10031 8 2500000
881357 10816 8 100000000
2445189 10002 8 25000000
1530707 10816 8 100000000
18223244 10416 11 5000
4116868 10394 9 781250
2998487 10930 9 250000
1585587 10816 8 100000000
3911825 10125 9 100000
1050727 10976 8 10000000
23908451 10493 11 2000
5607113 10125 9 100000
4176967 10734 9 200000
3634921 10125 9 100000
1969129 10002 8 25000000
2266524 10976 8 10000000
5395940 10321 9 125000
1580699 10816 8 100000000
2925336 10584 9 1000000
8602789 10240 10 10000
24919019 10416 11 5000
1179130 10816 8 100000000
942107 10816 8 100000000
4262166 10189 9 5000000
3104241 10647 9 10000000
2324307 10584 9 1000000
3208538 10647 9 10000000
1788175 10002 8 25000000
1763134 10503 8 5000000
1443825 10976 8 10000000
1746312 10503 8 5000000
4059686 10734 9 200000
18134311 10416 11 5000
1689767 10816 8 100000000
2219776 10816 8 100000000
1480168 10816 8 100000000
10292448 10240 10 10000
3483279 10584 9 1000000
4843548 10754 9 1250000
1096558 10816 8 100000000
3790916 10647 9 10000000
1710200 10816 8 100000000
1962976 10647 9 10000000
1158999 10352 8 4000000
4545263 10125 9 100000
2416047 10584 9 1000000
1614783 10816 8 100000000
1917341 10816 8 100000000
7015104 10240 10 10000
1459768 10816 8 100000000
1224501 10409 8 50000000
9999368 10572 10 50000
1370170 10503 8 5000000
2622087 10976 8 10000000
5513774 10125 9 100000
1590538 10031 8 2500000
1752476 10002 8 25000000
80321882 10740 12 1250
4654827 10584 9 1000000
1451198 10031 8 2500000
13665325 10240 10 10000
2930846 10930 9 250000
3914631 10584 9 1000000
1823129 10976 8 10000000
2915170 10647 9 10000000
742676 10816 8 100000000
3177007 10584 9 1000000
1422657 10816 8 100000000
5350106 10125 9 100000
2062493 10031 8 2500000
1449763 10409 8 50000000
8163622 10579 10 250000
2990433 10125 9 100000
3800721 10321 9 125000
2224105 10189 9 5000000
1575260 10816 8 100000000
1325226 10183 8 3125000
3303581 10052 9 500000
1658619 10816 8 100000000
1719554 10409 8 50000000
15787137 10416 11 5000
1803130 10031 8 2500000
1079190 10409 8 50000000
2800779 10584 9 1000000
1181388 10976 8 10000000
68269942 10504 13 625
2060849 10655 8 6250000
1777431 10409 8 50000000
1595122 10816 8 100000000
2015197 10976 8 10000000
2997885 10584 9 1000000
1262290 10409 8 50000000
1303045 10409 8 50000000
1197898 10655 8 6250000
3449588 10052 9 500000
4292050 10125 9 100000
4316886 10584 9 1000000
4286159 10125 9 100000
1156883 10352 8 4000000
1032739 10816 8 100000000
4562501 10125 9 100000
1042096 10409 8 50000000
6479541 10240 10 10000
2815061 10503 8 5000000
3377139 10584 9 1000000
1233202 10352 8 4000000
1663835 10816 8 100000000
946664 10816 8 100000000
1069059 10816 8 100000000
1330368 10816 8 100000000
1815669 10655 8 6250000
3939959 10052 9 500000
1661031 10816 8 100000000
952258 10002 8 25000000
746024 10409 8 50000000
971646 10002 8 25000000
936973 10409 8 50000000
