1242123 10352 8 4000000
2474527 10647 9 10000000
1224492 10183 8 3125000
811211 10409 8 50000000
1199063 10816 8 100000000
1370335 10409 8 50000000
8934233 10572 10 50000
1134671 10002 8 25000000
5954905 10572 10 50000
1633009 10816 8 100000000
1833662 10816 8 100000000
7761901 10390 10 200000
1204800 10816 8 100000000
3930102 10584 9 1000000
2053774 10409 8 50000000
1892700 10503 8 5000000
2103158 10816 8 100000000
10087602 10240 10 10000
4919090 10125 9 100000
4721401 10052 9 500000
5573240 10125 9 100000
1476672 10031 8 2500000
936653 10002 8 25000000
2099133 10503 8 5000000
5553116 10125 9 100000
22169728 10802 11 2500
2069766 10976 8 10000000
6176070 10052 9 500000
1655547 10409 8 50000000
1276914 10503 8 5000000
3063160 10409 8 50000000
4728710 10409 8 50000000
4969601 10052 9 500000
1208578 10031 8 2500000
8004162 10125 9 100000
4818118 10052 9 500000
948575 10002 8 25000000
11457716 10488 10 12500
4149819 10584 9 1000000
2447001 10976 8 10000000
2704572 10002 8 25000000
56345657 10740 12 1250
3771371 10816 8 100000000
2300079 10816 8 100000000
5071318 10125 9 100000
190390139 10108 14 100
29585788 10645 11 20000
5305478 10125 9 100000
4744033 10125 9 100000
5353774 10052 9 500000
12276133 10240 10 10000
6589565 10125 9 100000
5723360 10052 9 500000
6992424 10572 10 50000
5166360 10584 9 1000000
2317485 10409 8 50000000
1768357 10409 8 50000000
2850859 10816 8 100000000
2979027 10816 8 100000000
1774898 10352 8 4000000
1163517 10409 8 50000000
7260364 10125 9 100000
18352174 10493 11 2000
2489060 10976 8 10000000
2519995 10816 8 100000000
1317317 10409 8 50000000
2092865 10002 8 25000000
3654329 10409 8 50000000
2050674 10976 8 10000000
10731511 10240 10 10000
2433966 10816 8 100000000
1818069 10976 8 10000000
1829800 10409 8 50000000
1508423 10002 8 25000000
2153745 10816 8 100000000
5278055 10734 9 200000
5005275 10794 9 12500000
4247382 10125 9 100000
11006393 10572 10 50000
1641628 10816 8 100000000
2227852 10002 8 25000000
3127464 10976 8 10000000
1782154 10409 8 50000000
1497192 10816 8 100000000
38177944 10067 12 800
2892459 10976 8 10000000
2935409 10503 8 5000000
1722097 10976 8 10000000
5134986 10052 9 500000
1125655 10816 8 100000000
1379745 10816 8 100000000
2386583 10409 8 50000000
2429012 10584 9 1000000
2103117 10584 9 1000000
2262211 10409 8 50000000
3881861 10125 9 100000
1292269 10409 8 50000000
2336807 10976 8 10000000
2720108 10409 8 50000000
2247061 10409 8 50000000
2794628 10655 8 6250000
2349747 10031 8 2500000
8386474 10579 10 250000
2041460 10816 8 100000000
1451504 10409 8 50000000
1426579 10409 8 50000000
2308007 10584 9 1000000
4289648 10125 9 100000
1129518 10409 8 50000000
35045497 10740 12 1250
3201323 10647 9 10000000
1409665 10976 8 10000000
1589416 10816 8 100000000
1176376 10409 8 50000000
1523392 10002 8 25000000
1913524 10409 8 50000000
3876827 10930 9 250000
1671126 10409 8 50000000
2672229 10052 9 500000
1428110 10816 8 100000000
3591833 10584 9 1000000
1586874 10503 8 5000000
1687663 10816 8 100000000
9498690 10240 10 10000
2126288 10976 8 10000000
1367723 10409 8 50000000
1632034 10002 8 25000000
1744683 10816 8 100000000
1478655 10816 8 100000000
751136 10816 8 100000000
3256012 10930 9 250000
9402013 10572 10 50000
10255902 10354 10 40000
1686181 10976 8 10000000
13152052 10416 11 5000
3856474 10647 9 10000000
3200692 10584 9 1000000
4126150 10584 9 1000000
3900441 10794 9 12500000
4955184 10390 10 200000
4314809 10052 9 500000
2521907 10002 8 25000000
1222637 10816 8 100000000
1502501 10503 8 5000000
1476596 10816 8 100000000
1233870 10976 8 10000000
1598784 10816 8 100000000
1131815 10976 8 10000000
4578055 10925 9 1562500
1313418 10002 8 25000000
1588974 10503 8 5000000
9329427 10572 10 50000
2843969 10584 9 1000000
2169058 10976 8 10000000
2095644 10409 8 50000000
2143260 10816 8 100000000
1251419 10816 8 100000000
1756637 10409 8 50000000
2277781 10409 8 50000000
3139394 10052 9 500000
3627100 10052 9 500000
1638789 10816 8 100000000
1033687 10352 8 4000000
3769752 10125 9 100000
1268397 10816 8 100000000
2079276 10409 8 50000000
1573814 10002 8 25000000
1742966 10409 8 50000000
7501082 10240 10 10000
3227645 10052 9 500000
1860781 10976 8 10000000
943483 10503 8 5000000
4033447 10584 9 1000000
2953991 10647 9 10000000
1498859 10976 8 10000000
3617926 10125 9 100000
6471619 10240 10 10000
4330536 10584 9 1000000
1485475 10031 8 2500000
754137 10409 8 50000000
3799806 10754 9 1250000
1608158 10976 8 10000000
8200251 10769 10 312500
19812189 10416 11 5000
1991433 10816 8 100000000
9387933 10240 10 10000
1010480 10002 8 25000000
8624634 10959 10 390625
2202762 10409 8 50000000
2577229 10125 9 100000
1186013 10002 8 25000000
18905310 10416 11 5000
1480227 10031 8 2500000
4033242 10754 9 1250000
4485933 10052 9 500000
3708308 10584 9 1000000
1443692 10816 8 100000000
1425949 10409 8 50000000
1335476 10002 8 25000000
7790637 10572 10 50000
1817257 10976 8 10000000
1676638 10647 9 10000000
1027707 10976 8 10000000
1642107 10031 8 2500000
1403787 10002 8 25000000
3003971 10409 8 50000000
1527235 10503 8 5000000
1445144 10409 8 50000000
1505356 10002 8 25000000
1252109 10816 8 100000000
6385845 10488 10 12500
4792385 10052 9 500000
993407 10409 8 50000000
1873981 10976 8 10000000
7062204 10240 10 10000
8385042 10390 10 200000
3841779 10189 9 5000000
3261317 10584 9 1000000
4660639 10125 9 100000
3817995 10052 9 500000
4878895 10052 9 500000
1192532 10409 8 50000000
2156190 10976 8 10000000
1435398 10503 8 5000000
1374135 10002 8 25000000
20730660 10493 11 2000
10030625 10240 10 10000
1560732 10816 8 100000000
9455000 10240 10 10000
1630429 10816 8 100000000
3570429 10584 9 1000000
1063437 10409 8 50000000
1841189 10409 8 50000000
4264120 10584 9 1000000
1103114 10816 8 100000000
4218007 10125 9 100000
1293600 10816 8 100000000
1798496 10816 8 100000000
2823380 10125 9 100000
1023313 10816 8 100000000
2931675 10734 9 200000
3186445 10125 9 100000
3061680 10584 9 1000000
2461051 10584 9 1000000
945969 10816 8 100000000
1712238 10816 8 100000000
7472151 10240 10 10000
3015029 10052 9 500000
1841612 10002 8 25000000
3372630 10584 9 1000000
