1564323 11448 8 20000000
15574613 11759 11 5000
16506978 11264 11 10000
2457482 11599 8 25000000
10154701 11250 10 100000
6748863 11540 9 500000
5220661 11816 9 5000000
3343364 11987 9 6250000
18952094 11759 11 5000
6412141 11252 9 25000000
3406741 11710 9 50000000
13806396 11250 10 100000
25835136 11759 11 5000
5831471 11987 9 6250000
9496996 11010 10 20000
4286489 11710 9 50000000
157832577 11776 13 625
1898949 11599 8 25000000
10296675 11258 10 25000
12845711 11010 10 20000
9269558 11468 10 125000
24164470 11264 11 10000
3389944 11540 9 500000
2975772 11599 8 25000000
4712148 11448 8 20000000
3178996 11710 9 50000000
5426215 11710 9 50000000
8989043 11250 10 100000
30102353 11110 11 3125
4478459 11540 9 500000
16891800 11759 11 5000
3437432 11987 9 6250000
7911911 11250 10 100000
2360038 11599 8 25000000
3214770 11816 9 5000000
3232994 11448 8 20000000
4456531 11285 9 2500000
2803154 11285 9 2500000
3211575 11115 9 2000000
4559313 11816 9 5000000
222948522 11200 14 100
2163042 11599 8 25000000
3279036 11987 9 6250000
8721740 11927 10 200000
4858991 11252 9 25000000
15279174 11264 11 10000
4642784 11540 9 500000
9177044 11250 10 100000
3168232 11816 9 5000000
1429866 11448 8 20000000
1235337 11448 8 20000000
3270160 11344 9 400000
8479370 11010 10 20000
3513039 11115 9 2000000
1487384 11127 8 12500000
360625739 11418 15 80
13257417 11264 11 10000
2254818 11599 8 25000000
918454 11448 8 20000000
6638211 11250 10 100000
12219828 11264 11 10000
14491445 11264 11 10000
1840472 11448 8 20000000
1228168 11599 8 25000000
20637128 11450 11 4000
3174129 11540 9 500000
2707986 11646 9 4000000
6201209 11008 10 78125
3336814 11252 9 25000000
3160647 11816 9 5000000
1340882 11127 8 12500000
2643010 11816 9 5000000
3177926 11987 9 6250000
10952710 11258 10 25000
12274073 11264 11 10000
1595163 11599 8 25000000
3487102 11285 9 2500000
5718825 11250 10 100000
8238755 11927 10 200000
5834036 11169 10 500000
826103 11599 8 25000000
6553205 11169 10 500000
2675791 11710 9 50000000
4223149 11816 9 5000000
1928400 11285 9 2500000
7270358 11008 10 78125
1321454 11599 8 25000000
5972578 11010 10 20000
8003903 11250 10 100000
3143649 11816 9 5000000
2867413 11540 9 500000
2858410 11115 9 2000000
7920145 11250 10 100000
755135 11599 8 25000000
2570513 11540 9 500000
3044550 11816 9 5000000
15015289 11264 11 10000
3057648 11456 9 3125000
2646042 11540 9 500000
4493914 11760 10 1000000
3008487 11285 9 2500000
5404071 11760 10 1000000
1887821 11599 8 25000000
13551209 11629 11 50000
15491511 11629 11 50000
2553911 11540 9 500000
21984204 11784 12 2500
1106377 11448 8 20000000
2115519 11285 9 2500000
9957806 11264 11 10000
13497908 11264 11 10000
2137394 11456 9 3125000
2853497 11115 9 2000000
6745443 11927 10 200000
2200339 11540 9 500000
6245334 11468 10 125000
1146622 11127 8 12500000
5773494 11760 10 1000000
1463468 11599 8 25000000
6336158 11250 10 100000
2447981 11285 9 2500000
2816532 11816 9 5000000
875667 11127 8 12500000
6009428 11250 10 100000
7761223 11760 10 1000000
4569681 11258 10 25000
10721419 11264 11 10000
2336487 11816 9 5000000
5250068 11250 10 100000
2358659 11252 9 25000000
5026247 11816 9 5000000
4244483 11250 10 100000
3839089 11115 9 2000000
924317 11448 8 20000000
2806452 11285 9 2500000
6761722 11250 10 100000
3861136 11816 9 5000000
10148535 11264 11 10000
1007859 11448 8 20000000
6913793 11927 10 200000
9795256 11927 10 200000
2201973 11104 9 20000000
1129113 11448 8 20000000
2709983 11987 9 6250000
2311630 11285 9 2500000
8389408 11010 10 20000
6369809 11169 10 500000
6717846 11250 10 100000
2440005 11540 9 500000
1536704 11599 8 25000000
3508375 11115 9 2000000
2755867 11540 9 500000
57092716 11776 13 625
1716465 11252 9 25000000
1256365 11127 8 12500000
4267219 11250 10 100000
1100950 11599 8 25000000
934246 11448 8 20000000
847093 11599 8 25000000
1799449 11816 9 5000000
1874255 11540 9 500000
5179427 11250 10 100000
2034295 11816 9 5000000
1403366 11448 8 20000000
1499302 11127 8 12500000
2168700 11285 9 2500000
5436592 11250 10 100000
1576385 11816 9 5000000
1799353 11816 9 5000000
5991932 11250 10 100000
5692580 11258 10 25000
2777045 11540 9 500000
11040763 11759 11 5000
6923366 11927 10 200000
702440 11127 8 12500000
739707 11127 8 12500000
3346036 11285 9 2500000
1205547 11599 8 25000000
1913241 11285 9 2500000
4424220 11250 10 100000
5904668 11760 10 1000000
2355434 11456 9 3125000
2869512 11816 9 5000000
1053303 11448 8 20000000
42798195 11253 13 250
884329 11448 8 20000000
4077301 11169 10 500000
12505321 11264 11 10000
7015583 11010 10 20000
8057802 11264 11 10000
2299675 11540 9 500000
10301150 11264 11 10000
770055 11448 8 20000000
1550249 11344 9 400000
3272515 11816 9 5000000
5652302 11927 10 200000
2373486 11540 9 500000
4827087 11250 10 100000
2108520 11987 9 6250000
1601950 11816 9 5000000
2776074 11115 9 2000000
7658409 11010 10 20000
10677743 11759 11 5000
2049513 11646 9 4000000
12766708 11264 11 10000
2200613 11816 9 5000000
23245913 11447 12 2000
1515936 11987 9 6250000
5994872 11760 10 1000000
4846665 11258 10 25000
5322042 11010 10 20000
10536790 11264 11 10000
8912573 11264 11 10000
5400206 11169 10 500000
1431782 11710 9 50000000
945289 11127 8 12500000
2635374 11250 10 100000
2883966 11540 9 500000
1814509 11104 9 20000000
2677276 11646 9 4000000
12164052 11264 11 10000
745171 11127 8 12500000
3976210 11760 10 1000000
3336218 11760 10 1000000
5963043 11927 10 200000
820774 11599 8 25000000
3483984 11250 10 100000
1431593 11127 8 12500000
11237397 11264 11 10000
23587275 11784 12 2500
2823260 11540 9 500000
2803492 11169 10 500000
1644367 11285 9 2500000
1002653 11599 8 25000000
2289215 11104 9 20000000
11223079 11264 11 10000
4612455 11250 10 100000
18537546 11869 11 62500
22829617 11784 12 2500
4404028 11760 10 1000000
822071 11127 8 12500000
1599453 11646 9 4000000
1284743 11127 8 12500000
1255710 11115 9 2000000
1673276 11710 9 50000000
10028345 11264 11 10000
4552551 11760 10 1000000
1939670 11540 9 500000
622540 11599 8 25000000
3910508 11760 10 1000000
