20975589 11264 11 10000
3287827 11816 9 5000000
23112828 11264 11 10000
15993927 11506 10 31250
8635230 11250 10 100000
4291620 11540 9 500000
9008802 11781 10 40000
15843733 11781 10 40000
6031285 11456 9 3125000
1601617 11127 8 12500000
5882139 11987 9 6250000
5875376 11736 9 625000
7397752 11540 9 500000
6002627 11710 9 50000000
1677131 11448 8 20000000
4891413 11710 9 50000000
3751348 11115 9 2000000
14830814 11781 10 40000
9540122 11949 10 1250000
2805695 11252 9 25000000
1496920 11599 8 25000000
4652764 11115 9 2000000
83398747 11784 12 2500
2399171 11599 8 25000000
6016531 11115 9 2000000
4784396 11816 9 5000000
19419060 11468 10 125000
17642091 11629 11 50000
2674995 11127 8 12500000
4797938 11710 9 50000000
10558689 11781 10 40000
5356168 11285 9 2500000
22482538 11264 11 10000
24135362 11264 11 10000
3151318 11448 8 20000000
2578366 11127 8 12500000
15230287 11264 11 10000
4580484 11816 9 5000000
5559721 11816 9 5000000
248963185 11629 14 200
3183214 11285 9 2500000
7053611 11506 10 31250
1599109 11127 8 12500000
7416700 11250 10 100000
3634887 11250 10 100000
7663625 11258 10 25000
11752453 11468 10 125000
774955 11599 8 25000000
2989936 11115 9 2000000
5424859 11344 9 400000
14691336 11759 11 5000
8197816 11258 10 25000
2516438 11599 8 25000000
10413090 11010 10 20000
10639612 11169 10 500000
26945519 11363 12 5000
10146863 11250 10 100000
4852020 11115 9 2000000
20690324 11759 11 5000
4256431 11816 9 5000000
4020711 11816 9 5000000
3808967 11953 9 800000
29862543 11447 12 2000
13789736 11250 10 100000
10110450 11250 10 100000
11180680 11169 10 500000
15590646 11264 11 10000
5840760 11285 9 2500000
11085759 11250 10 100000
5860078 11250 10 100000
2307700 11987 9 6250000
1547519 11448 8 20000000
4547107 11816 9 5000000
17385420 11124 11 31250
8131040 11169 10 500000
2080546 11599 8 25000000
17837418 11809 11 15625
5354203 11285 9 2500000
3946516 11540 9 500000
3455029 11987 9 6250000
3784428 11816 9 5000000
15169180 11759 11 5000
2874039 11104 9 20000000
2948045 11816 9 5000000
228221814 11742 14 125
2818809 11540 9 500000
2577588 11816 9 5000000
2568651 11710 9 50000000
3138608 11285 9 2500000
1951407 11987 9 6250000
1909050 11540 9 500000
2276452 11816 9 5000000
1149776 11448 8 20000000
3129628 11115 9 2000000
3702279 11987 9 6250000
5042054 11250 10 100000
720133 11599 8 25000000
13465076 11264 11 10000
7918174 11258 10 25000
3050120 11344 9 400000
1987619 11448 8 20000000
8946369 11008 10 78125
1857485 11599 8 25000000
899923 11127 8 12500000
4107309 11115 9 2000000
6208549 11250 10 100000
2685049 11987 9 6250000
2438896 11646 9 4000000
1442480 11456 9 3125000
2650617 11710 9 50000000
4409034 11760 10 1000000
3467260 11285 9 2500000
5097494 11010 10 20000
2738047 11285 9 2500000
2243951 11932 9 781250
9826693 11264 11 10000
3252754 11816 9 5000000
22018961 11447 12 2000
5670062 11468 10 125000
28390005 11363 12 5000
1947173 11285 9 2500000
2810171 11987 9 6250000
2923248 11104 9 20000000
4797446 11010 10 20000
3367432 11710 9 50000000
2389935 11816 9 5000000
4918844 11250 10 100000
14171986 11759 11 5000
2468537 11540 9 500000
2382132 11285 9 2500000
3333402 11285 9 2500000
5759048 11250 10 100000
2199200 11540 9 500000
2407068 11115 9 2000000
2820155 11710 9 50000000
5020237 11468 10 125000
1660977 11448 8 20000000
1186932 11448 8 20000000
2496836 11115 9 2000000
5750119 11760 10 1000000
5060299 11250 10 100000
3057746 11285 9 2500000
6034000 11250 10 100000
2604920 11987 9 6250000
9765093 11264 11 10000
10284054 11264 11 10000
2744201 11710 9 50000000
1357278 11599 8 25000000
12290094 11264 11 10000
4674302 11250 10 100000
6293970 11010 10 20000
1031657 11599 8 25000000
1989000 11816 9 5000000
4123773 11949 10 1250000
4899771 11250 10 100000
2315487 11285 9 2500000
2947981 11816 9 5000000
3103169 11323 9 390625
3620126 11816 9 5000000
814348 11599 8 25000000
5481241 11250 10 100000
1592868 11599 8 25000000
6431132 11258 10 25000
3596056 11540 9 500000
53260076 11363 12 5000
2071049 11816 9 5000000
9808458 11759 11 5000
7597070 11010 10 20000
21780912 11784 12 2500
4679129 11250 10 100000
5867597 11010 10 20000
5025012 11250 10 100000
32420502 11664 12 1000
27150707 11363 12 5000
2090831 11285 9 2500000
9380619 11759 11 5000
1153166 11448 8 20000000
11362373 11264 11 10000
8330872 11264 11 10000
10726601 11759 11 5000
3606666 11250 10 100000
2337464 11540 9 500000
2858856 11540 9 500000
4854382 11250 10 100000
4028948 11250 10 100000
739499 11448 8 20000000
15324160 11759 11 5000
4949534 11250 10 100000
640297 11599 8 25000000
2444737 11816 9 5000000
2304633 11285 9 2500000
4058093 11927 10 200000
46850401 11776 13 625
5188310 11250 10 100000
5159121 11250 10 100000
2191006 11285 9 2500000
896873 11599 8 25000000
3865647 11359 10 625000
3139850 11115 9 2000000
6618115 11390 11 40000
4683946 11927 10 200000
3525918 11250 10 100000
647632 11448 8 20000000
906845 11448 8 20000000
1616127 11710 9 50000000
32107411 11447 12 2000
4598159 11250 10 100000
1977033 11540 9 500000
4446574 11927 10 200000
699556 11599 8 25000000
3716619 11250 10 100000
2230390 11115 9 2000000
1520688 11710 9 50000000
11714985 11759 11 5000
3419487 11250 10 100000
2063295 11987 9 6250000
1661172 11540 9 500000
5889906 11264 11 10000
4759495 11468 10 125000
14967445 11264 11 10000
1639850 11104 9 20000000
2067760 11816 9 5000000
4576926 11169 10 500000
18840619 11784 12 2500
15096686 11759 11 5000
2043562 11646 9 4000000
1485901 11710 9 50000000
6673006 11258 10 25000
22825831 11363 12 5000
1646586 11540 9 500000
3151906 11468 10 125000
1137373 11816 9 5000000
1491706 11816 9 5000000
707432 11599 8 25000000
2967158 11710 9 50000000
3678970 11258 10 25000
8437695 11759 11 5000
1112512 11599 8 25000000
18169651 11664 12 1000
902807 11599 8 25000000
19880423 11447 12 2000
5551217 11010 10 20000
1591641 11252 9 25000000
755202 11599 8 25000000
3732485 11250 10 100000
4078688 11250 10 100000
18241975 11784 12 2500
1851329 11816 9 5000000
1021569 11599 8 25000000
865558 11599 8 25000000
