7300024 11250 10 100000
7779217 11468 10 125000
2251593 11816 9 5000000
6627297 11250 10 100000
18168544 11110 11 3125
21166864 11264 11 10000
8179830 11816 9 5000000
5416543 11540 9 500000
24897080 11759 11 5000
1833293 11599 8 25000000
7417846 11927 10 200000
10539122 11781 10 40000
3902112 11599 8 25000000
2389380 11599 8 25000000
24403773 11759 11 5000
6052177 11816 9 5000000
5653414 11104 9 20000000
13215499 11760 10 1000000
9879182 11760 10 1000000
2342513 11448 8 20000000
97841593 11776 13 625
28624004 11536 11 12500
6798978 11250 10 100000
22170607 11536 11 12500
41993728 11363 12 5000
5301027 11816 9 5000000
11808191 11927 10 200000
15204344 11250 10 100000
9335378 11468 10 125000
13433439 11250 10 100000
22477812 11759 11 5000
2015262 11599 8 25000000
10111533 11927 10 200000
2928957 11104 9 20000000
6984211 11736 9 625000
9472261 11760 10 1000000
22777750 11264 11 10000
21571137 11264 11 10000
10420493 11250 10 100000
3690460 11104 9 20000000
20583341 11264 11 10000
3580443 11816 9 5000000
4754362 11816 9 5000000
12757533 11927 10 200000
1907542 11448 8 20000000
4846610 11816 9 5000000
15033255 11264 11 10000
11405714 11010 10 20000
8387508 11010 10 20000
32815047 11784 12 2500
2314482 11252 9 25000000
6803554 11250 10 100000
2284241 11599 8 25000000
7944728 11760 10 1000000
1401099 11599 8 25000000
7386604 11250 10 100000
1574479 11448 8 20000000
7990315 11258 10 25000
19555752 11759 11 5000
7409871 11468 10 125000
2369245 11448 8 20000000
13902330 11264 11 10000
2848556 11710 9 50000000
8454212 11250 10 100000
4814721 11250 10 100000
1658919 11599 8 25000000
23199115 11264 11 10000
4972346 11816 9 5000000
3208830 11285 9 2500000
7074836 11250 10 100000
8824213 11169 10 500000
21405867 11264 11 10000
68787116 11447 12 2000
2523371 11599 8 25000000
2934737 11710 9 50000000
18194753 11536 11 12500
7347161 11250 10 100000
10792823 11250 10 100000
888957 11127 8 12500000
2596936 11285 9 2500000
15825626 11759 11 5000
7687206 11359 10 625000
4189159 11646 9 4000000
3737875 11540 9 500000
2843040 11816 9 5000000
5568729 11468 10 125000
2855949 11816 9 5000000
1883454 11448 8 20000000
6594476 11250 10 100000
5377566 11250 10 100000
3276743 11540 9 500000
17418086 11264 11 10000
6490205 11010 10 20000
9559643 11250 10 100000
9558307 11468 10 125000
4961450 11285 9 2500000
1717194 11448 8 20000000
26329031 11363 12 5000
2670763 11710 9 50000000
4506980 11816 9 5000000
3717338 11285 9 2500000
8002771 11008 10 78125
3763301 11932 9 781250
2233211 11599 8 25000000
12411870 11250 10 100000
3174025 11710 9 50000000
3400195 11456 9 3125000
6503362 11258 10 25000
3691125 11816 9 5000000
5446820 11010 10 20000
13311908 11264 11 10000
15830204 11629 11 50000
3365185 11540 9 500000
3727606 11816 9 5000000
2371304 11599 8 25000000
8320183 11250 10 100000
2428663 11448 8 20000000
3599806 11285 9 2500000
2303690 11127 9 312500
1128237 11448 8 20000000
1447931 11599 8 25000000
6388512 11250 10 100000
2992722 11710 9 50000000
18564982 11264 11 10000
8117140 11468 10 125000
13301271 11629 11 50000
2453082 11540 9 500000
3332038 11816 9 5000000
3122748 11540 9 500000
5033633 11760 10 1000000
31950657 11264 11 10000
4427984 11540 9 500000
49111505 11635 13 1250
2425903 11987 9 6250000
8064578 11250 10 100000
5733221 11250 10 100000
4014987 11250 10 100000
2563817 11736 9 625000
1093512 11599 8 25000000
8972180 11759 11 5000
1523648 11816 9 5000000
6131571 11250 10 100000
24477528 11264 11 10000
3175899 11816 9 5000000
59030695 11368 13 500
765485 11127 8 12500000
6571448 11250 10 100000
2099687 11816 9 5000000
13631815 11264 11 10000
1137158 11448 8 20000000
1444989 11448 8 20000000
2392469 11646 9 4000000
1446784 11987 9 6250000
3214167 11540 9 500000
2341715 11816 9 5000000
12070013 11759 11 5000
925727 11599 8 25000000
2659675 11987 9 6250000
4429960 11250 10 100000
953076 11599 8 25000000
23444551 11111 12 1600
2323422 11710 9 50000000
6808167 11250 10 100000
988929 11599 8 25000000
2280274 11285 9 2500000
2211500 11285 9 2500000
6581039 11010 10 20000
8160837 11250 10 100000
2852865 11252 9 25000000
3091109 11816 9 5000000
4711882 11250 10 100000
1004260 11599 8 25000000
8345430 11250 10 100000
3484910 11285 9 2500000
789568 11599 8 25000000
2783439 11285 9 2500000
1307106 11599 8 25000000
3264227 11252 9 25000000
3080461 11987 9 6250000
2685490 11540 9 500000
10926165 11759 11 5000
5049931 11250 10 100000
8577058 11010 10 20000
839170 11448 8 20000000
1314635 11599 8 25000000
3996228 11540 9 500000
3447343 11816 9 5000000
2872293 11816 9 5000000
2250439 11104 9 20000000
1685265 11710 9 50000000
2600036 11252 9 25000000
3194163 11285 9 2500000
10844643 11124 11 31250
2516960 11816 9 5000000
1394893 11599 8 25000000
10711917 11536 11 12500
785104 11127 8 12500000
8534009 11927 10 200000
2382027 11816 9 5000000
3094936 11736 9 625000
5014644 11250 10 100000
3433562 11816 9 5000000
3947340 11760 10 1000000
3223300 11540 9 500000
5131584 11031 10 80000
4570863 11258 10 25000
12683859 11629 11 50000
3751201 11927 10 200000
1115498 11448 8 20000000
5462389 11250 10 100000
2534543 11115 9 2000000
3003467 11540 9 500000
5629127 11250 10 100000
2296516 11987 9 6250000
2714947 11285 9 2500000
2080638 11285 9 2500000
891527 11448 8 20000000
2686543 11710 9 50000000
1585512 11816 9 5000000
4553085 11927 10 200000
22581175 11264 11 10000
4178932 11506 10 31250
1311795 11710 9 50000000
864221 11599 8 25000000
3822925 11927 10 200000
3579090 11760 10 1000000
5382081 11927 10 200000
978686 11448 8 20000000
1787015 11104 9 20000000
1243338 11816 9 5000000
4862511 11258 10 25000
2200633 11115 9 2000000
1409104 11599 8 25000000
2163268 11252 9 25000000
6387814 11506 10 31250
8559426 11759 11 5000
4376121 11258 10 25000
9460828 11759 11 5000
5798186 11468 10 125000
16694959 11110 11 3125
2030207 11710 9 50000000
10734571 11759 11 5000
1910502 11115 9 2000000
10467714 11536 11 12500
13844418 11264 11 10000
3068200 11816 9 5000000
1658232 11127 8 12500000
941649 11127 8 12500000
10680136 11264 11 10000
13530794 11869 11 62500
