9932100 11010 10 20000
22324122 11759 11 5000
2535429 11104 9 20000000
43449895 11664 12 1000
1509739 11599 8 25000000
19230347 11264 11 10000
9478593 11359 10 625000
9831670 11031 10 80000
9887952 11927 10 200000
46804994 11784 12 2500
22639858 11264 11 10000
3256390 11456 9 3125000
1935674 11127 8 12500000
1446880 11599 8 25000000
11846004 11468 10 125000
11268745 11250 10 100000
35106436 11264 11 10000
7164711 11760 10 1000000
7019146 11816 9 5000000
6047104 11736 9 625000
32344545 11124 11 31250
7148597 11646 9 4000000
18227843 11759 11 5000
4160740 11987 9 6250000
32746360 11629 11 50000
13181449 11010 10 20000
2110572 11127 8 12500000
2807570 11646 9 4000000
47080666 11784 12 2500
5004904 11710 9 50000000
61030321 11664 12 1000
10910328 11250 10 100000
4294555 11540 9 500000
5027314 11816 9 5000000
10347486 11250 10 100000
907038 11448 8 20000000
3720446 11816 9 5000000
1419024 11127 8 12500000
8956401 11250 10 100000
1494855 11599 8 25000000
2228194 11252 9 25000000
3955311 11252 9 25000000
4110297 11285 9 2500000
19864184 11536 11 12500
2692947 11540 9 500000
31382577 11264 11 10000
2457938 11816 9 5000000
130206580 11776 13 625
4771414 11456 9 3125000
18274640 11759 11 5000
8619740 11250 10 100000
10159569 11169 10 500000
5134167 11285 9 2500000
1288996 11448 8 20000000
12836364 11264 11 10000
15244003 11759 11 5000
8932413 11010 10 20000
4604076 11987 9 6250000
5566192 11250 10 100000
3319357 11932 9 781250
7969421 11250 10 100000
6784496 11506 10 31250
4289425 11456 9 3125000
1150230 11127 8 12500000
2200393 11710 9 50000000
6833655 11250 10 100000
17922892 11759 11 5000
2083543 11252 9 25000000
1752562 11599 8 25000000
6134117 11008 10 78125
1109868 11599 8 25000000
3656247 11115 9 2000000
2216368 11456 9 3125000
4573480 11816 9 5000000
2525004 11456 9 3125000
21361527 11264 11 10000
3551889 11285 9 2500000
2218985 11599 8 25000000
5310524 11252 9 25000000
4600009 11115 9 2000000
15621012 11450 11 4000
1779966 11448 8 20000000
3041529 11816 9 5000000
10690104 11468 10 125000
22318074 11264 11 10000
6958202 11250 10 100000
2312466 11816 9 5000000
25287582 11450 11 4000
6193764 11250 10 100000
9369755 11686 10 156250
7401084 11258 10 25000
2570925 11710 9 50000000
16478825 11264 11 10000
2357644 11816 9 5000000
17153569 11536 11 12500
18744686 11759 11 5000
8182828 11250 10 100000
10818680 11258 10 25000
14214516 11264 11 10000
3538716 11115 9 2000000
2540160 11816 9 5000000
2999990 11285 9 2500000
3842847 11540 9 500000
3519477 11285 9 2500000
3009876 11540 9 500000
3340618 11816 9 5000000
2508866 11115 9 2000000
3148730 11115 9 2000000
13893148 11264 11 10000
14172947 11264 11 10000
57396059 11776 13 625
14775375 11390 11 40000
17862788 11264 11 10000
28756164 11264 11 10000
30410155 11664 12 1000
11997346 11264 11 10000
8037909 11258 10 25000
3947658 11540 9 500000
807915 11127 8 12500000
27546013 11447 12 2000
6800051 11250 10 100000
1069246 11599 8 25000000
7369076 11250 10 100000
39586716 11784 12 2500
32101812 11784 12 2500
4878969 11468 10 125000
2646072 11540 9 500000
1992761 11285 9 2500000
2843033 11816 9 5000000
22744932 11363 12 5000
750689 11599 8 25000000
2970875 11816 9 5000000
1959234 11987 9 6250000
29274531 11447 12 2000
4198936 11468 10 125000
4728954 11250 10 100000
4787202 11760 10 1000000
2602645 11285 9 2500000
3509156 11816 9 5000000
3054611 11816 9 5000000
14170635 11759 11 5000
1978268 11252 9 25000000
799844 11599 8 25000000
8139023 11010 10 20000
15785386 11264 11 10000
10707350 11264 11 10000
2039690 11540 9 500000
2580099 11285 9 2500000
3469735 11115 9 2000000
6246473 11250 10 100000
885104 11599 8 25000000
8241862 11258 10 25000
5430229 11250 10 100000
1333811 11448 8 20000000
7655832 11258 10 25000
2440093 11252 9 25000000
2941076 11816 9 5000000
6293025 11250 10 100000
9553970 11264 11 10000
6364133 11250 10 100000
4282580 11250 10 100000
3082676 11285 9 2500000
2083310 11115 9 2000000
926765 11448 8 20000000
5231959 11250 10 100000
5412987 11468 10 125000
2624286 11285 9 2500000
2833631 11540 9 500000
1100284 11448 8 20000000
1074762 11599 8 25000000
2638964 11252 9 25000000
1167029 11599 8 25000000
743918 11599 8 25000000
17878713 11784 12 2500
2895407 11540 9 500000
13531359 11264 11 10000
2230569 11816 9 5000000
1716226 11816 9 5000000
2322797 11816 9 5000000
1355993 11599 8 25000000
4032591 11104 9 20000000
1804468 11816 9 5000000
3897906 11468 10 125000
2652759 11285 9 2500000
2011881 11115 9 2000000
661533 11599 8 25000000
4134814 11169 10 500000
25672104 11447 12 2000
1394333 11599 8 25000000
6122961 11927 10 200000
14130499 11450 11 4000
1294100 11448 8 20000000
7149591 11927 10 200000
1888564 11816 9 5000000
866138 11448 8 20000000
812219 11127 8 12500000
5361261 11468 10 125000
3340718 11250 10 100000
1946313 11816 9 5000000
84817964 11776 13 625
1163727 11816 9 5000000
1926859 11252 9 25000000
4234625 11250 10 100000
915946 11599 8 25000000
2365600 11285 9 2500000
859593 11127 8 12500000
2754314 11115 9 2000000
2060343 11646 9 4000000
2669057 11987 9 6250000
6613607 11927 10 200000
496198 11127 8 12500000
4693783 11760 10 1000000
6944656 11250 10 100000
11706262 11629 11 50000
933527 11599 8 25000000
2393527 11987 9 6250000
4212698 11760 10 1000000
1761110 11710 9 50000000
869837 11448 8 20000000
2199069 11252 9 25000000
4263856 11250 10 100000
629017 11599 8 25000000
73248522 11776 13 625
883427 11599 8 25000000
6835530 11536 11 12500
7382477 11264 11 10000
7583749 11264 11 10000
4403640 11250 10 100000
8646243 11264 11 10000
2684686 11540 9 500000
7831521 11264 11 10000
4425131 11010 10 20000
1682183 11252 9 25000000
5120978 11927 10 200000
940771 11599 8 25000000
1803121 11710 9 50000000
3636103 11250 10 100000
4911684 11927 10 200000
2232808 11646 9 4000000
12618006 11809 11 15625
16111127 11110 11 3125
631545 11448 8 20000000
3966440 11250 10 100000
2030807 11540 9 500000
2472272 11816 9 5000000
6006534 11250 10 100000
2679782 11169 10 500000
3780542 11927 10 200000
2449994 11468 10 125000
3491959 11250 10 100000
