3965538 12759 9 2000000
3557336 12348 9 10000000
4006082 12348 9 10000000
3251012 12150 9 1000000
4673102 12348 9 10000000
51397388 12828 12 5000
42572280 12828 12 5000
19843863 12111 11 20000
42150642 12834 12 2000
5619449 12168 9 100000000
1711030 12071 8 50000000
18229954 12067 11 6250
7177319 12822 10 500000
5323986 12150 9 1000000
4169070 12348 9 10000000
13535542 12145 10 250000
4651524 12348 9 10000000
2250801 12544 8 100000000
1498283 12544 8 100000000
2068483 12544 8 100000000
1340622 12544 8 100000000
10332348 12800 10 100000
28681427 12716 11 10000
5989286 12879 9 20000000
13155410 12800 10 100000
17914705 12716 11 10000
4714525 12348 9 10000000
2034791 12544 8 100000000
4544375 12150 9 1000000
3737662 12544 8 100000000
12500602 12029 10 50000
6196933 12348 9 10000000
9712329 12145 10 250000
5210625 12518 9 12500000
4006207 12348 9 10000000
20770462 12716 11 10000
47819892 12120 12 3125
1037459 12544 8 100000000
323824892 12682 14 625
13926479 12384 11 25000
4004821 12348 9 10000000
2974464 12150 9 1000000
7657094 12539 10 2500000
3421212 12150 9 1000000
1397533 12071 8 50000000
4157820 12150 9 1000000
9943156 12800 10 100000
4199168 12348 9 10000000
3280718 12150 9 1000000
50964858 12828 12 5000
7904982 12150 9 1000000
5489702 12879 9 20000000
1198517 12071 8 50000000
3255859 12150 9 1000000
8273562 12822 10 500000
2535820 12168 9 100000000
5930869 12822 10 500000
2395415 12348 9 10000000
15685292 12375 11 100000
4268204 12348 9 10000000
2227709 12348 9 10000000
2455750 12168 9 100000000
1812073 12071 8 50000000
81659433 12040 12 1250
1518898 12544 8 100000000
4300761 12150 9 1000000
2416632 12168 9 100000000
2125298 12168 9 100000000
4406039 12348 9 10000000
1661837 12544 8 100000000
3928581 12348 9 10000000
2919738 12542 9 1562500
6178983 12822 10 500000
3973989 12150 9 1000000
3330603 12168 9 100000000
1613187 12544 8 100000000
22559624 12384 11 25000
13936225 12716 11 10000
2955248 12348 9 10000000
3659011 12346 9 1250000
25492234 12716 11 10000
14297329 12716 11 10000
2930620 12879 9 20000000
7476389 12029 10 50000
18191994 12716 11 10000
3597339 12955 9 2500000
7846041 12800 10 100000
7896238 12800 10 100000
1215096 12071 8 50000000
939363 12071 8 50000000
4355744 12759 9 2000000
1007553 12544 8 100000000
6246482 12029 10 50000
6810303 12150 9 1000000
2890078 12348 9 10000000
4014244 12759 9 2000000
3071057 12348 9 10000000
2607609 12348 9 10000000
1029802 12071 8 50000000
12769536 12716 11 10000
1355647 12071 8 50000000
3187041 12759 9 2000000
3747116 12350 10 2000000
15177045 12716 11 10000
3245159 12348 9 10000000
1622046 12544 8 100000000
3954407 12879 9 20000000
1013758 12071 8 50000000
15700479 12384 11 25000
3051142 12150 9 1000000
7149826 12029 10 50000
14865230 12716 11 10000
3309933 12348 9 10000000
981718 12544 8 100000000
28777657 12828 12 5000
2388525 12346 9 1250000
64520670 12636 13 1000
1453624 12544 8 100000000
2308240 12348 9 10000000
1420933 12544 8 100000000
836656 12544 8 100000000
1256598 12544 8 100000000
1412125 12544 8 100000000
7848225 12525 10 78125
4678757 12800 10 100000
1904013 12071 8 50000000
2681441 12879 9 20000000
4187949 12145 10 250000
1983375 12348 9 10000000
1822279 12544 8 100000000
5922787 12800 10 100000
2700219 12348 9 10000000
1312931 12544 8 100000000
1744111 12544 8 100000000
2492048 12150 9 1000000
1240896 12544 8 100000000
1872560 12348 9 10000000
6950600 12800 10 100000
1071817 12544 8 100000000
834350 12544 8 100000000
4804762 12822 10 500000
2722281 12168 9 100000000
790273 12071 8 50000000
1017982 12071 8 50000000
1867800 12346 9 1250000
2849480 12955 9 2500000
4124859 12346 9 1250000
2023745 12348 9 10000000
1612924 12071 8 50000000
4381395 12800 10 100000
12452564 12375 11 100000
11934182 12384 11 25000
4525640 12822 10 500000
2654976 12955 9 2500000
1709000 12071 8 50000000
1827714 12168 9 100000000
1583201 12348 9 10000000
738720 12544 8 100000000
3289041 12150 9 1000000
1727425 12879 9 20000000
1986638 12348 9 10000000
32710887 12828 12 5000
7992105 12822 10 500000
1599283 12544 8 100000000
4350811 12822 10 500000
2209206 12348 9 10000000
2988212 12879 9 20000000
1043896 12544 8 100000000
2103795 12348 9 10000000
1993184 12071 8 50000000
6047541 12822 10 500000
1776355 12544 8 100000000
15844851 12111 11 20000
5472489 12145 10 250000
14854478 12384 11 25000
6573756 12350 10 2000000
1586865 12168 9 100000000
1303848 12348 9 10000000
2549384 12759 9 2000000
24185064 12828 12 5000
6474137 12029 10 50000
2875383 12879 9 20000000
824028 12544 8 100000000
2218885 12168 9 100000000
4112997 12822 10 500000
1183504 12071 8 50000000
104780368 12682 14 625
1996951 12879 9 20000000
6215527 12029 10 50000
2784757 12348 9 10000000
1316219 12544 8 100000000
1904489 12348 9 10000000
11540387 12384 11 25000
3200301 12150 9 1000000
878484 12544 8 100000000
906601 12544 8 100000000
5322250 12822 10 500000
732720 12544 8 100000000
2822849 12879 9 20000000
721675 12071 8 50000000
5340647 12800 10 100000
15834380 12716 11 10000
6131842 12822 10 500000
5079767 12800 10 100000
1107769 12544 8 100000000
3142460 12150 9 1000000
1604811 12150 9 1000000
2405637 12518 9 12500000
8000346 12350 10 2000000
3221384 12150 9 1000000
1778841 12168 9 100000000
10375640 12959 11 40000
3157491 12348 9 10000000
6925260 12800 10 100000
13270517 12384 11 25000
2230974 12168 9 100000000
2226988 12955 9 2500000
658973 12071 8 50000000
13542167 12111 11 20000
1646343 12348 9 10000000
926724 12071 8 50000000
533255 12071 8 50000000
1516607 12544 8 100000000
1405247 12544 8 100000000
1098427 12544 8 100000000
8587633 12800 10 100000
1477610 12544 8 100000000
757076 12544 8 100000000
2815543 12518 9 12500000
474389 12544 8 100000000
5642738 12800 10 100000
663731 12544 8 100000000
3973370 12822 10 500000
4079668 12800 10 100000
3891125 12348 9 10000000
10194681 12716 11 10000
5798139 12800 10 100000
1968263 12348 9 10000000
2174225 12150 9 1000000
986696 12544 8 100000000
1112843 12071 8 50000000
2562640 12150 9 1000000
2443499 12879 9 20000000
5743005 12800 10 100000
3008476 12518 9 12500000
1690645 12518 9 12500000
3237947 12150 9 1000000
4119712 12139 10 1562500
3199189 12150 9 1000000
1311926 12071 8 50000000
