30246515 12716 11 10000
3467291 12348 9 10000000
6641954 12800 10 100000
3206802 12346 9 1250000
1548702 12071 8 50000000
3016423 12544 8 100000000
11286954 12375 11 100000
3625564 12348 9 10000000
1311773 12544 8 100000000
5230882 12879 9 20000000
8333306 12029 10 50000
25046934 12111 11 20000
57856911 12834 12 2000
5559168 12348 9 10000000
5663217 12348 9 10000000
4680883 12879 9 20000000
2877833 12168 9 100000000
4152744 12346 9 1250000
5835225 12759 9 2000000
3482099 12544 8 100000000
2310955 12071 8 50000000
2189863 12071 8 50000000
14232459 12029 10 50000
5880976 12168 9 100000000
10450888 12029 10 50000
1694964 12544 8 100000000
12316900 12800 10 100000
4955415 12544 8 100000000
11136724 12800 10 100000
4780152 12150 9 1000000
2300930 12544 8 100000000
3321847 12071 8 50000000
2606549 12071 8 50000000
44598002 12716 11 10000
26955858 12716 11 10000
4454835 12168 9 100000000
5147442 12348 9 10000000
2078909 12544 8 100000000
23717795 12716 11 10000
5854640 12759 9 2000000
2290006 12071 8 50000000
7350539 12822 10 500000
2532964 12544 8 100000000
1814593 12544 8 100000000
41605215 12828 12 5000
10240182 12800 10 100000
5935300 12518 9 12500000
1492125 12071 8 50000000
3408035 12168 9 100000000
5222629 12168 9 100000000
1198702 12071 8 50000000
11437507 12800 10 100000
41851720 12288 12 10000
43493498 12111 11 20000
12332130 12800 10 100000
4088059 12955 9 2500000
1854075 12544 8 100000000
3146246 12168 9 100000000
8266577 12029 10 50000
5421588 12879 9 20000000
9541383 12145 10 250000
19664632 12111 11 20000
1205943 12071 8 50000000
1424395 12544 8 100000000
1784279 12544 8 100000000
1899938 12544 8 100000000
2072482 12544 8 100000000
1370376 12544 8 100000000
16934580 12111 11 20000
5988177 12822 10 500000
3498162 12759 9 2000000
3398464 12168 9 100000000
30679051 12585 12 12500
17155420 12716 11 10000
2323500 12168 9 100000000
2390159 12150 9 1000000
55728867 12828 12 5000
195071123 12119 14 250
1525537 12544 8 100000000
2786095 12150 9 1000000
2607135 12150 9 1000000
1540535 12544 8 100000000
3806741 12879 9 20000000
9970769 12800 10 100000
5541056 12348 9 10000000
9168897 12800 10 100000
2313607 12168 9 100000000
10030536 12145 10 250000
6249851 12348 9 10000000
2475117 12348 9 10000000
1579773 12071 8 50000000
272722018 12119 14 250
14561935 12384 11 25000
3432069 12542 9 1562500
3563876 12150 9 1000000
23681700 12828 12 5000
13476148 12716 11 10000
5382711 12800 10 100000
17566198 12716 11 10000
2921275 12879 9 20000000
2000047 12348 9 10000000
2638976 12759 9 2000000
8646216 12111 11 20000
2587761 12168 9 100000000
3020114 12346 9 1250000
842884 12544 8 100000000
3408329 12348 9 10000000
841944 12071 8 50000000
3381882 12955 9 2500000
805615 12071 8 50000000
1167440 12071 8 50000000
8202089 12029 10 50000
5276448 12822 10 500000
892594 12544 8 100000000
32315808 12828 12 5000
54467976 12401 13 2000
4906054 12822 10 500000
15139307 12716 11 10000
1295241 12544 8 100000000
2142221 12168 9 100000000
7186974 12800 10 100000
7244748 12822 10 500000
2194138 12150 9 1000000
98319548 12401 13 2000
5816319 12029 10 50000
8000587 12657 11 31250
4138724 12822 10 500000
1475550 12544 8 100000000
874720 12071 8 50000000
2283355 12168 9 100000000
2965581 12879 9 20000000
3435809 12822 10 500000
2578981 12955 9 2500000
904749 12544 8 100000000
12512526 12716 11 10000
1906966 12348 9 10000000
9946484 12822 10 500000
2049602 12150 9 1000000
2526789 12150 9 1000000
201137649 12581 15 125
2028766 12518 9 12500000
2944471 12518 9 12500000
1223729 12071 8 50000000
570403 12544 8 100000000
1499042 12348 9 10000000
1088309 12544 8 100000000
2372689 12150 9 1000000
4219596 12029 10 50000
485899 12544 8 100000000
2377951 12348 9 10000000
4138395 12822 10 500000
1436705 12879 9 20000000
1319056 12348 9 10000000
940530 12071 8 50000000
722511 12544 8 100000000
5953365 12800 10 100000
891381 12071 8 50000000
8503733 12800 10 100000
9494497 12375 11 100000
5841040 12363 10 312500
755727 12071 8 50000000
2844670 12955 9 2500000
5164739 12800 10 100000
1421126 12348 9 10000000
1671699 12150 9 1000000
2749011 12150 9 1000000
11112594 12854 11 156250
2086898 12168 9 100000000
2158346 12879 9 20000000
10435027 12375 11 100000
4391072 12822 10 500000
1004111 12544 8 100000000
8822682 12375 11 100000
1370148 12071 8 50000000
1931829 12348 9 10000000
11753415 12716 11 10000
3081546 12879 9 20000000
3272985 12822 10 500000
1955590 12879 9 20000000
2356963 12759 9 2000000
1355336 12879 9 20000000
3162063 12150 9 1000000
5412953 12822 10 500000
8945331 12716 11 10000
1776827 12150 9 1000000
728465 12544 8 100000000
5392320 12800 10 100000
2438388 12348 9 10000000
1855332 12348 9 10000000
1021697 12544 8 100000000
2524636 12150 9 1000000
1421801 12544 8 100000000
992165 12544 8 100000000
1439006 12348 9 10000000
1748572 12168 9 100000000
6297579 12277 10 62500
9924630 12384 11 25000
2938159 12604 10 400000
2358399 12168 9 100000000
737977 12544 8 100000000
1619360 12168 9 100000000
6644498 12800 10 100000
2830372 12348 9 10000000
5213514 12145 10 250000
2650219 12955 9 2500000
1710829 12168 9 100000000
1476857 12348 9 10000000
1617187 12544 8 100000000
811355 12544 8 100000000
3175117 12029 10 50000
918627 12071 8 50000000
3618201 12029 10 50000
20255877 12828 12 5000
1539994 12168 9 100000000
4188587 12800 10 100000
3978926 12822 10 500000
5302024 12800 10 100000
3629030 12277 10 62500
814174 12544 8 100000000
744570 12544 8 100000000
1137901 12168 9 100000000
2311738 12168 9 100000000
1738463 12955 9 2500000
1561236 12150 9 1000000
1119022 12348 9 10000000
4403248 12604 10 400000
3592344 12822 10 500000
676483 12544 8 100000000
6587236 12716 11 10000
1040095 12071 8 50000000
1038029 12150 9 1000000
1238929 12150 9 1000000
3685918 12350 10 2000000
730815 12544 8 100000000
3931312 12800 10 100000
622841 12071 8 50000000
7338556 12384 11 25000
2886114 12800 10 100000
3001275 12800 10 100000
1546362 12150 9 1000000
693800 12544 8 100000000
1190705 12348 9 10000000
17267553 12834 12 2000
1370707 12168 9 100000000
1424796 12518 9 12500000
898366 12544 8 100000000
2986237 12800 10 100000
19761151 12040 12 1250
783799 12544 8 100000000
3089025 12800 10 100000
