5955074 12800 10 100000
5793527 12348 9 10000000
9675670 12800 10 100000
11316690 12800 10 100000
20030340 12111 11 20000
9781613 12822 10 500000
6558722 12539 10 2500000
1597320 12544 8 100000000
9808712 12822 10 500000
2002134 12544 8 100000000
6305699 12879 9 20000000
3641880 12071 8 50000000
4584213 12955 9 2500000
2029946 12071 8 50000000
9996554 12822 10 500000
1908069 12071 8 50000000
1364376 12544 8 100000000
2940847 12348 9 10000000
8965870 12518 9 12500000
4288416 12150 9 1000000
9628389 12800 10 100000
4244184 12150 9 1000000
20019912 12111 11 20000
67003221 12288 12 10000
12517023 12145 10 250000
4717211 12168 9 100000000
3186863 12544 8 100000000
1940872 12071 8 50000000
3804326 12071 8 50000000
6296453 12348 9 10000000
13164469 12822 10 500000
4429269 12879 9 20000000
2328871 12544 8 100000000
12242526 12800 10 100000
7833279 12800 10 100000
26336996 12716 11 10000
7610882 12800 10 100000
5236190 12348 9 10000000
1485424 12544 8 100000000
6388152 12150 9 1000000
83420983 12666 13 500
44630609 12834 12 2000
4717755 12150 9 1000000
3777053 12348 9 10000000
4710355 12879 9 20000000
7940790 12800 10 100000
1599327 12544 8 100000000
7540633 12029 10 50000
1493670 12544 8 100000000
2351202 12071 8 50000000
3371637 12518 9 12500000
5492388 12150 9 1000000
12781033 12800 10 100000
5040903 12955 9 2500000
4365123 12955 9 2500000
4050330 12168 9 100000000
2543293 12348 9 10000000
2338854 12071 8 50000000
55164568 12491 12 4000
4837354 12150 9 1000000
4222870 12879 9 20000000
4045846 12879 9 20000000
1120662 12071 8 50000000
3338594 12150 9 1000000
16341536 12384 11 25000
7305526 12729 10 3125000
7937786 12822 10 500000
2302840 12544 8 100000000
3054715 12150 9 1000000
5076970 12955 9 2500000
3440465 12150 9 1000000
4327797 12348 9 10000000
4907252 12150 9 1000000
4116195 12348 9 10000000
1395970 12071 8 50000000
4297402 12348 9 10000000
1860174 12071 8 50000000
10443018 12145 10 250000
5723433 12759 9 2000000
3992587 12348 9 10000000
7347080 12145 10 250000
10747546 12581 10 390625
8909024 12822 10 500000
4220591 12346 9 1250000
1957686 12544 8 100000000
2929339 12348 9 10000000
1360560 12544 8 100000000
11471607 12029 10 50000
6026315 12955 9 2500000
4383582 12150 9 1000000
3071950 12348 9 10000000
4197957 12955 9 2500000
6807398 12029 10 50000
81448436 12666 13 500
1792761 12348 9 10000000
6418051 12759 9 2000000
2724898 12346 9 1250000
3966931 12759 9 2000000
2360597 12071 8 50000000
8624369 12800 10 100000
1540860 12071 8 50000000
21281260 12384 11 25000
3020116 12168 9 100000000
7547876 12800 10 100000
19598431 12375 11 100000
2490643 12071 8 50000000
10736499 12145 10 250000
3120865 12518 9 12500000
9331685 12800 10 100000
5229443 12150 9 1000000
4561829 12150 9 1000000
4439144 12879 9 20000000
1103134 12071 8 50000000
2144769 12544 8 100000000
18338014 12375 11 100000
2309826 12071 8 50000000
9798134 12800 10 100000
4080226 12518 9 12500000
1343689 12071 8 50000000
2189239 12168 9 100000000
961427 12544 8 100000000
1310689 12544 8 100000000
17356063 12111 11 20000
4190246 12150 9 1000000
1786244 12544 8 100000000
1620117 12544 8 100000000
102479645 12828 12 5000
4667934 12518 9 12500000
7304079 12800 10 100000
4184689 12348 9 10000000
3905601 12168 9 100000000
2713294 12150 9 1000000
5909694 12822 10 500000
24909916 12384 11 25000
37601862 12040 12 1250
3093659 12348 9 10000000
2783399 12518 9 12500000
3454126 12348 9 10000000
10092336 12800 10 100000
3464796 12348 9 10000000
2701708 12168 9 100000000
5420403 12822 10 500000
2754227 12168 9 100000000
3565092 12348 9 10000000
2078024 12071 8 50000000
4019829 12348 9 10000000
16976596 12716 11 10000
3149638 12150 9 1000000
2049029 12348 9 10000000
3513143 12759 9 2000000
2477915 12879 9 20000000
887902 12071 8 50000000
13863286 12067 11 6250
1606908 12071 8 50000000
1619479 12071 8 50000000
875591 12544 8 100000000
2660310 12168 9 100000000
1485077 12544 8 100000000
6711872 12800 10 100000
690584 12544 8 100000000
789861 12544 8 100000000
6623431 12800 10 100000
881665 12544 8 100000000
7512148 12800 10 100000
1621764 12544 8 100000000
4333132 12363 10 312500
5151138 12363 10 312500
2616918 12348 9 10000000
6533904 12581 10 390625
1590080 12544 8 100000000
3475370 12879 9 20000000
1443474 12544 8 100000000
2799823 12168 9 100000000
2932382 12168 9 100000000
17034380 12111 11 20000
2097556 12348 9 10000000
36256772 12288 12 10000
5591089 12145 10 250000
2058036 12348 9 10000000
1998763 12879 9 20000000
26124847 12288 12 10000
842900 12071 8 50000000
1893905 12544 8 100000000
3267271 12348 9 10000000
2572735 12168 9 100000000
13471103 12716 11 10000
4389451 12150 9 1000000
4225459 12822 10 500000
2787592 12150 9 1000000
3254443 12348 9 10000000
1657067 12348 9 10000000
3067714 12879 9 20000000
894870 12544 8 100000000
3309318 12348 9 10000000
2005202 12348 9 10000000
2201810 12879 9 20000000
3167851 12346 9 1250000
2532463 12348 9 10000000
915367 12071 8 50000000
18942579 12067 11 6250
23866357 12828 12 5000
1777810 12071 8 50000000
1866608 12544 8 100000000
3637209 12879 9 20000000
4984447 12800 10 100000
17573050 12716 11 10000
2154147 12150 9 1000000
3105343 12168 9 100000000
3090870 12150 9 1000000
498472 12071 8 50000000
3670385 12348 9 10000000
3543878 12150 9 1000000
4080699 12539 10 2500000
3090395 12168 9 100000000
14206212 12716 11 10000
1907746 12150 9 1000000
32561434 12834 12 2000
763050 12544 8 100000000
4019857 12539 10 2500000
30705154 12040 12 1250
2887280 12348 9 10000000
2410180 12150 9 1000000
9188854 12716 11 10000
5914901 12800 10 100000
2713368 12348 9 10000000
1214462 12544 8 100000000
2606065 12348 9 10000000
12479914 12716 11 10000
767723 12544 8 100000000
8650739 12959 11 40000
3111635 12955 9 2500000
22251245 12040 12 1250
19646698 12288 12 10000
1992328 12879 9 20000000
2020390 12348 9 10000000
955965 12544 8 100000000
13861687 12716 11 10000
13094126 12716 11 10000
6272945 12800 10 100000
995713 12544 8 100000000
701548 12544 8 100000000
1718062 12544 8 100000000
830518 12544 8 100000000
593855538 12984 15 250
3930453 12029 10 50000
899659 12544 8 100000000
1081982 12544 8 100000000
5703658 12384 11 25000
1386527 12348 9 10000000
630445 12071 8 50000000
