22153856 12384 11 25000
3633349 12348 9 10000000
7382873 12800 10 100000
8475773 12822 10 500000
7315241 12822 10 500000
4603665 12955 9 2500000
38462413 12828 12 5000
9374119 12822 10 500000
2173149 12544 8 100000000
2303729 12544 8 100000000
1376394 12544 8 100000000
7181398 12518 9 12500000
1434015 12071 8 50000000
1545187 12544 8 100000000
6690542 12348 9 10000000
5318990 12348 9 10000000
18712354 12657 11 31250
10922400 12145 10 250000
2606868 12071 8 50000000
4606050 12348 9 10000000
2500808 12544 8 100000000
4053125 12168 9 100000000
12867093 12822 10 500000
11947728 12029 10 50000
5210408 12346 9 1250000
9444890 12800 10 100000
20700800 12375 11 100000
19891778 12716 11 10000
14358199 12145 10 250000
5664419 12955 9 2500000
2797424 12168 9 100000000
3526685 12168 9 100000000
5157997 12150 9 1000000
18821269 12716 11 10000
1051964 12544 8 100000000
3949166 12348 9 10000000
2304430 12071 8 50000000
15265956 12350 10 2000000
3229174 12168 9 100000000
5910438 12168 9 100000000
4271153 12150 9 1000000
9292271 12800 10 100000
4395508 12348 9 10000000
5206324 12879 9 20000000
1761480 12544 8 100000000
1225746 12544 8 100000000
8785626 12822 10 500000
6888400 12150 9 1000000
11430944 12145 10 250000
20704646 12407 11 8000
3934092 12150 9 1000000
9736387 12822 10 500000
2485333 12071 8 50000000
4696562 12348 9 10000000
3190154 12168 9 100000000
1580055 12071 8 50000000
2057957 12071 8 50000000
5196606 12348 9 10000000
4420966 12348 9 10000000
4172007 12346 9 1250000
2373819 12544 8 100000000
10638649 12800 10 100000
5996223 12518 9 12500000
1473096 12544 8 100000000
2197543 12071 8 50000000
2395722 12071 8 50000000
2594663 12071 8 50000000
15311248 12800 10 100000
1747183 12071 8 50000000
1204099 12544 8 100000000
6874810 12800 10 100000
2834602 12544 8 100000000
2256556 12071 8 50000000
6496421 12150 9 1000000
6588881 12150 9 1000000
12227293 12800 10 100000
2044769 12544 8 100000000
106849414 12666 13 500
5014099 12348 9 10000000
5253410 12348 9 10000000
2052508 12544 8 100000000
2105765 12544 8 100000000
3845288 12168 9 100000000
3322932 12879 9 20000000
7394488 12539 10 2500000
1384652 12544 8 100000000
8133228 12800 10 100000
3694459 12150 9 1000000
2518243 12348 9 10000000
9948721 12800 10 100000
1193994 12071 8 50000000
3287988 12544 8 100000000
21713451 12111 11 20000
2254533 12348 9 10000000
4765423 12346 9 1250000
6593598 12822 10 500000
2522662 12348 9 10000000
2499071 12879 9 20000000
14450316 12822 10 500000
4081259 12348 9 10000000
3031597 12168 9 100000000
2993386 12348 9 10000000
11478273 12716 11 10000
5117959 12348 9 10000000
1931477 12544 8 100000000
10176651 12029 10 50000
3844312 12348 9 10000000
4657275 12348 9 10000000
3240374 12518 9 12500000
23612245 12716 11 10000
1729277 12071 8 50000000
43185570 12834 12 2000
11120387 12800 10 100000
5086572 12150 9 1000000
7058145 12029 10 50000
4942457 12150 9 1000000
1105116 12544 8 100000000
7737741 12822 10 500000
29720161 12491 12 4000
7766897 12145 10 250000
2395726 12071 8 50000000
2858639 12168 9 100000000
36043689 12491 12 4000
3012578 12348 9 10000000
3115384 12168 9 100000000
3450499 12348 9 10000000
7210697 12800 10 100000
36444609 12384 11 25000
5154422 12150 9 1000000
1288566 12071 8 50000000
1357952 12544 8 100000000
11077374 12029 10 50000
2914588 12348 9 10000000
2947760 12150 9 1000000
1491342 12544 8 100000000
16869884 12375 11 100000
2472980 12348 9 10000000
18396304 12716 11 10000
4485532 12759 9 2000000
22407340 12716 11 10000
1840400 12071 8 50000000
2250040 12879 9 20000000
2347098 12955 9 2500000
2965837 12150 9 1000000
700001 12544 8 100000000
1352682 12071 8 50000000
2705610 12955 9 2500000
1386146 12071 8 50000000
2394821 12544 8 100000000
3860574 12348 9 10000000
4969171 12348 9 10000000
1765513 12071 8 50000000
24734406 12120 12 3125
2018603 12348 9 10000000
1049588 12544 8 100000000
1360635 12544 8 100000000
5730074 12150 9 1000000
4469854 12348 9 10000000
3775844 12168 9 100000000
34746067 12828 12 5000
17364236 12384 11 25000
10249010 12716 11 10000
2525870 12150 9 1000000
35036698 12834 12 2000
7434532 12375 11 100000
2921146 12879 9 20000000
3103684 12168 9 100000000
36756229 12834 12 2000
1184895 12544 8 100000000
2138378 12168 9 100000000
5332639 12539 10 2500000
1398335 12071 8 50000000
2531253 12150 9 1000000
12061979 12657 11 31250
6138916 12604 10 400000
3967240 12348 9 10000000
30341005 12828 12 5000
745117 12544 8 100000000
4274011 12800 10 100000
1117259 12544 8 100000000
1800998 12879 9 20000000
1560878 12071 8 50000000
1917760 12544 8 100000000
1852855 12071 8 50000000
5770344 12822 10 500000
6044839 12029 10 50000
2701345 12348 9 10000000
8004122 12029 10 50000
1214940 12544 8 100000000
3389651 12150 9 1000000
5200919 12277 10 62500
2390099 12348 9 10000000
2691842 12348 9 10000000
2521907 12346 9 1250000
13770414 12716 11 10000
6066164 12822 10 500000
2584474 12879 9 20000000
1187207 12544 8 100000000
2130088 12348 9 10000000
980287 12544 8 100000000
1015844 12071 8 50000000
2227652 12879 9 20000000
1228090 12544 8 100000000
1440199 12544 8 100000000
2459106 12150 9 1000000
10693934 12716 11 10000
2499235 12348 9 10000000
1069635 12071 8 50000000
1242210 12071 8 50000000
13246132 12716 11 10000
1850964 12150 9 1000000
1152592 12544 8 100000000
5358473 12029 10 50000
5569628 12350 10 2000000
4494939 12800 10 100000
1545274 12544 8 100000000
33364777 12834 12 2000
6256160 12539 10 2500000
1233894 12544 8 100000000
3161009 12150 9 1000000
1244044 12071 8 50000000
12188577 12716 11 10000
2791726 12518 9 12500000
1067056 12071 8 50000000
1521762 12544 8 100000000
6382987 12145 10 250000
6843403 12800 10 100000
6277209 12145 10 250000
3299288 12348 9 10000000
6375704 12800 10 100000
5010318 12145 10 250000
5951887 12145 10 250000
857710 12544 8 100000000
972940 12544 8 100000000
4207204 12822 10 500000
3404268 12150 9 1000000
2269623 12348 9 10000000
6189302 12822 10 500000
7154812 12029 10 50000
825039 12544 8 100000000
9116999 12716 11 10000
1306541 12544 8 100000000
4351408 12145 10 250000
911116 12544 8 100000000
666562 12544 8 100000000
6755252 12029 10 50000
3978429 12029 10 50000
46625244 12666 13 500
11825634 12375 11 100000
1124644 12071 8 50000000
