53405392 13872 12 10000
5737663 13580 9 50000000
6281012 13565 9 5000000
17530947 13258 10 781250
5816699 13580 9 50000000
9498742 13500 10 1000000
61366471 13211 12 2500
7034660 13580 9 50000000
8970139 13500 10 1000000
4970863 13580 9 50000000
20759737 13232 11 50000
270706675 13428 14 250
25281613 13232 11 50000
3457509 13580 9 50000000
24931687 13232 11 50000
2030154 13580 9 50000000
11342730 13500 10 1000000
3920112 13152 9 3125000
3550188 13580 9 50000000
16570135 13672 11 20000
3759454 13565 9 5000000
3168177 13580 9 50000000
9944198 13818 10 250000
6411026 13500 10 1000000
41212499 13872 12 10000
3825630 13049 9 25000000
2382250 13565 9 5000000
4069495 13369 9 4000000
2560779 13580 9 50000000
2451548 13580 9 50000000
22145459 13232 11 50000
3155627 13369 9 4000000
181252285 13150 14 400
11281711 13500 10 1000000
7972695 13570 10 200000
20544926 13232 11 50000
9045950 13500 10 1000000
2806124 13580 9 50000000
3304465 13580 9 50000000
83052454 13872 12 10000
7623813 13500 10 1000000
4204508 13580 9 50000000
4014702 13049 9 25000000
5609715 13369 9 4000000
18085645 13232 11 50000
3209211 13580 9 50000000
6899611 13500 10 1000000
2886711 13580 9 50000000
138518301 13897 13 5000
3867459 13049 9 25000000
9857946 13232 11 50000
6366962 13500 10 1000000
2835613 13580 9 50000000
14784867 13981 11 25000
54672332 13897 13 5000
1912083 13049 9 25000000
7199925 13500 10 1000000
8113676 13818 10 250000
3497971 13580 9 50000000
69253192 13897 13 5000
2169321 13580 9 50000000
71899280 13121 13 625
1978285 13761 9 6250000
2174222 13049 9 25000000
4549997 13720 10 10000000
5072362 13500 10 1000000
7763651 13040 10 625000
4436456 13500 10 1000000
29132367 13872 12 10000
137255972 13640 14 500
8376711 13570 10 200000
3898680 13580 9 50000000
37647404 13872 12 10000
2526668 13049 9 25000000
8999367 13720 10 10000000
4470543 13720 10 10000000
2580270 13565 9 5000000
4839216 13718 10 1250000
3119531 13580 9 50000000
6546359 13500 10 1000000
1709858 13580 9 50000000
2364364 13580 9 50000000
2930628 13580 9 50000000
5314504 13500 10 1000000
6061651 13500 10 1000000
13497599 13024 11 12500
1722796 13565 9 5000000
10245399 13232 11 50000
4912036 13718 10 1250000
1971585 13580 9 50000000
9625208 13981 11 25000
2964409 13580 9 50000000
33167881 13211 12 2500
4700213 13500 10 1000000
6083613 13718 10 1250000
1409344 13049 9 25000000
7020273 13570 10 200000
2776810 13580 9 50000000
22167278 13872 12 10000
10808197 13232 11 50000
2553176 13761 9 6250000
6513060 13500 10 1000000
2217132 13761 9 6250000
3035814 13049 9 25000000
4722389 13500 10 1000000
5035448 13500 10 1000000
1885709 13580 9 50000000
5759159 13500 10 1000000
2447711 13580 9 50000000
1390655 13580 9 50000000
22111114 13872 12 10000
5859138 13570 10 200000
8610685 13232 11 50000
10723191 13232 11 50000
55455317 13897 13 5000
3601269 13500 10 1000000
2825588 13580 9 50000000
5038891 13818 10 250000
1525125 13580 9 50000000
4027749 13500 10 1000000
2053935 13565 9 5000000
11183042 13981 11 25000
2040502 13580 9 50000000
5116951 13500 10 1000000
4326915 13720 10 10000000
12718714 13232 11 50000
1593914 13580 9 50000000
15714686 13232 11 50000
1647719 13580 9 50000000
2304562 13369 9 4000000
3780622 13909 10 12500000
2120258 13049 9 25000000
5337183 13500 10 1000000
3036631 13129 10 5000000
1614820 13580 9 50000000
4877680 13720 10 10000000
2505481 13565 9 5000000
1933408 13580 9 50000000
5091909 13570 10 200000
1443752 13580 9 50000000
5129708 13500 10 1000000
3596389 13720 10 10000000
18069987 13872 12 10000
1989477 13580 9 50000000
22558409 13872 12 10000
1809652 13580 9 50000000
3340021 13570 10 200000
1362717 13580 9 50000000
3933674 13040 10 625000
1715126 13565 9 5000000
4919210 13232 11 50000
7745888 13232 11 50000
1531887 13580 9 50000000
1575212 13049 9 25000000
2114049 13720 10 10000000
29649878 13121 13 625
1434847 13580 9 50000000
53326408 13044 13 1250
2772546 13129 10 5000000
13276229 13510 12 25000
1339625 13580 9 50000000
3233004 13718 10 1250000
2875176 13500 10 1000000
1622958 13580 9 50000000
1733299 13565 9 5000000
2813255 13500 10 1000000
3391374 13048 10 125000
16516579 13872 12 10000
2338779 13580 9 50000000
8207881 13359 11 250000
1604997 13152 9 3125000
1022370 13565 9 5000000
2280606 13500 10 1000000
13858246 13872 12 10000
14802128 13872 12 10000
2933955 13936 10 1562500
2094508 13049 9 25000000
13354817 13872 12 10000
2017180 13580 9 50000000
2850661 13500 10 1000000
2810916 13500 10 1000000
1118774 13049 9 25000000
1811267 13565 9 5000000
13381723 13872 12 10000
1879068 13049 9 25000000
3329499 13500 10 1000000
6073752 13232 11 50000
12100398 13872 12 10000
6022083 13232 11 50000
2834905 13500 10 1000000
12402030 13872 12 10000
1565093 13580 9 50000000
1265916 13580 9 50000000
1189779 13565 9 5000000
1476212 13565 9 5000000
2662408 13258 10 781250
3638246 13500 10 1000000
1216295 13565 9 5000000
16555963 13872 12 10000
1354168 13049 9 25000000
4792694 13232 11 50000
3852856 13818 10 250000
3132805 13909 10 12500000
1041350 13565 9 5000000
2501572 13129 10 5000000
7185439 13981 11 25000
1751740 13580 9 50000000
1933147 13718 10 1250000
1066747 13580 9 50000000
4808851 13672 11 20000
5563893 13672 11 20000
1186446 13565 9 5000000
1596533 13580 9 50000000
15242988 13872 12 10000
12191344 13872 12 10000
1820643 13580 9 50000000
1226704 13565 9 5000000
24376585 13872 12 10000
1420283 13580 9 50000000
1260877 13580 9 50000000
3323565 13818 10 250000
1075113 13565 9 5000000
1067080 13580 9 50000000
1573606 13565 9 5000000
1874955 13818 10 250000
3273674 13500 10 1000000
2767893 13500 10 1000000
2971784 13500 10 1000000
81609153 13044 13 1250
2166417 13500 10 1000000
1149457 13580 9 50000000
2125304 13718 10 1250000
2518428 13818 10 250000
2561060 13720 10 10000000
40346883 13897 13 5000
1815202 13500 10 1000000
1590658 13580 9 50000000
1114187 13580 9 50000000
3060087 13570 10 200000
1185735 13580 9 50000000
3230491 13129 10 5000000
972391 13580 9 50000000
6039542 13232 11 50000
17523016 13211 12 2500
4629429 13232 11 50000
1156152 13580 9 50000000
1038627 13580 9 50000000
2381318 13500 10 1000000
10931217 13872 12 10000
1196807 13049 9 25000000
