6601876 13580 9 50000000
44074303 13872 12 10000
42621746 13872 12 10000
6796856 13580 9 50000000
4020642 13580 9 50000000
9853897 13500 10 1000000
64198754 13872 12 10000
5343345 13565 9 5000000
4547981 13565 9 5000000
11457930 13500 10 1000000
5749828 13049 9 25000000
58584153 13872 12 10000
3777398 13049 9 25000000
9717324 13500 10 1000000
6074340 13580 9 50000000
53386779 13872 12 10000
9188067 13500 10 1000000
4622263 13049 9 25000000
6020492 13049 9 25000000
93508114 13044 13 1250
45596747 13872 12 10000
2757501 13580 9 50000000
4555328 13580 9 50000000
4830932 13565 9 5000000
12577968 13500 10 1000000
21172201 13232 11 50000
4769781 13049 9 25000000
3274681 13565 9 5000000
4208884 13565 9 5000000
2974501 13049 9 25000000
3457876 13565 9 5000000
10433966 13818 10 250000
5160110 13049 9 25000000
4036617 13761 9 6250000
2961489 13565 9 5000000
4035105 13580 9 50000000
3937018 13580 9 50000000
4147673 13049 9 25000000
21513477 13232 11 50000
7436252 13500 10 1000000
18951190 13981 11 25000
41744008 13872 12 10000
38350890 13164 12 6250
6517045 13500 10 1000000
4604240 13580 9 50000000
4022567 13049 9 25000000
2752433 13580 9 50000000
182990352 13640 14 500
2949521 13580 9 50000000
19556390 13232 11 50000
4196491 13580 9 50000000
2912283 13049 9 25000000
4121324 13580 9 50000000
4462358 13049 9 25000000
10055153 13040 10 625000
42153311 13872 12 10000
7630241 13500 10 1000000
36126091 13510 12 25000
4849063 13580 9 50000000
40283970 13872 12 10000
3735995 13580 9 50000000
6844644 13570 10 200000
8595607 13818 10 250000
3259875 13565 9 5000000
89615586 13903 13 2000
6966523 13500 10 1000000
3267500 13049 9 25000000
1459539 13049 9 25000000
3449424 13580 9 50000000
2047011 13580 9 50000000
6416668 13500 10 1000000
33882309 13211 12 2500
6300414 13500 10 1000000
2386590 13580 9 50000000
8818420 13720 10 10000000
14508567 13232 11 50000
12911052 13232 11 50000
15614494 13024 11 12500
3313929 13580 9 50000000
3516874 13049 9 25000000
17601618 13024 11 12500
4087548 13818 10 250000
7446546 13818 10 250000
2778797 13761 9 6250000
27874899 13872 12 10000
29960169 13872 12 10000
37748684 13872 12 10000
3232613 13580 9 50000000
2290517 13565 9 5000000
3569894 13761 9 6250000
2425676 13580 9 50000000
17404972 13981 11 25000
13098589 13232 11 50000
3025162 13580 9 50000000
14868236 13232 11 50000
1617252 13049 9 25000000
2830439 13761 9 6250000
4886743 13500 10 1000000
20270857 13872 12 10000
2143938 13369 9 4000000
10555202 13359 11 250000
2687454 13049 9 25000000
2307617 13049 9 25000000
3244735 13761 9 6250000
7515764 13718 10 1250000
6630467 13500 10 1000000
31381185 13211 12 2500
4376614 13500 10 1000000
1700353 13580 9 50000000
6686503 13720 10 10000000
4838880 13048 10 125000
4584775 13818 10 250000
2238948 13580 9 50000000
2009222 13049 9 25000000
6191243 13500 10 1000000
3459686 13565 9 5000000
68156887 13121 13 625
4142594 13909 10 12500000
3157007 13565 9 5000000
2518512 13580 9 50000000
2234484 13580 9 50000000
3020638 13565 9 5000000
2597555 13580 9 50000000
4241452 13720 10 10000000
5425070 13500 10 1000000
1957125 13580 9 50000000
4347484 13500 10 1000000
10553568 13232 11 50000
2252106 13049 9 25000000
2608814 13049 9 25000000
1927706 13761 9 6250000
3043645 13580 9 50000000
2828688 13129 10 5000000
55532455 13903 13 2000
2037454 13580 9 50000000
1678379 13580 9 50000000
8308243 13232 11 50000
3317788 13500 10 1000000
2589494 13565 9 5000000
6333607 13500 10 1000000
2386568 13580 9 50000000
5465833 13048 10 125000
1475409 13580 9 50000000
3090540 13565 9 5000000
27705640 13872 12 10000
4336327 13500 10 1000000
1899883 13580 9 50000000
2242622 13580 9 50000000
1720022 13049 9 25000000
9476026 13981 11 25000
52312887 13872 12 10000
2783637 13761 9 6250000
6634185 13818 10 250000
121549072 13130 13 3125
16254494 13872 12 10000
4180901 13500 10 1000000
2071893 13565 9 5000000
1948616 13580 9 50000000
15467040 13872 12 10000
2694778 13580 9 50000000
64301832 13640 14 500
3252275 13718 10 1250000
2494237 13500 10 1000000
1621338 13049 9 25000000
3369119 13500 10 1000000
7082245 13232 11 50000
4068233 13570 10 200000
6920871 13500 10 1000000
14442153 13872 12 10000
1377124 13565 9 5000000
2837831 13500 10 1000000
2944842 13129 10 5000000
1569546 13580 9 50000000
1868388 13580 9 50000000
2113237 13580 9 50000000
1979447 13580 9 50000000
3650603 13500 10 1000000
7399130 13024 11 12500
2042235 13580 9 50000000
3668337 13818 10 250000
1179405 13049 9 25000000
1158987 13580 9 50000000
2857084 13500 10 1000000
1913045 13565 9 5000000
124279171 13640 14 500
6476850 13232 11 50000
2945345 13500 10 1000000
17212495 13872 12 10000
14502424 13510 12 25000
1102713 13580 9 50000000
6586981 13232 11 50000
1193898 13565 9 5000000
8032657 13024 11 12500
7133367 13232 11 50000
5639107 13232 11 50000
3092369 13500 10 1000000
1642337 13580 9 50000000
1493661 13580 9 50000000
2780437 13500 10 1000000
1441776 13580 9 50000000
952362 13565 9 5000000
13072389 13872 12 10000
1124217 13580 9 50000000
4988850 13500 10 1000000
17821865 13211 12 2500
1093203 13049 9 25000000
1270757 13580 9 50000000
17821422 13587 12 3125
7068680 13232 11 50000
9112306 13024 11 12500
1129481 13580 9 50000000
16823493 13872 12 10000
3075739 13500 10 1000000
1120705 13580 9 50000000
14428341 13211 12 2500
1408399 13565 9 5000000
2805417 13500 10 1000000
2814301 13718 10 1250000
3021566 13570 10 200000
1154318 13580 9 50000000
1458697 13580 9 50000000
2743007 13720 10 10000000
7000212 13981 11 25000
1301434 13580 9 50000000
1709917 13580 9 50000000
14666047 13872 12 10000
10872596 13872 12 10000
1495727 13049 9 25000000
2837585 13500 10 1000000
1707346 13580 9 50000000
3283315 13936 10 1562500
5226105 13359 11 250000
134673881 13150 14 400
748727 13565 9 5000000
11880588 13211 12 2500
3694065 13232 11 50000
860043 13761 9 6250000
859091 13580 9 50000000
1351900 13718 10 1250000
1306272 13500 10 1000000
1724225 13500 10 1000000
1659403 13500 10 1000000
521894 13580 9 50000000
711071 13049 9 25000000
1372592 13718 10 1250000
3018799 13232 11 50000
958433 13049 9 25000000
659405 13580 9 50000000
3837368 13232 11 50000
868788 13565 9 5000000
