5913560 13049 9 25000000
76160039 13872 12 10000
28666123 13505 11 62500
25619340 13232 11 50000
3951498 13580 9 50000000
19349625 13332 11 15625
32596983 13232 11 50000
4668583 13049 9 25000000
3606059 13565 9 5000000
7282812 13580 9 50000000
29737135 13232 11 50000
11557838 13718 10 1250000
4347732 13580 9 50000000
4912308 13580 9 50000000
15316316 13500 10 1000000
12670838 13500 10 1000000
7902725 13048 10 125000
93289403 13044 13 1250
4074819 13049 9 25000000
10407560 13500 10 1000000
5219390 13565 9 5000000
83075231 13897 13 5000
7257602 13129 10 5000000
22867409 13232 11 50000
4864639 13580 9 50000000
4248291 13580 9 50000000
3338774 13580 9 50000000
5081336 13580 9 50000000
3954898 13152 9 3125000
8697047 13500 10 1000000
8864832 13500 10 1000000
8542563 13500 10 1000000
17676060 13981 11 25000
22377594 13232 11 50000
11093288 13500 10 1000000
6621757 13565 9 5000000
273101988 13640 14 500
18981140 13232 11 50000
5151954 13500 10 1000000
5376669 13129 10 5000000
20376805 13232 11 50000
3794453 13580 9 50000000
27218236 13981 11 25000
7794499 13720 10 10000000
3163646 13565 9 5000000
8734710 13500 10 1000000
37623886 13211 12 2500
2482828 13580 9 50000000
4242135 13049 9 25000000
4059433 13565 9 5000000
2151097 13580 9 50000000
4378201 13049 9 25000000
5606650 13720 10 10000000
14189653 13981 11 25000
3334117 13049 9 25000000
10340002 13048 10 125000
7084225 13500 10 1000000
3001532 13580 9 50000000
6341338 13818 10 250000
4940651 13761 9 6250000
1767757 13049 9 25000000
3694845 13580 9 50000000
19859182 13505 11 62500
10472793 13570 10 200000
5800537 13720 10 10000000
3212547 13580 9 50000000
8893930 13818 10 250000
5952679 13565 9 5000000
9710175 13048 10 125000
15733263 13232 11 50000
57818720 13044 13 1250
13646712 13981 11 25000
7922763 13909 10 12500000
3684261 13565 9 5000000
3765218 13580 9 50000000
7460582 13500 10 1000000
2516199 13580 9 50000000
35793385 13872 12 10000
1995325 13580 9 50000000
36781776 13211 12 2500
28336960 13872 12 10000
13336434 13981 11 25000
56239269 13897 13 5000
4086564 13580 9 50000000
3282783 13580 9 50000000
7916483 13129 10 5000000
2867750 13565 9 5000000
18971398 13672 11 20000
2123317 13580 9 50000000
5089662 13570 10 200000
7204507 13048 10 125000
2639110 13580 9 50000000
28971857 13872 12 10000
1824187 13049 9 25000000
24291616 13872 12 10000
24185847 13505 11 62500
13388387 13232 11 50000
20966095 13872 12 10000
2268709 13580 9 50000000
2564461 13580 9 50000000
33587930 13211 12 2500
1936666 13049 9 25000000
1892849 13049 9 25000000
24038139 13872 12 10000
1831854 13049 9 25000000
2688904 13565 9 5000000
2985021 13049 9 25000000
7874626 13232 11 50000
2310865 13580 9 50000000
1722701 13580 9 50000000
3014905 13049 9 25000000
3279028 13049 9 25000000
2328471 13565 9 5000000
3214951 13049 9 25000000
14158600 13232 11 50000
74205979 13121 13 625
5459310 13129 10 5000000
9873198 13981 11 25000
19941543 13535 12 8000
6019855 13720 10 10000000
23433851 13872 12 10000
6916518 13500 10 1000000
4943053 13129 10 5000000
64136784 13044 13 1250
30634441 13212 12 20000
11510481 13232 11 50000
2160988 13369 9 4000000
2107208 13580 9 50000000
15077731 13872 12 10000
2009467 13565 9 5000000
4639174 13500 10 1000000
1625216 13049 9 25000000
6420577 13500 10 1000000
18648610 13872 12 10000
3836296 13500 10 1000000
1400277 13580 9 50000000
23536212 13872 12 10000
2622635 13761 9 6250000
23193577 13872 12 10000
1978261 13580 9 50000000
11389286 13232 11 50000
2232623 13580 9 50000000
3623655 13500 10 1000000
1720386 13580 9 50000000
2102865 13152 9 3125000
5473205 13500 10 1000000
3350362 13129 10 5000000
3861368 13500 10 1000000
5494075 13500 10 1000000
1341411 13049 9 25000000
2089809 13369 9 4000000
3271534 13500 10 1000000
4265647 13818 10 250000
1249154 13580 9 50000000
6017822 13500 10 1000000
3556990 13720 10 10000000
1881632 13580 9 50000000
7777880 13232 11 50000
3441490 13500 10 1000000
1895000 13761 9 6250000
1684497 13580 9 50000000
1210813 13049 9 25000000
51750303 13897 13 5000
22470926 13872 12 10000
1567177 13580 9 50000000
3402752 13048 10 125000
102995376 13640 14 500
1351868 13152 9 3125000
2023151 13040 10 625000
7019341 13505 11 62500
14130513 13872 12 10000
1898315 13580 9 50000000
2831204 13319 10 6250000
118149406 13640 14 500
1023452 13049 9 25000000
1312964 13565 9 5000000
3240942 13500 10 1000000
1659350 13580 9 50000000
1259435 13565 9 5000000
1394788 13565 9 5000000
1486662 13580 9 50000000
5216755 13981 11 25000
10698116 13981 11 25000
1547607 13049 9 25000000
6374471 13232 11 50000
1411540 13565 9 5000000
1185571 13049 9 25000000
1526782 13049 9 25000000
94875524 13150 14 400
2467585 13720 10 10000000
15777943 13872 12 10000
3368627 13570 10 200000
4074536 13720 10 10000000
11046266 13872 12 10000
1062369 13580 9 50000000
1325434 13580 9 50000000
1275124 13580 9 50000000
3390832 13129 10 5000000
2166047 13500 10 1000000
1180398 13049 9 25000000
6857427 13232 11 50000
1658373 13580 9 50000000
1266663 13565 9 5000000
1099745 13580 9 50000000
2912877 13500 10 1000000
1519590 13580 9 50000000
13857792 13872 12 10000
2293448 13500 10 1000000
2744868 13720 10 10000000
1777640 13369 9 4000000
1298270 13565 9 5000000
1580737 13580 9 50000000
2106416 13129 10 5000000
12820521 13872 12 10000
14714240 13872 12 10000
1069534 13565 9 5000000
6729174 13981 11 25000
1376713 13565 9 5000000
10919844 13872 12 10000
4763077 13024 11 12500
5623953 13024 11 12500
1021671 13152 9 3125000
5006048 13332 11 15625
2297922 13500 10 1000000
766617 13565 9 5000000
2042753 13500 10 1000000
4840304 13672 11 20000
2975167 13500 10 1000000
840925 13565 9 5000000
7325570 13510 12 25000
1284843 13129 10 5000000
535633 13580 9 50000000
3580413 13672 11 20000
3486038 13505 11 62500
6582767 13872 12 10000
1740749 13040 10 625000
2957194 13232 11 50000
1463841 13129 10 5000000
8835303 13211 12 2500
681573 13565 9 5000000
607748 13152 9 3125000
1295105 13909 10 12500000
476322 13580 9 50000000
1469922 13129 10 5000000
434351 13580 9 50000000
540573 13049 9 25000000
669587 13369 9 4000000
540222 13580 9 50000000
1089892 13040 10 625000
1544843 13570 10 200000
