5873099 13049 9 25000000
3020944 13049 9 25000000
126489491 13044 13 1250
7733044 13129 10 5000000
3190136 13049 9 25000000
6584216 13580 9 50000000
5025924 13580 9 50000000
37112962 13232 11 50000
17959571 13672 11 20000
8597983 13580 9 50000000
5926117 13580 9 50000000
4695539 13580 9 50000000
18739145 13359 11 250000
6454652 13565 9 5000000
6987113 13049 9 25000000
81659335 13211 12 2500
4352683 13049 9 25000000
9255594 13720 10 10000000
10361063 13720 10 10000000
10129611 13500 10 1000000
4276834 13049 9 25000000
3256611 13049 9 25000000
25232940 13672 11 20000
3883408 13049 9 25000000
4765410 13049 9 25000000
6557484 13720 10 10000000
3880239 13049 9 25000000
91145280 13044 13 1250
18562092 13232 11 50000
9204881 13500 10 1000000
2906858 13565 9 5000000
2924331 13565 9 5000000
6743390 13580 9 50000000
2293958 13049 9 25000000
2489647 13049 9 25000000
28680214 13872 12 10000
3235336 13565 9 5000000
9209597 13500 10 1000000
15684640 13332 11 15625
8142705 13909 10 12500000
3438044 13580 9 50000000
3325849 13580 9 50000000
4341881 13580 9 50000000
20798344 13332 11 15625
8303772 13909 10 12500000
4088729 13580 9 50000000
17215321 13778 11 78125
8200113 13500 10 1000000
8101380 13500 10 1000000
7402032 13500 10 1000000
5361418 13565 9 5000000
3946335 13049 9 25000000
3612730 13049 9 25000000
85943003 13903 13 2000
6305570 13720 10 10000000
35386265 13872 12 10000
6051409 13049 9 25000000
3527843 13049 9 25000000
17204251 13319 10 6250000
10425031 13129 10 5000000
2576969 13580 9 50000000
36976508 13872 12 10000
43959946 13872 12 10000
3761299 13580 9 50000000
18362537 13024 11 12500
8399060 13500 10 1000000
11157341 13500 10 1000000
7883255 13319 10 6250000
4399257 13580 9 50000000
7074945 13909 10 12500000
2065941 13565 9 5000000
6346861 13500 10 1000000
5374095 13049 9 25000000
2737692 13049 9 25000000
8724512 13500 10 1000000
82300317 13872 12 10000
6834712 13718 10 1250000
18443099 13024 11 12500
17769828 13981 11 25000
7970999 13500 10 1000000
3104454 13580 9 50000000
3178713 13580 9 50000000
4062328 13565 9 5000000
2327684 13049 9 25000000
4312344 13720 10 10000000
5356947 13129 10 5000000
2346711 13580 9 50000000
3289818 13580 9 50000000
3502223 13565 9 5000000
4922923 13720 10 10000000
23765642 13872 12 10000
31442997 13872 12 10000
4318033 13500 10 1000000
2405854 13049 9 25000000
7716144 13500 10 1000000
5573050 13500 10 1000000
3630156 13761 9 6250000
5727007 13720 10 10000000
2420739 13580 9 50000000
2908780 13565 9 5000000
42327967 13872 12 10000
3527887 13580 9 50000000
2406687 13580 9 50000000
3771786 13049 9 25000000
7201805 13500 10 1000000
6999391 13720 10 10000000
4706421 13500 10 1000000
169727998 13640 14 500
1893338 13049 9 25000000
2072655 13580 9 50000000
3363788 13580 9 50000000
2939400 13580 9 50000000
6370334 13720 10 10000000
2442531 13049 9 25000000
4325969 13818 10 250000
32668722 13872 12 10000
2683941 13580 9 50000000
5053411 13818 10 250000
1866740 13761 9 6250000
10132496 13672 11 20000
2814785 13565 9 5000000
25506527 13211 12 2500
1457878 13580 9 50000000
2928217 13580 9 50000000
23467529 13872 12 10000
6427791 13818 10 250000
5617129 13570 10 200000
15124914 13232 11 50000
6062637 13500 10 1000000
23620427 13211 12 2500
3163031 13049 9 25000000
10251162 13232 11 50000
1722323 13049 9 25000000
24328359 13510 12 25000
5350836 13296 10 156250
3222130 13818 10 250000
20978820 13872 12 10000
22411781 13587 12 3125
2092346 13049 9 25000000
2368897 13580 9 50000000
5948557 13319 10 6250000
3901893 13129 10 5000000
2415732 13565 9 5000000
7008119 13909 10 12500000
17763831 13872 12 10000
10435299 13332 11 15625
13439172 13981 11 25000
1602890 13049 9 25000000
12227342 13981 11 25000
22056801 13872 12 10000
6361673 13048 10 125000
6362110 13500 10 1000000
3419083 13500 10 1000000
10364483 13981 11 25000
41673063 13872 12 10000
3298013 13720 10 10000000
4047279 13500 10 1000000
5266597 13818 10 250000
4589452 13818 10 250000
1735232 13049 9 25000000
1791168 13580 9 50000000
2240988 13580 9 50000000
4756962 13500 10 1000000
1479754 13580 9 50000000
4206296 13500 10 1000000
121416949 13640 14 500
4801969 13500 10 1000000
22946992 13872 12 10000
4692568 13232 11 50000
7730723 13981 11 25000
3491467 13500 10 1000000
1683614 13049 9 25000000
24786038 13535 12 8000
2874149 13500 10 1000000
1706106 13049 9 25000000
177952600 13150 14 400
1432648 13049 9 25000000
13111958 13212 12 20000
1519901 13580 9 50000000
11624230 13872 12 10000
17117547 13872 12 10000
3025409 13818 10 250000
1957917 13580 9 50000000
1564832 13565 9 5000000
3479317 13500 10 1000000
1451753 13049 9 25000000
2505096 13500 10 1000000
1044917 13580 9 50000000
1858742 13580 9 50000000
1287600 13580 9 50000000
1322043 13580 9 50000000
16651643 13211 12 2500
1163103 13580 9 50000000
1448509 13580 9 50000000
1162170 13580 9 50000000
2530731 13818 10 250000
1335984 13049 9 25000000
1059659 13049 9 25000000
2480206 13049 9 25000000
1909118 13565 9 5000000
29371193 13903 13 2000
2388475 13818 10 250000
3668396 13500 10 1000000
6122497 13359 11 250000
6784943 13024 11 12500
2643427 13500 10 1000000
3378633 13500 10 1000000
1764850 13580 9 50000000
2337895 13049 9 25000000
3559147 13500 10 1000000
1442663 13049 9 25000000
5919055 13359 11 250000
927697 13580 9 50000000
5764502 13024 11 12500
1086689 13580 9 50000000
1187468 13580 9 50000000
2612168 13500 10 1000000
5861108 13981 11 25000
4211927 13720 10 10000000
2657166 13818 10 250000
2128698 13500 10 1000000
4956198 13129 10 5000000
1247913 13580 9 50000000
34856267 13897 13 5000
2324386 13500 10 1000000
7349696 13232 11 50000
26045402 13044 13 1250
1349618 13580 9 50000000
32067599 13903 13 2000
1043016 13580 9 50000000
3406374 13500 10 1000000
25103650 13903 13 2000
1612105 13565 9 5000000
1311606 13369 9 4000000
7602291 13232 11 50000
1476282 13565 9 5000000
1212680 13580 9 50000000
1399490 13580 9 50000000
1128719 13580 9 50000000
1297377 13049 9 25000000
868612 13580 9 50000000
14750779 13872 12 10000
4621963 13981 11 25000
773868 13580 9 50000000
1232808 13565 9 5000000
2372210 13500 10 1000000
2160253 13570 10 200000
773202 13369 9 4000000
1149369 13580 9 50000000
1167265 13580 9 50000000
