7569574 14589 10 500000
27372799 14938 11 50000
4606722 14112 9 100000000
6459454 14395 10 2500000
5167823 14112 9 100000000
4911246 14112 9 100000000
7324478 14784 9 20000000
5302196 14980 9 25000000
8360539 14175 9 10000000
4603923 14784 9 20000000
10929700 14395 10 2500000
6061840 14175 9 10000000
4063454 14112 9 100000000
5786439 14784 9 20000000
41867566 14080 11 100000
14670528 14589 10 500000
4000754 14112 9 100000000
14530776 14589 10 500000
6179181 14112 9 100000000
5121260 14112 9 100000000
5070251 14112 9 100000000
4915014 14112 9 100000000
6288080 14112 9 100000000
122748398 14312 13 2500
17867496 14104 11 500000
10006771 14589 10 500000
25248128 14938 11 50000
4071854 14112 9 100000000
17945980 14080 11 100000
22337875 14850 11 1000000
3944769 14112 9 100000000
40907297 14381 12 5000
10854993 14589 10 500000
23777994 14938 11 50000
4346443 14112 9 100000000
16251857 14080 11 100000
19460371 14080 11 100000
3595202 14112 9 100000000
4596262 14980 9 25000000
10294808 14177 10 2000000
4776408 14112 9 100000000
2909228 14112 9 100000000
8489244 14589 10 500000
7678035 14310 10 20000000
14054445 14938 11 50000
9832523 14499 10 25000000
12189857 14927 11 200000
4532235 14112 9 100000000
3869010 14112 9 100000000
16500125 14850 11 1000000
3776550 14980 9 25000000
4068935 14112 9 100000000
3426285 14784 9 20000000
86674492 14312 13 2500
4351971 14112 9 100000000
14815336 14927 11 200000
19994133 14927 11 200000
2995122 14784 9 20000000
4880737 14112 9 100000000
3703595 14175 9 10000000
19298852 14080 11 100000
4291691 14112 9 100000000
3718201 14112 9 100000000
3769831 14112 9 100000000
14578991 14080 11 100000
4210787 14112 9 100000000
4345304 14175 9 10000000
14782486 14938 11 50000
37067662 14381 12 5000
7098158 14589 10 500000
5342921 14371 9 12500000
2902588 14112 9 100000000
4380502 14980 9 25000000
14106202 14080 11 100000
40737227 14915 12 20000
35400889 14208 12 12500
17357067 14850 11 1000000
8808582 14589 10 500000
15937872 14850 11 1000000
3649027 14112 9 100000000
3338532 14371 9 12500000
4135223 14112 9 100000000
163138628 14130 14 625
2385301 14112 9 100000000
3591493 14112 9 100000000
37857347 14381 12 5000
2626638 14175 9 10000000
2472069 14112 9 100000000
2551636 14784 9 20000000
10050411 14850 11 1000000
35330264 14381 12 5000
2314345 14112 9 100000000
39510746 14381 12 5000
34131535 14381 12 5000
1472208 14112 9 100000000
1987444 14112 9 100000000
29609477 14208 12 12500
2576465 14980 9 25000000
2572407 14112 9 100000000
2074951 14112 9 100000000
4949135 14589 10 500000
13311213 14938 11 50000
2537367 14175 9 10000000
2073570 14112 9 100000000
2457964 14175 9 10000000
2260290 14112 9 100000000
4786335 14980 9 25000000
13506170 14927 11 200000
2276137 14112 9 100000000
5912527 14499 10 25000000
39230809 14915 12 20000
6093616 14589 10 500000
7162350 14613 10 3125000
4152425 14589 10 500000
19972148 14915 12 20000
7642140 14589 10 500000
11287128 14080 11 100000
2866123 14112 9 100000000
2240083 14175 9 10000000
9639235 14938 11 50000
196790133 14130 14 625
16765427 14938 11 50000
54494105 14533 13 1250
2044419 14112 9 100000000
4469782 14395 10 2500000
7039745 14080 11 100000
9017428 14080 11 100000
2584620 14175 9 10000000
4467123 14177 10 2000000
1478571 14112 9 100000000
11670118 14927 11 200000
2300107 14175 9 10000000
3994596 14310 10 20000000
9938605 14927 11 200000
3112766 14112 9 100000000
37579502 14312 13 2500
1903836 14980 9 25000000
2106408 14112 9 100000000
16960744 14208 12 12500
2551887 14112 9 100000000
13399811 14289 11 31250
23328245 14208 12 12500
1445174 14112 9 100000000
8444328 14104 11 500000
3594043 14341 10 400000
1774424 14175 9 10000000
11559774 14938 11 50000
3502993 14613 10 3125000
1829970 14112 9 100000000
2494120 14980 9 25000000
2578627 14980 9 25000000
25054161 14381 12 5000
3453626 14177 10 2000000
1656537 14112 9 100000000
1716052 14175 9 10000000
2502967 14112 9 100000000
79086610 14130 14 625
77002086 14130 14 625
7824171 14938 11 50000
1221205 14112 9 100000000
1435382 14112 9 100000000
4524635 14066 10 312500
1217765 14112 9 100000000
1804810 14112 9 100000000
2353554 14854 10 4000000
3063522 14589 10 500000
1449915 14371 9 12500000
11183099 14732 12 62500
5616512 14850 11 1000000
2429462 14310 10 20000000
2069381 14175 9 10000000
1847726 14112 9 100000000
3652375 14837 10 625000
7080495 14080 11 100000
1568300 14112 9 100000000
5969525 14938 11 50000
6224126 14080 11 100000
2156511 14175 9 10000000
1691135 14112 9 100000000
8502100 14938 11 50000
1529089 14112 9 100000000
1508469 14112 9 100000000
1320675 14112 9 100000000
7894111 14080 11 100000
3438857 14613 10 3125000
3126544 14589 10 500000
897825 14112 9 100000000
1808708 14112 9 100000000
1786346 14175 9 10000000
3186247 14499 10 25000000
16295485 14381 12 5000
977187 14175 9 10000000
5473793 14629 11 40000
2609330 14395 10 2500000
5302511 14938 11 50000
4925190 14080 11 100000
19048485 14381 12 5000
1628381 14175 9 10000000
8145910 14938 11 50000
1738051 14112 9 100000000
44669976 14079 13 1000
2990921 14310 10 20000000
7449882 14352 11 125000
1106471 14112 9 100000000
5632220 14104 11 500000
1030690 14112 9 100000000
1705853 14784 9 20000000
1030590 14175 9 10000000
34924331 14533 13 1250
967409 14112 9 100000000
1364367 14784 9 20000000
5107724 14610 11 800000
2128214 14177 10 2000000
7227007 14927 11 200000
5827448 14080 11 100000
11444500 14080 11 100000
5713597 14080 11 100000
15808760 14381 12 5000
10523599 14080 11 100000
1503369 14112 9 100000000
4659687 14177 10 2000000
1151520 14112 9 100000000
2530754 14395 10 2500000
2702387 14395 10 2500000
27769340 14079 13 1000
1463879 14112 9 100000000
1018751 14371 9 12500000
8903504 14080 11 100000
1177151 14112 9 100000000
1866765 14175 9 10000000
1572719 14175 9 10000000
4922814 14177 10 2000000
2656118 14589 10 500000
1582822 14175 9 10000000
1650805 14175 9 10000000
1012381 14112 9 100000000
1354473 14112 9 100000000
1545749 14112 9 100000000
3655696 14066 10 312500
8243340 14938 11 50000
1676068 14112 9 100000000
2448179 14395 10 2500000
10985514 14927 11 200000
1727373 14112 9 100000000
1174967 14112 9 100000000
1022840 14112 9 100000000
2732900 14499 10 25000000
1748279 14112 9 100000000
999243 14175 9 10000000
1786579 14112 9 100000000
