70563933 14732 12 62500
5868979 14112 9 100000000
53331852 14381 12 5000
34551345 14938 11 50000
25741893 14927 11 200000
33069568 14850 11 1000000
5203137 14371 9 12500000
30917565 14080 11 100000
6526802 14175 9 10000000
7096981 14784 9 20000000
4319099 14371 9 12500000
4349709 14371 9 12500000
4922902 14175 9 10000000
5205886 14112 9 100000000
6051301 14112 9 100000000
15770802 14589 10 500000
5879172 14112 9 100000000
28818712 14927 11 200000
4767086 14784 9 20000000
4764754 14112 9 100000000
5738137 14112 9 100000000
5024014 14112 9 100000000
4895479 14371 9 12500000
20840544 14289 11 31250
2416658 14112 9 100000000
4312207 14112 9 100000000
57679381 14004 12 4000
5194176 14371 9 12500000
5617569 14112 9 100000000
4655343 14980 9 25000000
17672110 14080 11 100000
10411489 14499 10 25000000
36130860 14915 12 20000
539723161 14387 15 250
15470891 14080 11 100000
6444607 14589 10 500000
28711895 14208 12 12500
2143520 14112 9 100000000
2154197 14112 9 100000000
38750598 14381 12 5000
3606459 14112 9 100000000
2621553 14112 9 100000000
15602385 14080 11 100000
15929138 14080 11 100000
2652395 14175 9 10000000
4562381 14175 9 10000000
79262367 14312 13 2500
13041483 14850 11 1000000
3188854 14112 9 100000000
3392353 14112 9 100000000
2944655 14980 9 25000000
35434983 14381 12 5000
3079050 14112 9 100000000
3608709 14175 9 10000000
2695888 14371 9 12500000
2765999 14784 9 20000000
9539116 14499 10 25000000
2294692 14175 9 10000000
1897169 14175 9 10000000
2699694 14112 9 100000000
1573702 14112 9 100000000
12884669 14938 11 50000
1956813 14112 9 100000000
2598844 14112 9 100000000
1906331 14112 9 100000000
3069495 14112 9 100000000
13542580 14927 11 200000
3118006 14112 9 100000000
11770043 14850 11 1000000
7788432 14589 10 500000
5153501 14589 10 500000
3984253 14175 9 10000000
17247571 14938 11 50000
2044809 14112 9 100000000
38877283 14381 12 5000
2449884 14112 9 100000000
4307390 14177 10 2000000
7923688 14589 10 500000
5232890 14395 10 2500000
3508163 14175 9 10000000
19444240 14080 11 100000
7760037 14589 10 500000
2405042 14112 9 100000000
2677314 14112 9 100000000
14798630 14629 11 40000
2335106 14112 9 100000000
10852361 14938 11 50000
2132037 14112 9 100000000
2399027 14175 9 10000000
3026609 14112 9 100000000
6136006 14854 10 4000000
1973526 14371 9 12500000
2552034 14112 9 100000000
2612195 14175 9 10000000
4077607 14177 10 2000000
3500014 14980 9 25000000
2365178 14371 9 12500000
3445005 14175 9 10000000
2509901 14980 9 25000000
22276580 14544 12 15625
6710710 14589 10 500000
2577832 14175 9 10000000
5424237 14395 10 2500000
2649405 14112 9 100000000
6298824 14341 10 400000
9725945 14938 11 50000
22725612 14381 12 5000
2019060 14112 9 100000000
3330768 14175 9 10000000
2531832 14175 9 10000000
23471476 14381 12 5000
2434968 14112 9 100000000
2011672 14784 9 20000000
2126886 14175 9 10000000
2379045 14112 9 100000000
1669252 14112 9 100000000
2694199 14784 9 20000000
3132178 14784 9 20000000
2081132 14112 9 100000000
3533946 14784 9 20000000
4998688 14613 10 3125000
1849229 14112 9 100000000
3635106 14112 9 100000000
3053457 14112 9 100000000
187732723 14130 14 625
14696467 14104 11 500000
1770803 14112 9 100000000
3665198 14310 10 20000000
69278762 14720 13 3125
1561899 14112 9 100000000
987769 14112 9 100000000
5573135 14177 10 2000000
2043585 14175 9 10000000
2702902 14784 9 20000000
1640757 14112 9 100000000
1632749 14112 9 100000000
2429320 14112 9 100000000
1785976 14112 9 100000000
18948509 14915 12 20000
2301754 14112 9 100000000
9432134 14080 11 100000
2369284 14112 9 100000000
20400548 14915 12 20000
7281613 14938 11 50000
6982932 14850 11 1000000
53411968 14973 14 2000
1448204 14371 9 12500000
1451797 14112 9 100000000
1967482 14175 9 10000000
6633047 14080 11 100000
299331111 14090 15 400
1494074 14175 9 10000000
2372231 14499 10 25000000
9104670 14080 11 100000
1770499 14112 9 100000000
6175972 14080 11 100000
25325173 14312 13 2500
2482877 14499 10 25000000
3116870 14589 10 500000
3111407 14589 10 500000
15122049 14381 12 5000
1349491 14980 9 25000000
13515557 14381 12 5000
3229679 14589 10 500000
1188033 14784 9 20000000
16944228 14381 12 5000
1329152 14980 9 25000000
14845707 14915 12 20000
1537607 14112 9 100000000
1097464 14175 9 10000000
1201228 14980 9 25000000
1506845 14112 9 100000000
1191907 14112 9 100000000
1789643 14175 9 10000000
1158373 14175 9 10000000
1546005 14112 9 100000000
968954 14980 9 25000000
32019493 14381 12 5000
1051764 14112 9 100000000
10651762 14850 11 1000000
1868046 14784 9 20000000
39315608 14533 13 1250
2384272 14499 10 25000000
3892172 14850 11 1000000
2283437 14395 10 2500000
1183324 14112 9 100000000
2258468 14395 10 2500000
1042595 14112 9 100000000
6939029 14080 11 100000
982597 14980 9 25000000
41503203 14130 14 625
4242549 14938 11 50000
2341263 14850 11 1000000
1663602 14177 10 2000000
712306 14112 9 100000000
855219 14112 9 100000000
1619134 14310 10 20000000
798780 14112 9 100000000
556501 14175 9 10000000
3655602 14850 11 1000000
758461 14112 9 100000000
648881 14112 9 100000000
651088 14112 9 100000000
3461396 14080 11 100000
1584982 14589 10 500000
735524 14112 9 100000000
12430346 14079 13 1000
510674 14112 9 100000000
443656 14112 9 100000000
530427 14175 9 10000000
619722 14112 9 100000000
690940 14784 9 20000000
8349088 14915 12 20000
605927 14112 9 100000000
6976931 14208 12 12500
750347 14112 9 100000000
538822 14175 9 10000000
590766 14784 9 20000000
2782443 14850 11 1000000
1098182 14589 10 500000
2616552 14927 11 200000
535972 14112 9 100000000
7234957 14915 12 20000
679072 14175 9 10000000
770470 14980 9 25000000
1259812 14499 10 25000000
1277647 14589 10 500000
17051884 14533 13 1250
3192360 14080 11 100000
15610650 14312 13 2500
651740 14112 9 100000000
464650 14112 9 100000000
571045 14175 9 10000000
2909448 14080 11 100000
770137 14175 9 10000000
790594 14175 9 10000000
1173767 14613 10 3125000
664940 14112 9 100000000
1660057 14589 10 500000
596178 14112 9 100000000
830344 14980 9 25000000
720999 14175 9 10000000
1803437 14314 10 390625
651624 14112 9 100000000
627264 14112 9 100000000
1100589 14395 10 2500000
647728 14112 9 100000000
2245527 14080 11 100000
27128976 14571 14 400
524573 14784 9 20000000
