6499700 14175 9 10000000
32684951 14080 11 100000
3881207 14175 9 10000000
7912013 14112 9 100000000
4235503 14112 9 100000000
14058660 14589 10 500000
47545725 14381 12 5000
6275008 14112 9 100000000
5802276 14112 9 100000000
29311904 14938 11 50000
4823240 14112 9 100000000
4589090 14112 9 100000000
4137352 14112 9 100000000
31016191 14927 11 200000
3217350 14112 9 100000000
7306748 14112 9 100000000
20596855 14080 11 100000
6054481 14112 9 100000000
36923461 14938 11 50000
28463639 14927 11 200000
20105232 14080 11 100000
211970809 14973 14 2000
3791934 14112 9 100000000
15598234 14938 11 50000
45801699 14758 12 6250
4293576 14175 9 10000000
3087458 14980 9 25000000
4016797 14112 9 100000000
2888851 14112 9 100000000
2809513 14112 9 100000000
4272291 14175 9 10000000
13361795 14938 11 50000
4331719 14112 9 100000000
124262463 14079 13 1000
30539260 14915 12 20000
4714663 14112 9 100000000
3749524 14112 9 100000000
4264549 14112 9 100000000
48899094 14208 12 12500
3326985 14175 9 10000000
3482751 14175 9 10000000
19347864 14938 11 50000
4408258 14175 9 10000000
9258244 14395 10 2500000
3548150 14112 9 100000000
3221758 14112 9 100000000
13658828 14080 11 100000
16931020 14080 11 100000
5424201 14371 9 12500000
21738788 14352 11 125000
3243547 14112 9 100000000
3874726 14112 9 100000000
11362503 14854 10 4000000
4900418 14112 9 100000000
3855651 14112 9 100000000
2943115 14112 9 100000000
4798966 14175 9 10000000
6734751 14177 10 2000000
10703203 14927 11 200000
5606437 14395 10 2500000
4377796 14112 9 100000000
4402512 14112 9 100000000
2943022 14112 9 100000000
2575228 14112 9 100000000
8698987 14395 10 2500000
3824788 14112 9 100000000
6982687 14499 10 25000000
3863252 14980 9 25000000
14214979 14927 11 200000
3566488 14112 9 100000000
10794517 14352 11 125000
2967368 14112 9 100000000
4005964 14371 9 12500000
3081764 14112 9 100000000
5245420 14589 10 500000
28476179 14381 12 5000
2383503 14112 9 100000000
4632860 14980 9 25000000
26947258 14381 12 5000
2925307 14980 9 25000000
3426610 14112 9 100000000
3391126 14112 9 100000000
4871778 14177 10 2000000
4176483 14112 9 100000000
5220659 14175 9 10000000
2707059 14112 9 100000000
2184182 14175 9 10000000
2372692 14980 9 25000000
31551915 14915 12 20000
7423926 14613 10 3125000
14810796 14080 11 100000
79634282 14261 13 6250
2583657 14371 9 12500000
2372343 14112 9 100000000
298663375 14614 15 500
2408117 14112 9 100000000
3643133 14784 9 20000000
30575251 14915 12 20000
3314603 14112 9 100000000
8079653 14080 11 100000
5960181 14589 10 500000
67243009 14079 13 1000
2737110 14112 9 100000000
2607226 14112 9 100000000
2156795 14112 9 100000000
183928613 14130 14 625
2226232 14112 9 100000000
2471933 14371 9 12500000
1709226 14112 9 100000000
2169811 14784 9 20000000
7939005 14080 11 100000
2827973 14112 9 100000000
6752885 14080 11 100000
2047332 14112 9 100000000
8646213 14080 11 100000
24933091 14435 12 50000
23094342 14435 12 50000
2779420 14112 9 100000000
1821305 14112 9 100000000
4532894 14310 10 20000000
10303510 14938 11 50000
3101714 14980 9 25000000
1971593 14112 9 100000000
115874767 14130 14 625
2938814 14112 9 100000000
1409685 14980 9 25000000
1029689 14175 9 10000000
1632995 14175 9 10000000
3769995 14395 10 2500000
3101824 14175 9 10000000
1974554 14112 9 100000000
8201244 14080 11 100000
5558193 14613 10 3125000
9150532 14080 11 100000
2075912 14784 9 20000000
1753839 14980 9 25000000
1160352 14175 9 10000000
1919600 14112 9 100000000
843944 14112 9 100000000
1542693 14175 9 10000000
34155690 14261 13 6250
5452636 14177 10 2000000
17920994 14915 12 20000
1680104 14112 9 100000000
1679379 14112 9 100000000
1625391 14112 9 100000000
3688497 14395 10 2500000
1080772 14112 9 100000000
5717673 14850 11 1000000
1675396 14112 9 100000000
4102677 14395 10 2500000
1332603 14175 9 10000000
1403638 14175 9 10000000
1348801 14980 9 25000000
4785708 14589 10 500000
1778147 14112 9 100000000
5811213 14080 11 100000
1649879 14371 9 12500000
2025155 14175 9 10000000
1192994 14112 9 100000000
1886940 14980 9 25000000
1294797 14112 9 100000000
1209365 14112 9 100000000
1770313 14112 9 100000000
1738581 14112 9 100000000
2133316 14784 9 20000000
15616572 14381 12 5000
15760514 14381 12 5000
3093216 14395 10 2500000
2364616 14784 9 20000000
3957608 14066 10 312500
921287 14112 9 100000000
1106541 14112 9 100000000
34700455 14312 13 2500
1328234 14175 9 10000000
3936231 14589 10 500000
1593031 14112 9 100000000
6429369 14080 11 100000
975113 14175 9 10000000
4900333 14589 10 500000
1426324 14112 9 100000000
1785705 14112 9 100000000
5950008 14080 11 100000
1169992 14112 9 100000000
14563366 14080 11 100000
1617378 14112 9 100000000
1470435 14175 9 10000000
1062333 14371 9 12500000
4517782 14080 11 100000
1438689 14980 9 25000000
1143935 14112 9 100000000
2040973 14175 9 10000000
5524605 14104 11 500000
904875 14112 9 100000000
1865755 14980 9 25000000
1412930 14112 9 100000000
1647532 14112 9 100000000
11739820 14435 12 50000
1108153 14112 9 100000000
1839306 14175 9 10000000
11924737 14137 12 40000
3056244 14589 10 500000
13208548 14381 12 5000
5712799 14080 11 100000
1473374 14112 9 100000000
31674194 14312 13 2500
1870893 14175 9 10000000
1756053 14784 9 20000000
1256765 14980 9 25000000
20136946 14915 12 20000
942109 14980 9 25000000
982895 14980 9 25000000
1534361 14112 9 100000000
1359978 14175 9 10000000
2314568 14395 10 2500000
6244727 14927 11 200000
1656104 14112 9 100000000
7017558 14850 11 1000000
3535154 14613 10 3125000
5227174 14080 11 100000
5306117 14080 11 100000
39971552 14079 13 1000
1141710 14112 9 100000000
1199570 14175 9 10000000
2052708 14395 10 2500000
1658424 14112 9 100000000
7181052 14080 11 100000
5567326 14080 11 100000
1045503 14112 9 100000000
907806 14112 9 100000000
1153507 14980 9 25000000
1572756 14112 9 100000000
1583346 14112 9 100000000
1015255 14112 9 100000000
5385033 14352 11 125000
1861471 14175 9 10000000
3024309 14589 10 500000
1983081 14112 9 100000000
1248173 14175 9 10000000
993911 14112 9 100000000
1455222 14112 9 100000000
5887917 14104 11 500000
1372139 14784 9 20000000
3328654 14395 10 2500000
5160289 14080 11 100000
1519037 14112 9 100000000
8069712 14850 11 1000000
1540431 14980 9 25000000
1368194 14112 9 100000000
2084848 14589 10 500000
