3729270 14112 9 100000000
6332953 14112 9 100000000
6099697 14112 9 100000000
3294021 14112 9 100000000
65065511 14758 12 6250
3215130 14112 9 100000000
35961023 14938 11 50000
4511339 14175 9 10000000
5840476 14112 9 100000000
22872432 14938 11 50000
4541329 14112 9 100000000
5286165 14175 9 10000000
7706178 14112 9 100000000
4585501 14784 9 20000000
9838412 14395 10 2500000
3281961 14112 9 100000000
5184195 14175 9 10000000
3048291 14112 9 100000000
5575341 14784 9 20000000
5219905 14112 9 100000000
3372757 14112 9 100000000
5838085 14980 9 25000000
13043045 14589 10 500000
4209028 14112 9 100000000
6132419 14980 9 25000000
7830940 14112 9 100000000
10389906 14589 10 500000
3210196 14175 9 10000000
8482184 14589 10 500000
4599440 14112 9 100000000
8079251 14837 10 625000
100043081 14312 13 2500
24033309 14080 11 100000
19075763 14080 11 100000
2888652 14112 9 100000000
16982402 14080 11 100000
23621213 14850 11 1000000
5090118 14175 9 10000000
114509855 14533 13 1250
3352665 14112 9 100000000
2632040 14784 9 20000000
3139090 14371 9 12500000
4389631 14112 9 100000000
7151391 14395 10 2500000
206254672 14571 14 400
9282617 14395 10 2500000
2686848 14175 9 10000000
4284325 14371 9 12500000
94933384 14381 12 5000
3214934 14112 9 100000000
5637194 14980 9 25000000
4829329 14175 9 10000000
2620106 14175 9 10000000
9205264 14341 10 400000
2748330 14112 9 100000000
4048341 14784 9 20000000
14342048 14104 11 500000
5068880 14980 9 25000000
6544545 14310 10 20000000
15046559 14080 11 100000
6699545 14499 10 25000000
4166073 14112 9 100000000
10742120 14589 10 500000
2410722 14175 9 10000000
3584381 14112 9 100000000
8755894 14499 10 25000000
3059721 14112 9 100000000
2837718 14112 9 100000000
4346014 14112 9 100000000
1938166 14112 9 100000000
23244185 14080 11 100000
14561280 14938 11 50000
16046619 14080 11 100000
21472920 14080 11 100000
29403590 14381 12 5000
15302173 14938 11 50000
10153188 14080 11 100000
11314317 14080 11 100000
8099908 14499 10 25000000
11922493 14080 11 100000
3648909 14980 9 25000000
4539085 14112 9 100000000
18789963 14938 11 50000
8378308 14589 10 500000
31873149 14208 12 12500
40023616 14208 12 12500
3413311 14175 9 10000000
2060773 14112 9 100000000
2946185 14112 9 100000000
3102737 14112 9 100000000
25906226 14080 11 100000
3182773 14112 9 100000000
15752953 14289 11 31250
2068119 14980 9 25000000
3313953 14175 9 10000000
26502772 14544 12 15625
2919587 14112 9 100000000
2499892 14112 9 100000000
3185971 14112 9 100000000
2971828 14112 9 100000000
2630454 14175 9 10000000
15480133 14938 11 50000
1959542 14112 9 100000000
2717110 14784 9 20000000
2954828 14112 9 100000000
47288759 14381 12 5000
3930200 14112 9 100000000
4530012 14854 10 4000000
6289737 14177 10 2000000
4991780 14177 10 2000000
2338385 14112 9 100000000
2423655 14112 9 100000000
1760215 14112 9 100000000
2558202 14112 9 100000000
2851320 14112 9 100000000
2609139 14112 9 100000000
3787437 14112 9 100000000
29333778 14381 12 5000
6842041 14341 10 400000
2614918 14980 9 25000000
3074517 14112 9 100000000
3380104 14175 9 10000000
8722087 14352 11 125000
14081066 14080 11 100000
6812061 14837 10 625000
2288222 14175 9 10000000
2669897 14175 9 10000000
3300962 14112 9 100000000
7359036 14589 10 500000
1733944 14112 9 100000000
13604630 14080 11 100000
1474389 14112 9 100000000
1991744 14112 9 100000000
3225236 14112 9 100000000
1914211 14112 9 100000000
11649878 14927 11 200000
2668960 14175 9 10000000
3457979 14175 9 10000000
5767697 14499 10 25000000
2255083 14112 9 100000000
24266415 14381 12 5000
2566495 14784 9 20000000
13412454 14080 11 100000
7807186 14080 11 100000
2509354 14784 9 20000000
2222209 14784 9 20000000
12758188 14080 11 100000
99004727 14130 14 625
4015831 14589 10 500000
8275025 14938 11 50000
2626782 14112 9 100000000
2163948 14112 9 100000000
1859745 14175 9 10000000
1694666 14175 9 10000000
7699395 14080 11 100000
2357143 14980 9 25000000
2287331 14112 9 100000000
1555548 14112 9 100000000
38735275 14544 12 15625
159354071 14130 14 625
8854351 14344 11 625000
1903627 14112 9 100000000
4381817 14589 10 500000
31484887 14381 12 5000
2540535 14784 9 20000000
4601983 14589 10 500000
1421569 14112 9 100000000
4588714 14177 10 2000000
1641101 14112 9 100000000
3601468 14589 10 500000
6749986 14080 11 100000
90690663 14672 14 800
3527286 14589 10 500000
1382730 14112 9 100000000
1287717 14112 9 100000000
17438448 14381 12 5000
4025217 14589 10 500000
3971979 14589 10 500000
1307573 14112 9 100000000
1683821 14112 9 100000000
1274626 14112 9 100000000
2005952 14980 9 25000000
2083886 14112 9 100000000
33605040 14312 13 2500
1905153 14175 9 10000000
1747070 14980 9 25000000
2066998 14112 9 100000000
6904242 14080 11 100000
2112962 14112 9 100000000
1829288 14112 9 100000000
8198502 14080 11 100000
1859067 14112 9 100000000
1298569 14112 9 100000000
1081999 14112 9 100000000
1990759 14784 9 20000000
3996781 14854 10 4000000
17734587 14208 12 12500
1974089 14175 9 10000000
3395385 14589 10 500000
14083862 14381 12 5000
1192765 14175 9 10000000
11660149 14381 12 5000
1580130 14112 9 100000000
1497734 14175 9 10000000
1509022 14112 9 100000000
1224813 14112 9 100000000
1814694 14112 9 100000000
1376726 14784 9 20000000
1217955 14112 9 100000000
6854425 14927 11 200000
7045326 14080 11 100000
6901112 14927 11 200000
6811313 14080 11 100000
1593113 14112 9 100000000
1096687 14112 9 100000000
1294689 14112 9 100000000
3515219 14613 10 3125000
5916849 14080 11 100000
5581818 14080 11 100000
5649570 14938 11 50000
2809993 14395 10 2500000
1291156 14980 9 25000000
2774135 14589 10 500000
2756593 14589 10 500000
87376247 14973 14 2000
3907932 14589 10 500000
17206478 14381 12 5000
1364203 14980 9 25000000
1751428 14112 9 100000000
2015421 14175 9 10000000
1692157 14112 9 100000000
7155524 14850 11 1000000
1600527 14112 9 100000000
1530052 14112 9 100000000
1532024 14112 9 100000000
136600060 14130 14 625
938450 14112 9 100000000
5995929 14927 11 200000
11753345 14208 12 12500
725818 14112 9 100000000
1024565 14175 9 10000000
835152 14175 9 10000000
768203 14112 9 100000000
949974 14175 9 10000000
1142480 14175 9 10000000
3787487 14080 11 100000
6848541 14208 12 12500
818896 14112 9 100000000
609232 14112 9 100000000
3254665 14080 11 100000
