1921043 15360 10 1000000
9058386 15360 12 100000
4486161 15895 11 100000
16120796 15580 13 5000
1479360 15750 10 10000000
16825793 15028 13 10000
29479328 15651 14 1250
10273067 15552 12 10000
2001207 15750 10 10000000
862437 15590 9 50000000
9573749 15552 12 10000
9241377 15552 12 10000
1184145 15590 9 50000000
12889947 15360 12 100000
917652 15590 9 50000000
1895456 15750 10 10000000
1469249 15750 10 10000000
2984762 15895 11 100000
9329808 15360 12 100000
2032564 15750 10 10000000
1689458 15360 10 1000000
1746733 15750 10 10000000
751780 15590 9 50000000
3233949 15895 11 100000
620279 15590 9 50000000
1375835 15750 10 10000000
1878631 15290 10 6250000
1809261 15750 10 10000000
1700573 15968 10 12500000
3644378 15200 11 250000
17063837 15580 13 5000
1453503 15072 10 5000000
71615272 15656 14 625
1159861 15590 9 50000000
36739055 15656 14 625
1921747 15750 10 10000000
1118009 15750 10 10000000
22313605 15491 13 2000
4590718 15895 11 100000
16146994 15580 13 5000
8877843 15959 12 40000
1737660 15750 10 10000000
3950371 15895 11 100000
1505395 15680 10 100000000
1301795 15360 10 1000000
1523598 15072 10 5000000
2005463 15968 10 12500000
1530960 15680 10 100000000
1727285 15750 10 10000000
1071166 15590 9 50000000
1899589 15750 10 10000000
18658688 15552 12 10000
3949575 15895 11 100000
1825995 15750 10 10000000
3564040 15895 11 100000
1493061 15072 10 5000000
3590628 15775 11 400000
6558222 15360 12 100000
33438610 15413 14 2500
17154738 15491 13 2000
1502290 15750 10 10000000
1703513 15072 10 5000000
695566 15590 9 50000000
873467 15590 9 50000000
6974374 15552 12 10000
3429726 15200 11 250000
1942244 15360 10 1000000
1911260 15072 10 5000000
14977962 15491 13 2000
1522269 15072 10 5000000
1226398 15750 10 10000000
63847916 15162 14 1000
13407228 15580 13 5000
765978 15590 9 50000000
1468021 15360 10 1000000
15995685 15946 13 2500
1626310 15360 10 1000000
1678238 15680 10 100000000
43162131 15651 14 1250
2043626 15750 10 10000000
1739964 15750 10 10000000
1378125 15968 10 12500000
1595259 15750 10 10000000
591976 15590 9 50000000
631954 15590 9 50000000
13999083 15028 13 10000
681684 15590 9 50000000
41606900 15651 14 1250
9370842 15552 12 10000
4002362 15200 11 250000
6087587 15895 11 100000
716017 15590 9 50000000
2063333 15750 10 10000000
20189202 15580 13 5000
1499103 15750 10 10000000
7780707 15252 12 25000
9257393 15552 12 10000
4312127 15895 11 100000
9366870 15552 12 10000
1458249 15360 10 1000000
1324436 15089 10 50000000
1957322 15360 10 1000000
793636 15590 9 50000000
883125 15590 9 50000000
1840193 15072 10 5000000
2709881 15895 11 100000
1705779 15750 10 10000000
2339393 15360 10 1000000
1272801 15089 10 50000000
2684986 15089 10 50000000
765575 15590 9 50000000
7847434 15552 12 10000
2226917 15360 10 1000000
1808794 15750 10 10000000
688778 15590 9 50000000
3370336 15895 11 100000
1692362 15750 10 10000000
1382558 15680 10 100000000
1763954 15750 10 10000000
2011174 15968 10 12500000
20938172 15946 13 2500
1739611 15360 10 1000000
8276517 15552 12 10000
697089 15590 9 50000000
1468336 15750 10 10000000
4622947 15834 11 2500000
18126954 15946 13 2500
7661710 15552 12 10000
3782247 15895 11 100000
6935727 15588 12 31250
8335844 15552 12 10000
2072922 15680 10 100000000
2024136 15072 10 5000000
2018333 15680 10 100000000
1857729 15750 10 10000000
921801 15590 9 50000000
5299315 15246 11 62500
656659 15590 9 50000000
1675769 15360 10 1000000
769885 15590 9 50000000
1931035 15608 10 1250000
4193485 15200 11 250000
1287732 15968 10 12500000
2014255 15360 10 1000000
1839449 15680 10 100000000
2381540 15290 10 6250000
2298429 15750 10 10000000
1356166 15750 10 10000000
1306798 15680 10 100000000
10266623 15552 12 10000
1802207 15360 10 1000000
1462967 15680 10 100000000
4674212 15775 11 400000
20647357 15580 13 5000
1361208 15750 10 10000000
733560 15590 9 50000000
10581917 15552 12 10000
101944344 15612 15 400
1989556 15360 10 1000000
1650686 15360 10 1000000
760747 15590 9 50000000
2061351 15750 10 10000000
1656410 15750 10 10000000
19346582 15946 13 2500
9657504 15552 12 10000
1687982 15680 10 100000000
1981398 15072 10 5000000
6072069 15252 12 25000
1353867 15750 10 10000000
3944777 15895 11 100000
819685 15590 9 50000000
32208662 15580 13 5000
979988 15680 10 100000000
1404914 15072 10 5000000
30936523 15413 14 2500
13950175 15946 13 2500
3732410 15246 11 62500
5779943 15200 11 250000
1588573 15360 10 1000000
2045111 15360 10 1000000
8176500 15552 12 10000
2106882 15360 10 1000000
1647479 15089 10 50000000
5005875 15895 11 100000
9145373 15552 12 10000
2269746 15750 10 10000000
1000018 15680 10 100000000
34378943 15413 14 2500
85833817 15862 15 250
1517946 15360 10 1000000
1653131 15360 10 1000000
1270078 15089 10 50000000
1117943 15089 10 50000000
4514975 15895 11 100000
1744914 15072 10 5000000
49185613 15162 14 1000
15647646 15491 13 2000
1556304 15750 10 10000000
3440119 15895 11 100000
1820007 15968 10 12500000
4203201 15775 11 400000
7364946 15552 12 10000
42195754 15656 14 625
3150878 15834 11 2500000
1761273 15072 10 5000000
8187954 15252 12 25000
21247433 15580 13 5000
1328749 15360 10 1000000
1034865 15590 9 50000000
1836923 15968 10 12500000
1039059 15590 9 50000000
3935417 15473 11 312500
1650352 15072 10 5000000
3445811 15595 11 2000000
1473113 15360 10 1000000
9112550 15552 12 10000
34732623 15656 14 625
12603775 15580 13 5000
1826150 15750 10 10000000
10460813 15175 12 8000
1437845 15968 10 12500000
1320129 15750 10 10000000
1248922 15750 10 10000000
1589168 15750 10 10000000
625117 15590 9 50000000
2907798 15895 11 100000
1316674 15968 10 12500000
2939776 15775 11 400000
59230507 15651 14 1250
1008562 15750 10 10000000
1877927 15072 10 5000000
1182191 15968 10 12500000
2864570 15554 11 78125
748340 15590 9 50000000
1488196 15750 10 10000000
1735978 15360 10 1000000
3830230 15200 11 250000
1627275 15072 10 5000000
1621289 15750 10 10000000
1524267 15750 10 10000000
8013799 15552 12 10000
1480872 15072 10 5000000
3101948 15246 11 62500
7738624 15552 12 10000
1539197 15750 10 10000000
20434030 15580 13 5000
1358598 15089 10 50000000
5154316 15252 12 25000
1435777 15072 10 5000000
1562778 15360 10 1000000
