9807753 15252 12 25000
1523881 15089 10 50000000
2209350 15360 10 1000000
1810134 15968 10 12500000
2430063 15072 10 5000000
4374439 15895 11 100000
1033956 15590 9 50000000
670684 15590 9 50000000
1897766 15608 10 1250000
6806610 15360 12 100000
2109481 15360 10 1000000
1726714 15680 10 100000000
10563816 15552 12 10000
1382545 15750 10 10000000
38629783 15162 14 1000
1668940 15750 10 10000000
2273017 15290 10 6250000
719176 15590 9 50000000
722935 15590 9 50000000
2716533 15360 10 1000000
2001770 15750 10 10000000
703743 15590 9 50000000
28807473 15946 13 2500
1988833 15360 10 1000000
1675227 15608 10 1250000
2454999 15856 10 1562500
1451515 15750 10 10000000
15686021 15580 13 5000
2992630 15200 11 250000
778229 15590 9 50000000
954216 15590 9 50000000
1721949 15360 10 1000000
1074891 15680 10 100000000
1436016 15750 10 10000000
1495089 15750 10 10000000
24587744 15580 13 5000
35377809 15413 14 2500
2164570 15750 10 10000000
5688928 15360 12 100000
1589067 15750 10 10000000
2265600 15360 10 1000000
3215205 15072 10 5000000
6800136 15552 12 10000
944163 15590 9 50000000
3813303 15895 11 100000
3264235 15895 11 100000
1139904 15590 9 50000000
8067211 15552 12 10000
2383032 15072 10 5000000
1707712 15608 10 1250000
7941591 15552 12 10000
4483247 15895 11 100000
7510748 15552 12 10000
3374731 15895 11 100000
716098 15590 9 50000000
2177579 15072 10 5000000
1034974 15590 9 50000000
1611886 15750 10 10000000
2025899 15072 10 5000000
1128548 15089 10 50000000
1898494 15750 10 10000000
627255 15590 9 50000000
46890000 15651 14 1250
8175672 15552 12 10000
4157250 15895 11 100000
1862730 15680 10 100000000
1829641 15750 10 10000000
1747139 15360 10 1000000
1579245 15750 10 10000000
3870210 15895 11 100000
10149736 15360 12 100000
1725901 15360 10 1000000
6758706 15552 12 10000
1520574 15680 10 100000000
1386394 15680 10 100000000
1550278 15750 10 10000000
1199043 15750 10 10000000
1117022 15750 10 10000000
1330812 15750 10 10000000
2967126 15200 11 250000
2045109 15750 10 10000000
35753557 15162 14 1000
47549838 15162 14 1000
2239351 15360 10 1000000
17155514 15028 13 10000
32326556 15651 14 1250
1623678 15072 10 5000000
7665505 15552 12 10000
1537956 15680 10 100000000
1843507 15360 10 1000000
31718570 15162 14 1000
1034009 15590 9 50000000
1747546 15072 10 5000000
8132727 15552 12 10000
50057946 15656 14 625
2184040 15360 10 1000000
1537214 15680 10 100000000
8530655 15552 12 10000
728164 15590 9 50000000
1506902 15089 10 50000000
7056123 15552 12 10000
3512298 15895 11 100000
11676112 15928 12 12500
8937657 15552 12 10000
3162378 15895 11 100000
38138558 15651 14 1250
8758069 15552 12 10000
1614980 15750 10 10000000
1423907 15072 10 5000000
1080766 15590 9 50000000
3631469 15895 11 100000
3702100 15834 11 2500000
1767723 15680 10 100000000
20310309 15028 13 10000
3196762 15895 11 100000
1547034 15968 10 12500000
4585497 15895 11 100000
849339 15590 9 50000000
17825186 15988 13 6250
699962 15590 9 50000000
1480690 15680 10 100000000
724602 15590 9 50000000
1791117 15750 10 10000000
4085941 15200 11 250000
1767378 15608 10 1250000
7671243 15552 12 10000
1917483 15360 10 1000000
21878905 15491 13 2000
17553047 15580 13 5000
3734871 15200 11 250000
11501580 15552 12 10000
1820456 15968 10 12500000
1426824 15089 10 50000000
1387209 15072 10 5000000
10625264 15252 12 25000
1902036 15085 10 781250
1632385 15072 10 5000000
1455688 15750 10 10000000
2578785 15750 10 10000000
809785 15590 9 50000000
2466982 15072 10 5000000
2333365 15750 10 10000000
59382725 15651 14 1250
1897817 15360 10 1000000
1502963 15360 10 1000000
5359927 15895 11 100000
1614158 15680 10 100000000
896890 15590 9 50000000
1341988 15750 10 10000000
1229564 15750 10 10000000
1745327 15360 10 1000000
1638744 15750 10 10000000
1601895 15680 10 100000000
2038099 15072 10 5000000
8324973 15552 12 10000
1248887 15680 10 100000000
1706619 15072 10 5000000
1348886 15089 10 50000000
6658389 15360 12 100000
17640146 15946 13 2500
1997565 15360 10 1000000
1876691 15360 10 1000000
1441495 15590 9 50000000
70021087 15114 14 500
49553649 15162 14 1000
3312376 15895 11 100000
698553 15590 9 50000000
1263379 15089 10 50000000
4249736 15329 11 1562500
1587954 15680 10 100000000
52541946 15162 14 1000
1311925 15680 10 100000000
1476692 15072 10 5000000
1399299 15360 10 1000000
2343826 15089 10 50000000
4275481 15895 11 100000
4617999 15595 11 2000000
1660064 15072 10 5000000
18417649 15946 13 2500
2342536 15608 10 1250000
50428361 15162 14 1000
1744448 15360 10 1000000
19589745 15028 13 10000
1461385 15290 10 6250000
1540150 15968 10 12500000
749467 15590 9 50000000
1285931 15680 10 100000000
1331056 15750 10 10000000
4633646 15895 11 100000
2066780 15360 10 1000000
2690836 15895 11 100000
764426 15590 9 50000000
2154133 15072 10 5000000
2084576 15608 10 1250000
4532235 15895 11 100000
1845979 15680 10 100000000
774204 15590 9 50000000
651436 15590 9 50000000
1642648 15968 10 12500000
1673298 15360 10 1000000
1472655 15680 10 100000000
1875226 15750 10 10000000
1663013 15072 10 5000000
1427234 15290 10 6250000
2000268 15968 10 12500000
1954355 15072 10 5000000
7280169 15552 12 10000
1148757 15590 9 50000000
4484033 15895 11 100000
1740360 15750 10 10000000
42388406 15651 14 1250
87794132 15862 15 250
38776596 15114 14 500
10424624 15360 12 100000
8189424 15552 12 10000
3482890 15834 11 2500000
1802490 15968 10 12500000
1414891 15750 10 10000000
3004536 15895 11 100000
1122254 15089 10 50000000
3437309 15895 11 100000
2065688 15072 10 5000000
1789652 15608 10 1250000
7684020 15552 12 10000
1971952 15750 10 10000000
1456888 15072 10 5000000
1711694 15680 10 100000000
1600840 15680 10 100000000
1859917 15750 10 10000000
2157058 15750 10 10000000
14309247 15252 12 25000
1506963 15680 10 100000000
1204259 15072 10 5000000
1307691 15072 10 5000000
1563518 15072 10 5000000
1203710 15072 10 5000000
3116733 15089 11 1250000
65645397 15852 14 3125
38575723 15656 14 625
1458766 15072 10 5000000
1819417 15968 10 12500000
1279308 15072 10 5000000
19337566 15028 13 10000
7683733 15928 12 12500
1713802 15750 10 10000000
1179912 15072 10 5000000
835170 15590 9 50000000
1710884 15856 10 1562500
928413 15590 9 50000000
17167834 15988 13 6250
