2270596 15750 10 10000000
1330679 15072 10 5000000
5353979 15895 11 100000
2494871 15360 10 1000000
8839842 15552 12 10000
1646445 15290 10 6250000
1783301 15680 10 100000000
2233851 15360 10 1000000
8815552 15252 12 25000
1724727 15290 10 6250000
9451833 15552 12 10000
1560589 15680 10 100000000
1521749 15360 10 1000000
1723554 15968 10 12500000
6405896 15252 12 25000
1940091 15750 10 10000000
1459352 15072 10 5000000
1565804 15360 10 1000000
40691525 15114 14 500
758212 15590 9 50000000
1941063 15750 10 10000000
25912576 15946 13 2500
2233935 15290 10 6250000
1663320 15750 10 10000000
1361072 15750 10 10000000
1369097 15750 10 10000000
1577900 15360 10 1000000
11031705 15588 12 31250
3870962 15895 11 100000
1250147 15680 10 100000000
3155993 15089 11 1250000
1620128 15968 10 12500000
1168030 15680 10 100000000
711878 15590 9 50000000
1495703 15750 10 10000000
4174471 15895 11 100000
38855757 15656 14 625
802025 15590 9 50000000
27197851 15580 13 5000
3344794 15895 11 100000
1618779 15360 10 1000000
15305041 15946 13 2500
3250878 15200 11 250000
1396455 15750 10 10000000
6011347 15360 12 100000
655338 15590 9 50000000
4498084 15895 11 100000
897225 15590 9 50000000
22465118 15580 13 5000
3005817 15895 11 100000
1988610 15290 10 6250000
1222417 15750 10 10000000
1525890 15072 10 5000000
9054411 15552 12 10000
1267922 15072 10 5000000
15759270 15491 13 2000
1530723 15089 10 50000000
49144863 15651 14 1250
6568875 15552 12 10000
72957576 15656 14 625
4043150 15895 11 100000
1191653 15072 10 5000000
5314782 15200 11 250000
1686523 15750 10 10000000
972915 15590 9 50000000
2255097 15750 10 10000000
662648 15590 9 50000000
129574309 15612 15 400
40755233 15114 14 500
54060915 15162 14 1000
1714024 15680 10 100000000
2193227 15360 10 1000000
1457481 15360 10 1000000
1743629 15968 10 12500000
653531 15590 9 50000000
1847695 15072 10 5000000
39946012 15656 14 625
3193357 15895 11 100000
1503385 15680 10 100000000
1149394 15680 10 100000000
1728412 15360 10 1000000
53987683 15651 14 1250
1016446 15590 9 50000000
1537529 15360 10 1000000
2826151 15200 11 250000
2414098 15360 10 1000000
1997948 15072 10 5000000
1728745 15072 10 5000000
1383891 15072 10 5000000
12458581 15252 12 25000
1582084 15360 10 1000000
1935906 15750 10 10000000
54560966 15656 14 625
2135830 15072 10 5000000
2119578 15072 10 5000000
42951627 15651 14 1250
860866 15590 9 50000000
1935265 15360 10 1000000
990091 15590 9 50000000
1737220 15968 10 12500000
3143546 15895 11 100000
1771644 15360 10 1000000
8660879 15552 12 10000
1623270 15072 10 5000000
1985253 15072 10 5000000
2054226 15072 10 5000000
1371739 15089 10 50000000
2629662 15200 11 250000
1927487 15089 10 50000000
1810113 15750 10 10000000
810958 15590 9 50000000
1251241 15360 10 1000000
3699796 15895 11 100000
4577796 15586 11 80000
17492163 15580 13 5000
1507983 15072 10 5000000
1834153 15750 10 10000000
1967104 15360 10 1000000
1002856 15590 9 50000000
4581897 15895 11 100000
603180 15590 9 50000000
2359222 15360 10 1000000
1625232 15680 10 100000000
3813879 15246 11 62500
5301110 15895 11 100000
20964839 15580 13 5000
44240292 15114 14 500
1615812 15089 10 50000000
1577599 15072 10 5000000
1612743 15680 10 100000000
1131803 15680 10 100000000
1723697 15360 10 1000000
7668597 15360 12 100000
3762627 15895 11 100000
3592436 15746 11 390625
2117674 15750 10 10000000
4692811 15895 11 100000
1342031 15680 10 100000000
4226141 15895 11 100000
1549286 15680 10 100000000
2752658 15834 11 2500000
2369604 15360 10 1000000
8604681 15552 12 10000
1912236 15360 10 1000000
7586622 15552 12 10000
3354268 15200 11 250000
37850724 15162 14 1000
2784609 15680 10 100000000
1635495 15360 10 1000000
6999729 15252 12 25000
957683 15590 9 50000000
7589700 15552 12 10000
4458933 15775 11 400000
14594679 15580 13 5000
974697 15590 9 50000000
8628566 15552 12 10000
675417 15590 9 50000000
1465326 15968 10 12500000
1609380 15750 10 10000000
6338001 15895 11 100000
1370208 15089 10 50000000
1645470 15750 10 10000000
846090 15590 9 50000000
8214736 15552 12 10000
1823799 15072 10 5000000
10614630 15552 12 10000
875718 15590 9 50000000
1451123 15089 10 50000000
726423 15590 9 50000000
7723394 15552 12 10000
13151347 15580 13 5000
1337296 15968 10 12500000
16865225 15580 13 5000
1506494 15360 10 1000000
1574130 15968 10 12500000
9457928 15552 12 10000
2089130 15360 10 1000000
1461599 15750 10 10000000
7841999 15928 12 12500
1827579 15968 10 12500000
3923378 15775 11 400000
7787273 15552 12 10000
3204201 15895 11 100000
3174032 15895 11 100000
8744167 15552 12 10000
1774165 15085 10 781250
8908016 15552 12 10000
3139971 15895 11 100000
2345247 15072 10 5000000
1367442 15360 10 1000000
2169115 15360 10 1000000
3874583 15895 11 100000
1716740 15750 10 10000000
1550001 15750 10 10000000
5336466 15834 11 2500000
8302136 15959 12 40000
14696894 15580 13 5000
7360663 15552 12 10000
3933784 15200 11 250000
1379738 15290 10 6250000
2056376 15750 10 10000000
38652026 15162 14 1000
3873801 15895 11 100000
2867696 15895 11 100000
1794839 15608 10 1250000
6284820 15552 12 10000
1458275 15968 10 12500000
677296 15590 9 50000000
1913146 15085 10 781250
1814373 15360 10 1000000
4035241 15895 11 100000
2261424 15089 10 50000000
1439089 15360 10 1000000
2030806 15968 10 12500000
17186084 15988 13 6250
19942550 15491 13 2000
1281435 15750 10 10000000
1726436 15072 10 5000000
33280720 15656 14 625
1410595 15968 10 12500000
3770807 15775 11 400000
6764291 15252 12 25000
90295703 15162 14 1000
1523387 15089 10 50000000
1460319 15089 10 50000000
1769520 15290 10 6250000
1336145 15750 10 10000000
24705524 15946 13 2500
8303184 15552 12 10000
585416 15590 9 50000000
1207275 15089 10 50000000
906988 15590 9 50000000
1666045 15360 10 1000000
3163995 15895 11 100000
879694 15590 9 50000000
1205492 15290 10 6250000
1615330 15750 10 10000000
17293584 15491 13 2000
1237779 15360 10 1000000
1534896 15750 10 10000000
2983174 15895 11 100000
2998314 15895 11 100000
12189228 15580 13 5000
1699425 15072 10 5000000
689800 15590 9 50000000
1600858 15360 10 1000000
4558367 15895 11 100000
1872046 15360 10 1000000
833164 15590 9 50000000
1220869 15750 10 10000000
