1627635 15750 10 10000000
47841511 15162 14 1000
876435 15590 9 50000000
1818199 15750 10 10000000
2072695 15072 10 5000000
1803923 15360 10 1000000
2063281 15072 10 5000000
800544 15590 9 50000000
1655313 15750 10 10000000
3554064 15473 11 312500
782929 15590 9 50000000
64298265 15656 14 625
19667815 15580 13 5000
1953659 15360 10 1000000
993277 15590 9 50000000
718779 15590 9 50000000
1085845 15072 10 5000000
944647 15590 9 50000000
1248842 15680 10 100000000
39476783 15656 14 625
1274112 15750 10 10000000
1595441 15089 10 50000000
2558928 15360 10 1000000
843561 15590 9 50000000
1902985 15750 10 10000000
1002684 15590 9 50000000
3412049 15895 11 100000
2016305 15750 10 10000000
1662572 15680 10 100000000
1774473 15608 10 1250000
4216161 15895 11 100000
9388906 15552 12 10000
6380009 15588 12 31250
854050 15590 9 50000000
1951637 15750 10 10000000
1523148 15680 10 100000000
1923354 15750 10 10000000
1644108 15750 10 10000000
1484824 15750 10 10000000
1896001 15360 10 1000000
2198682 15360 10 1000000
893181 15590 9 50000000
1459053 15072 10 5000000
19276371 15491 13 2000
3511970 15895 11 100000
43744335 15413 14 2500
1778380 15680 10 100000000
21047525 15491 13 2000
878717 15590 9 50000000
1241870 15089 10 50000000
1850169 15072 10 5000000
1971529 15750 10 10000000
3627571 15200 11 250000
673406 15590 9 50000000
4691646 15895 11 100000
750170 15590 9 50000000
6964504 15360 12 100000
3656658 15895 11 100000
1588282 15360 10 1000000
53478873 15162 14 1000
1563360 15072 10 5000000
3699657 15895 11 100000
45076978 15656 14 625
1578008 15290 10 6250000
744016 15590 9 50000000
6849733 15360 12 100000
1668673 15680 10 100000000
2057071 15750 10 10000000
41734530 15162 14 1000
1815728 15750 10 10000000
3868787 15895 11 100000
1438441 15089 10 50000000
18351863 15580 13 5000
582347 15590 9 50000000
1218165 15968 10 12500000
2195138 15360 10 1000000
1820187 15360 10 1000000
2745853 15834 11 2500000
2049607 15360 10 1000000
1564045 15072 10 5000000
1923459 15072 10 5000000
1552020 15680 10 100000000
50706388 15651 14 1250
4999194 15895 11 100000
4431596 15895 11 100000
1990097 15072 10 5000000
1898564 15360 10 1000000
1292141 15360 10 1000000
2261471 15968 10 12500000
2120929 15750 10 10000000
18513557 15580 13 5000
1536898 15608 10 1250000
1624707 15680 10 100000000
3326988 15200 11 250000
6091321 15200 11 250000
1934268 15072 10 5000000
21832134 15028 13 10000
1486183 15360 10 1000000
1393894 15750 10 10000000
662528 15590 9 50000000
4648352 15895 11 100000
858377 15590 9 50000000
834229 15590 9 50000000
1596025 15360 10 1000000
801918 15590 9 50000000
4983659 15895 11 100000
1824039 15072 10 5000000
5097565 15200 11 250000
1883010 15750 10 10000000
1695869 15072 10 5000000
2342651 15750 10 10000000
16076594 15946 13 2500
1081825 15089 10 50000000
7453396 15552 12 10000
5775140 15360 12 100000
1895674 15360 10 1000000
2438511 15360 10 1000000
6959047 15552 12 10000
1764469 15968 10 12500000
7293285 15252 12 25000
1535648 15072 10 5000000
1942517 15608 10 1250000
1527100 15750 10 10000000
6888690 15552 12 10000
645983 15590 9 50000000
2048575 15750 10 10000000
1810013 15750 10 10000000
6714962 15360 12 100000
50554364 15651 14 1250
1914051 15750 10 10000000
776655 15590 9 50000000
1571410 15750 10 10000000
1730741 15089 10 50000000
1835727 15750 10 10000000
9712279 15552 12 10000
1559462 15680 10 100000000
21227957 15580 13 5000
1614167 15750 10 10000000
1593249 15072 10 5000000
1977495 15750 10 10000000
4573604 15895 11 100000
1030331 15590 9 50000000
1644100 15750 10 10000000
2088412 15360 10 1000000
7073989 15252 12 25000
1993432 15072 10 5000000
43375447 15651 14 1250
1009526 15590 9 50000000
7570549 15552 12 10000
1951056 15968 10 12500000
9888130 15552 12 10000
1271982 15750 10 10000000
2810551 15200 11 250000
4098663 15895 11 100000
1469458 15360 10 1000000
1523294 15360 10 1000000
1404883 15072 10 5000000
7426547 15252 12 25000
1678265 15360 10 1000000
1919755 15750 10 10000000
2144103 15360 10 1000000
1123926 15590 9 50000000
14095656 15580 13 5000
10301651 15360 12 100000
6180850 15895 11 100000
19149558 15946 13 2500
1598750 15750 10 10000000
3984825 15895 11 100000
1795763 15750 10 10000000
1644406 15750 10 10000000
3751673 15895 11 100000
8236537 15252 12 25000
35735711 15651 14 1250
22630936 15946 13 2500
1811883 15750 10 10000000
1413968 15680 10 100000000
10470990 15252 12 25000
3617014 15895 11 100000
13629801 15491 13 2000
14708448 15028 13 10000
1460491 15290 10 6250000
1784451 15750 10 10000000
1990251 15072 10 5000000
26064747 15580 13 5000
2190148 15360 10 1000000
1912407 15360 10 1000000
17705430 15491 13 2000
1448634 15750 10 10000000
3574981 15089 11 1250000
16511839 15946 13 2500
1801208 15750 10 10000000
23754387 15580 13 5000
2017280 15360 10 1000000
3677044 15200 11 250000
1584704 15072 10 5000000
58352627 15114 14 500
2354933 15360 10 1000000
39643204 15651 14 1250
1105130 15072 10 5000000
1576168 15360 10 1000000
2092460 15968 10 12500000
2507196 15072 10 5000000
20165135 15946 13 2500
1435070 15750 10 10000000
17276772 15946 13 2500
1970946 15750 10 10000000
1601377 15750 10 10000000
8612578 15360 12 100000
7224326 15552 12 10000
20862483 15171 13 4000
2074938 15750 10 10000000
2620752 15360 10 1000000
8003933 15552 12 10000
4028049 15895 11 100000
1895505 15750 10 10000000
9374481 15552 12 10000
1562328 15089 10 50000000
911518 15590 9 50000000
1286974 15750 10 10000000
1455461 15750 10 10000000
21542164 15028 13 10000
1422009 15750 10 10000000
744503 15590 9 50000000
1698435 15680 10 100000000
4393285 15895 11 100000
7479423 15252 12 25000
2060174 15968 10 12500000
978129 15590 9 50000000
1375320 15072 10 5000000
1879284 15072 10 5000000
1426202 15750 10 10000000
1109873 15680 10 100000000
1704862 15750 10 10000000
778021 15590 9 50000000
1836770 15360 10 1000000
2692641 15072 10 5000000
2251380 15608 10 1250000
1995369 15750 10 10000000
2019114 15111 10 800000
2184485 15360 10 1000000
1644370 15750 10 10000000
1337415 15750 10 10000000
20169336 15491 13 2000
1390234 15750 10 10000000
1421559 15608 10 1250000
8392542 15552 12 10000
7395220 15552 12 10000
1576031 15680 10 100000000
1637592 15360 10 1000000
1435616 15680 10 100000000
