1969 1094 3 500000
5754 1944 4 1000000
2275 1701 3 10000000
6314 1637 4 2500000
5458 1069 4 2000
4901 1024 4 10000
15449 1691 5 625
7436 1970 4 50000000
5545 1893 4 25000000
4669 1101 4 20000
11414 1254 5 1250
6141 1816 4 12500000
4383 1613 4 2000000
4750 1944 4 1000000
1865 1152 3 1000000
5055 1202 4 50000
2532 1228 3 2500000
3528 1701 3 10000000
6955 1296 4 10000
6462 1600 4 10000
7163 1357 4 200000
5736 1620 4 100000
4151 1003 4 1250
8490 1406 4 312500
5001 1638 4 12500
7551 1536 4 1000000
4813 1198 4 5000
15860 1849 5 5000
6627 1522 4 50000
2161 1029 3 10000000
5605 1975 4 1250000
5209 1424 4 25000
6115 1748 4 250000
6975 1970 4 50000000
1825 1176 3 100000000
1975 1152 3 1000000
2094 1701 3 10000000
23044 1458 5 4000
4645 1381 4 250000
13986 1869 4 20000000
9571 1637 4 2500000
24210 1801 5 4000
6313 1229 4 6250
8244 1069 4 2000
2350 1152 3 1000000
19193 1903 5 50000
6021 1620 4 100000
6693 1620 4 100000
6780 1202 4 50000
8173 1132 4 3125
23751 1691 5 625
7213 1560 4 1250000
14420 1849 5 5000
6715 1327 4 12500
4757 1662 4 3125000
17263 1349 5 500
1867 1094 3 500000
4676 1620 4 100000
14172 1620 5 10000
4619 1024 4 10000
5121 1846 4 500000
4962 1458 4 500000
12547 1620 5 10000
5491 1816 4 12500000
6671 1424 4 25000
2018 1176 3 100000000
12562 1849 5 5000
5477 1815 4 400000
2350 1420 3 25000000
15409 1376 5 2500
16747 1849 5 5000
10829 1424 4 25000
5366 1024 4 10000
6139 1701 3 10000000
6462 1638 4 12500
5834 1424 4 25000
5798 1620 4 100000
10421 1903 5 50000
11085 1903 5 50000
12577 1741 5 20000
5244 1296 4 10000
11562 1620 5 10000
12443 1650 5 2000
4786 1125 4 25000
6958 1101 4 20000
5362 1125 4 25000
11784 1458 5 4000
4665 1637 4 2500000
4792 1792 4 10000000
11595 1650 5 2000
1861 1131 3 50000000
3284 1531 3 2000000
5476 1100 4 2500
5633 1560 4 1250000
14695 1498 5 5000
6618 1792 4 10000000
5793 1970 4 50000000
7089 1229 4 6250
1972 1286 3 5000000
7793 1944 4 1000000
4007 1536 4 1000000
5235 1296 4 10000
2037 1247 3 3125000
5855 1893 4 25000000
6527 1440 4 4000
17802 1659 5 12500
19008 1548 5 1250
5893 1682 4 156250
4572 1792 4 10000000
39713 1980 6 2000
4042 1724 3 12500000
2127 1536 3 100000000
7085 1132 4 3125
6830 1846 4 500000
15048 1997 5 2000
4692 1846 4 500000
4183 1536 4 1000000
2159 1420 3 25000000
1580 1420 3 25000000
26861 1980 6 2000
4862 1424 4 25000
5019 1101 4 20000
6403 1879 4 50000
4517 1970 4 50000000
2165 1478 3 50000000
64112 1670 6 200
7041 1840 4 40000
5705 1003 4 1250
5197 1357 4 200000
14628 1397 5 625
18797 1458 5 4000
2558 1228 3 2500000
4841 1458 4 500000
2227 1176 3 100000000
8739 1944 4 1000000
10523 1620 5 10000
15953 1849 5 5000
4922 1690 4 4000000
2278 1228 3 2500000
2366 1176 3 100000000
5084 1424 4 25000
6826 1816 4 12500000
2445 1029 3 10000000
15257 1903 5 50000
18501 1620 5 10000
21083 1897 5 6250
4825 1970 4 50000000
2719 1176 3 100000000
14907 1849 5 5000
5430 1280 4 100000
2872 1536 3 100000000
2383 1152 3 1000000
12854 1942 5 62500
6267 1101 4 20000
2470 1536 3 100000000
16876 1500 5 1000
2506 1141 3 50000
10348 1903 5 50000
1850 1094 3 500000
12379 1297 5 1600
6071 1759 4 25000
4610 1125 4 25000
6717 1296 4 10000
7450 1198 4 5000
16725 1451 5 800
4810 1970 4 50000000
2619 1944 3 100000000
3637 1944 3 100000000
9081 1296 4 10000
12181 1944 4 1000000
11854 1264 4 8000
5227 1238 4 1250
8409 1118 4 625
3020 1944 3 100000000
2346 1401 3 20000000
4718 1869 4 20000000
3823 1280 4 100000
2021 1362 3 12500000
4314 1792 4 10000000
5088 1846 4 500000
4604 1296 4 10000
6665 1600 4 10000
1921 1176 3 100000000
9775 1781 5 25000
4856 1357 4 200000
5728 1620 4 100000
8664 1975 4 1250000
4783 1024 4 10000
35163 1800 6 1000
6910 1869 4 20000000
3085 1536 3 100000000
5721 1296 4 10000
2832 1288 3 200000
4429 1131 3 50000000
6731 1970 4 50000000
17361 1650 5 2000
17106 1132 5 625
2556 1176 3 100000000
6318 1101 4 20000
5070 1944 3 100000000
1892 1094 3 500000
4076 1944 3 100000000
1741 1029 3 10000000
10003 1296 4 10000
4218 1073 3 20000000
4809 1286 3 5000000
5907 1620 4 100000
2526 1536 3 100000000
7750 1296 4 10000
2479 1029 3 10000000
7385 1522 4 50000
14773 1781 5 25000
8248 1296 4 10000
7213 1536 4 1000000
4733 1970 4 50000000
9339 1792 4 10000000
2486 1094 3 500000
6217 1125 4 25000
2256 1228 3 2500000
13878 1863 5 40000
23566 1198 5 250
5817 1792 4 10000000
5684 1748 4 250000
9063 1536 4 1000000
17649 1849 5 5000
6611 1296 4 10000
6183 1792 4 10000000
4791 1613 4 2000000
3809 1536 4 1000000
3348 1797 3 25000000
5583 1620 4 100000
7349 1944 4 1000000
7617 1792 4 10000000
15134 1548 5 1250
4397 1690 4 4000000
14996 1548 5 1250
10016 1498 5 5000
6269 1620 4 100000
4564 1280 4 100000
2290 1133 3 800000
1966 1536 3 100000000
4253 1651 4 125000
2816 1536 3 100000000
4903 1202 4 50000
2305 1087 3 25000000
2227 1073 3 20000000
5159 1280 4 100000
4561 1893 4 25000000
11937 1741 5 20000
6912 1792 4 10000000
