22044 1781 5 25000
4187 1816 4 12500000
5583 1101 4 20000
5311 1846 4 500000
4754 1280 4 100000
6698 1280 4 100000
6735 1456 4 31250
5498 1296 4 10000
5379 1815 4 400000
9556 1498 5 5000
3643 1970 4 50000000
6049 1620 4 100000
31976 1800 6 1000
7011 1869 4 20000000
1977 1536 3 100000000
6304 1024 4 10000
2643 1344 3 10000000
5914 1440 4 4000
19221 1741 5 20000
4909 1522 4 50000
2648 1701 3 10000000
20636 1849 5 5000
16000 1903 5 50000
6203 1944 4 1000000
18492 1650 5 2000
2129 1228 3 2500000
24503 1498 5 5000
3357 1267 3 4000000
12046 1458 4 500000
9397 1714 4 5000000
5172 1720 4 20000
6478 1970 4 50000000
2544 1420 3 25000000
5618 1479 4 5000
19797 1537 5 6250
6607 1759 4 25000
1706 1536 3 100000000
5418 1893 4 25000000
18532 1698 5 2500
1834 1131 3 50000000
1338 1176 3 100000000
6108 1717 4 200000
16289 1698 5 2500
3619 1701 3 10000000
3338 1215 3 100000
4221 1100 4 2500
6429 1296 4 10000
4469 1381 4 250000
4537 1458 4 500000
12025 1781 5 25000
3575 1024 4 10000
19709 1254 5 1250
16872 1849 5 5000
5504 1893 4 25000000
2781 1131 3 50000000
2368 1094 3 500000
4934 1792 4 10000000
5048 1536 4 1000000
7702 1944 4 1000000
2069 1286 3 5000000
2186 1152 3 1000000
1937 1176 3 100000000
4459 1280 4 100000
2642 1087 3 25000000
3974 1209 3 2000000
30174 1981 5 78125
3334 1094 3 500000
5960 1792 4 10000000
8458 1620 4 100000
6429 1792 4 10000000
6303 1944 4 1000000
6016 1125 4 25000
2652 1215 3 100000
4564 1792 4 10000000
2612 1478 3 50000000
6312 1637 4 2500000
6010 1024 4 10000
8283 1792 4 10000000
7222 1024 4 10000
13039 1620 5 10000
19464 1849 5 5000
6207 1792 4 10000000
6958 1536 4 1000000
6620 1944 4 1000000
7014 1893 4 25000000
7115 1024 4 10000
2719 1304 3 6250000
4925 1024 4 10000
5700 1458 4 500000
2041 1176 3 100000000
5743 1792 4 10000000
2301 1152 3 1000000
7330 1024 4 10000
9229 1296 4 10000
2341 1228 3 2500000
3901 1024 4 10000
2192 1131 3 50000000
4934 1296 4 10000
2183 1536 3 100000000
13038 1498 5 5000
19134 1301 5 400
2067 1131 3 50000000
6582 1424 4 25000
3149 1701 3 10000000
2489 1384 3 500000
2586 1131 3 50000000
6507 1536 4 1000000
6461 1717 4 200000
4379 1024 4 10000
6557 1491 4 40000
5191 1879 4 50000
5836 1198 4 5000
2760 1286 3 5000000
15874 1698 5 2500
6571 1522 4 50000
6196 1620 4 100000
2948 1944 3 100000000
2499 1797 3 25000000
5381 1101 4 20000
6154 1651 4 125000
8590 1944 4 1000000
6143 1970 4 50000000
5833 1522 4 50000
1905 1029 3 10000000
4401 1613 4 2000000
4556 1280 4 100000
5546 1846 4 500000
4719 1869 4 20000000
15466 1498 5 5000
1946 1029 3 10000000
2516 1536 3 100000000
3036 1724 3 12500000
5276 1003 4 1250
4561 1357 4 200000
45602 1889 6 400
8138 1518 4 6250
5106 1816 4 12500000
2619 1344 3 10000000
3328 1944 3 100000000
8277 1296 4 10000
3840 1627 3 5000000
2419 1228 3 2500000
4631 1714 4 5000000
2216 1152 3 1000000
2118 1478 3 50000000
5600 1458 4 500000
6009 1714 4 5000000
7061 1536 4 1000000
13130 1537 5 6250
6708 1600 4 10000
5106 1620 4 100000
6865 1522 4 50000
2198 1176 3 100000000
12525 1659 5 12500
7717 1893 4 25000000
4384 1296 4 10000
6408 1296 4 10000
5880 1358 4 15625
11420 1659 5 12500
1958 1029 3 10000000
12964 1849 5 5000
5204 1637 4 2500000
14796 1048 5 125
1853 1029 3 10000000
4863 1869 4 20000000
14355 1397 5 625
5489 1280 4 100000
1917 1344 3 10000000
2072 1401 3 20000000
4946 1600 4 10000
15883 1376 5 2500
5109 1792 4 10000000
5453 1600 4 10000
2193 1478 3 50000000
18569 1849 5 5000
25130 1980 6 2000
17908 1698 5 2500
4190 1296 4 10000
1706 1176 3 100000000
7336 1202 4 50000
5189 1048 4 12500
23957 1959 6 500
2187 1094 3 500000
5331 1118 4 625
33317 1988 6 200
5665 1651 4 125000
1219 1131 3 50000000
1618 1087 3 25000000
6963 1877 4 625000
2451 1344 3 10000000
6802 1483 4 625000
3268 1087 3 25000000
4512 1024 4 10000
6358 1024 4 10000
4968 1846 4 500000
5623 1620 4 100000
1920 1478 3 50000000
5752 1198 4 5000
6016 1620 4 100000
14667 1650 5 2000
7247 1970 4 50000000
6102 1320 4 2000
5064 1125 4 25000
15203 1254 5 1250
2782 1401 3 20000000
5522 1893 4 25000000
2513 1073 3 20000000
2295 1176 3 100000000
5096 1381 4 250000
42436 1980 6 2000
10906 1336 5 2000
6539 1620 4 100000
7556 1304 4 125000
11462 1336 5 2000
5343 1536 4 1000000
4672 1893 4 25000000
7654 1553 4 62500
6552 1637 4 2500000
6827 1100 4 2500
6222 1600 4 10000
5727 1780 4 312500
9400 1944 4 1000000
18921 1620 5 10000
41381 1904 6 160
3975 1280 4 100000
5097 1748 4 250000
1856 1176 3 100000000
4259 1024 4 10000
5222 1714 4 5000000
20014 1215 5 1000
1978 1176 3 100000000
3153 1165 3 62500
4373 1024 4 10000
7139 1198 4 5000
6428 1304 4 125000
3262 1944 3 100000000
2860 1554 3 2500000
7403 1024 4 10000
6232 1944 4 1000000
6101 1296 4 10000
6340 1620 4 100000
2789 1344 3 10000000
5524 1651 4 125000
8581 1869 4 20000000
15665 1849 5 5000
5270 1717 4 200000
6236 1815 4 400000
5356 1759 4 25000
5455 1780 4 312500
20181 1849 5 5000
