6153 1970 4 50000000
4878 1536 4 1000000
5986 1296 4 10000
2572 1536 3 100000000
8715 1588 4 80000
5653 1620 4 100000
9639 1280 4 100000
6551 1846 4 500000
2323 1286 3 5000000
5194 1483 4 625000
4891 1522 4 50000
12759 1903 5 50000
1384 1029 3 10000000
5069 1393 4 20000
5649 1970 4 50000000
10623 1620 4 100000
2286 1029 3 10000000
17700 1691 5 625
6033 1381 4 250000
10905 1498 5 5000
6650 1069 4 2000
5147 1296 4 10000
5860 1478 3 50000000
1799 1152 3 1000000
9437 1903 5 50000
13996 1903 5 50000
5368 1714 4 5000000
10531 1498 5 5000
20233 1048 5 125
6014 1877 4 625000
5672 1296 4 10000
12498 1781 5 25000
14230 1132 5 625
17813 1849 5 5000
9231 1780 4 312500
2167 1073 3 20000000
21399 1741 5 20000
2690 1701 3 10000000
5428 1478 3 50000000
1779 1094 3 500000
2136 1536 3 100000000
7077 1458 4 500000
6323 1296 4 10000
62034 1522 6 125
1946 1094 3 500000
4883 1100 4 2500
6531 1620 4 100000
8754 1296 4 10000
6698 1792 4 10000000
12456 1741 5 20000
16137 1397 5 625
8180 1397 4 3125
4970 1970 4 50000000
6938 1714 4 5000000
15792 1897 5 6250
4659 1100 4 2500
2697 1152 3 1000000
3144 1627 3 5000000
4370 1227 4 62500
5867 1327 4 12500
23825 1620 5 10000
4050 1024 4 10000
3262 1458 3 1000000
2496 1311 3 250000
5518 1714 4 5000000
15242 1537 5 6250
5779 1491 4 40000
19221 1650 5 2000
17868 1741 5 20000
4038 1024 4 10000
2122 1536 3 100000000
5418 1280 4 100000
18971 1781 5 25000
5988 1522 4 50000
4450 1970 4 50000000
10737 1498 5 5000
16922 1698 5 2500
4192 1620 4 100000
4704 1944 4 1000000
46804 1258 6 125
7774 1792 4 10000000
5099 1536 4 1000000
4851 1296 4 10000
17811 1000 5 100
4527 1202 4 50000
6149 1717 4 200000
4779 1280 4 100000
2093 1176 3 100000000
8798 1024 4 10000
11162 1296 4 10000
13198 1714 4 5000000
13537 1620 4 100000
8102 1522 4 50000
4211 1944 3 100000000
7348 1202 4 50000
8443 1296 4 10000
20992 1376 5 2500
5015 1846 4 500000
2474 1152 3 1000000
2013 1176 3 100000000
5592 1717 4 200000
1522 1176 3 100000000
5281 1600 4 10000
25725 1747 5 3125
46443 1438 6 250
5038 1846 4 500000
7665 1522 4 50000
10158 1500 5 1000
2182 1536 3 100000000
5975 1944 4 1000000
4625 1536 4 1000000
5563 1944 4 1000000
1665 1152 3 1000000
4264 1714 4 5000000
5534 1637 4 2500000
1504 1131 3 50000000
2402 1536 3 100000000
8749 1903 5 50000
2539 1036 3 250000
2355 1420 3 25000000
5280 1620 4 100000
5721 1458 4 500000
5216 1198 4 5000
4932 1620 4 100000
2529 1286 3 5000000
3519 1701 3 10000000
4909 1869 4 20000000
7041 1879 4 50000
5876 1198 4 5000
13939 1903 5 50000
2640 1152 3 1000000
2510 1536 3 100000000
6726 1944 4 1000000
1845 1094 3 500000
7005 1714 4 5000000
5240 1167 4 4000
34990 1677 6 625
6221 1662 4 3125000
7081 1536 4 1000000
14516 1537 5 6250
4726 1280 4 100000
1340 1176 3 100000000
5862 1024 4 10000
1732 1029 3 10000000
2043 1478 3 50000000
1862 1152 3 1000000
1538 1344 3 10000000
2207 1401 3 20000000
2133 1141 3 50000
18843 1620 5 10000
4458 1970 4 50000000
12815 1903 5 50000
2212 1087 3 25000000
2207 1152 3 1000000
5806 1846 4 500000
6842 1748 4 250000
5703 1620 4 100000
15344 1397 5 625
6954 1714 4 5000000
5315 1620 4 100000
4120 1304 4 125000
2329 1420 3 25000000
2585 1536 3 100000000
7999 1651 4 125000
9308 1879 4 50000
2850 1420 3 25000000
4572 1024 4 10000
17714 1650 5 2000
2230 1228 3 2500000
11533 1659 5 12500
4522 1970 4 50000000
6105 1600 4 10000
2130 1017 3 200000
4175 1970 4 50000000
5494 1458 4 500000
15693 1650 5 2000
4870 1458 4 500000
5128 1202 4 50000
1961 1152 3 1000000
4572 1101 4 20000
5541 1296 4 10000
4005 1202 4 50000
1832 1176 3 100000000
7337 1620 4 100000
2156 1536 3 100000000
13118 1537 5 6250
2152 1478 3 50000000
4194 1125 4 25000
6164 1536 4 1000000
2374 1131 3 50000000
2445 1176 3 100000000
2252 1478 3 50000000
2415 1536 3 100000000
6293 1202 4 50000
7612 1893 4 25000000
10988 1698 5 2500
5852 1100 4 2500
6567 1846 4 500000
14296 1620 5 10000
6147 1651 4 125000
4853 1304 4 125000
5780 1393 4 20000
2062 1094 3 500000
11064 1498 5 5000
2197 1152 3 1000000
2729 1536 3 100000000
12126 1620 5 10000
5432 1280 4 100000
5147 1970 4 50000000
13021 1698 5 2500
4767 1536 4 1000000
5190 1792 4 10000000
4136 1202 4 50000
2332 1311 3 250000
4457 1048 4 12500
2598 1944 3 100000000
6492 1522 4 50000
5133 1970 4 50000000
1997 1043 3 12500000
7717 1003 4 1250
20735 1781 5 25000
5654 1296 4 10000
8660 1100 4 2500
4320 1714 4 5000000
5389 1069 4 2000
4301 1458 4 500000
17165 1498 5 5000
16057 1849 5 5000
9492 1792 4 10000000
5195 1792 4 10000000
5986 1893 4 25000000
5589 1846 4 500000
5870 1536 4 1000000
18711 1903 5 50000
5193 1479 4 5000
11275 1849 5 5000
6155 1944 4 1000000
6401 1717 4 200000
4761 1198 4 5000
1953 1209 3 2000000
51021 1858 6 1250
3551 1202 4 50000
2146 1036 3 250000
6021 1296 4 10000
16075 1747 5 3125
12305 1376 5 2500
1936 1176 3 100000000
5663 1600 4 10000
33056 1677 6 625
2132 1478 3 50000000
