5494 1620 4 100000
8438 1536 4 1000000
3228 1724 3 12500000
6608 1125 4 25000
2020 1344 3 10000000
7764 1620 4 100000
5944 1296 4 10000
5921 1024 4 10000
3798 1554 3 2500000
4608 1792 4 10000000
5396 1846 4 500000
12462 1849 5 5000
4101 1024 4 10000
5683 1003 4 1250
1797 1029 3 10000000
10642 1620 5 10000
6977 1024 4 10000
2221 1152 3 1000000
8327 1620 4 100000
6074 1202 4 50000
63418 1740 6 250
5598 1620 4 100000
14003 1997 5 2000
15829 1376 5 2500
3725 1280 4 100000
6876 1280 4 100000
20108 1215 5 1000
12931 1349 5 500
2481 1362 3 12500000
6841 1522 4 50000
4880 1970 4 50000000
2094 1073 3 20000000
4156 1536 4 1000000
2042 1401 3 20000000
15712 1849 5 5000
5596 1522 4 50000
4816 1620 4 100000
6463 1100 4 2500
2258 1536 3 100000000
11395 1620 5 10000
6546 1620 4 100000
14095 1849 5 5000
5434 1970 4 50000000
19064 1620 5 10000
8493 1431 4 390625
7386 1690 4 4000000
11027 1741 5 20000
5434 1024 4 10000
4723 1357 4 200000
6745 1359 4 2500
4597 1714 4 5000000
5969 1944 4 1000000
8344 1620 4 100000
4911 1970 4 50000000
7889 1003 4 1250
4948 1620 4 100000
5181 1536 4 1000000
8383 1280 4 100000
6606 1714 4 5000000
12917 1548 5 1250
1930 1087 3 25000000
4498 1739 4 6250000
14721 1698 5 2500
7104 1024 4 10000
9259 1816 4 12500000
2056 1087 3 25000000
9225 1198 4 5000
13213 1093 5 500
4202 1869 4 20000000
4606 1073 4 15625
7708 1620 4 100000
7676 1296 4 10000
11321 1620 5 10000
5925 1792 4 10000000
7200 1479 4 5000
5476 1846 4 500000
7824 1944 4 1000000
4767 1100 4 2500
3975 1296 4 10000
2559 1420 3 25000000
4319 1714 4 5000000
6728 1620 4 100000
5836 1739 4 6250000
3925 1816 4 12500000
2826 1701 3 10000000
4636 1714 4 5000000
2699 1176 3 100000000
6698 1553 4 62500
13990 1254 5 1250
48719 1670 6 200
6128 1024 4 10000
11710 1132 5 625
4670 1536 4 1000000
4440 1714 4 5000000
6733 1714 4 5000000
5303 1536 4 1000000
6452 1198 4 5000
7407 1620 4 100000
2128 1286 3 5000000
8929 1327 4 12500
8139 1357 4 200000
4446 1280 4 100000
7473 1975 4 1250000
6832 1970 4 50000000
6633 1869 4 20000000
6725 1132 4 3125
7464 1846 4 500000
4141 1869 4 20000000
2368 1152 3 1000000
4932 1458 4 500000
5467 1620 4 100000
6193 1536 4 1000000
2001 1087 3 25000000
2355 1189 3 1562500
2223 1362 3 12500000
5860 1280 4 100000
2002 1094 3 500000
5093 1792 4 10000000
4954 1792 4 10000000
75045 1918 7 80
2181 1420 3 25000000
5786 1893 4 25000000
4747 1637 4 2500000
2103 1029 3 10000000
4381 1069 4 2000
2726 1228 3 2500000
4682 1024 4 10000
7051 1792 4 10000000
6988 1620 4 100000
7064 1069 4 2000
12077 1849 5 5000
5449 1720 4 20000
14177 1336 5 2000
5644 1811 4 390625
5620 1714 4 5000000
5064 1024 4 10000
4729 1393 4 20000
2158 1478 3 50000000
6743 1320 4 2000
2538 1304 3 6250000
2652 1536 3 100000000
13396 1397 5 625
4192 1869 4 20000000
7596 1620 4 100000
23250 1747 5 3125
5250 1613 4 2000000
16367 1849 5 5000
13473 1498 5 5000
7133 1637 4 2500000
2261 1304 3 6250000
13337 1849 5 5000
6585 1522 4 50000
7044 1893 4 25000000
6616 1620 4 100000
6550 1638 4 12500
5052 1600 4 10000
2994 1176 3 100000000
15866 1620 5 10000
6546 1717 4 200000
35955 1014 6 25
18079 1698 5 2500
5563 1522 4 50000
14202 1801 5 4000
11606 1215 5 1000
5636 1620 4 100000
2878 1536 3 100000000
1880 1228 3 2500000
5232 1893 4 25000000
14552 1500 5 1000
5485 1714 4 5000000
8581 1759 4 25000
6027 1975 4 1250000
6110 1620 4 100000
4863 1202 4 50000
15544 1376 5 2500
28153 1301 5 400
8505 1536 4 1000000
5543 1238 4 1250
1500 1029 3 10000000
5303 1024 4 10000
6645 1522 4 50000
12005 1741 5 20000
2340 1536 3 100000000
5261 1893 4 25000000
15496 1897 5 6250
7568 1381 4 250000
3979 1690 4 4000000
15425 1849 5 5000
4749 1280 4 100000
6368 1970 4 50000000
6444 1613 4 2000000
1839 1043 3 12500000
4554 1970 4 50000000
6323 1003 4 1250
2441 1458 3 1000000
6500 1024 4 10000
14267 1903 5 50000
12270 1620 5 10000
5526 1944 4 1000000
6439 1229 4 6250
6488 1970 4 50000000
4219 1816 4 12500000
1888 1176 3 100000000
2644 1176 3 100000000
2099 1029 3 10000000
5045 1280 4 100000
5170 1816 4 12500000
2161 1045 3 20000
8342 1522 4 50000
5756 1879 4 50000
6159 1620 4 100000
6115 1296 4 10000
21382 1620 5 10000
8392 1970 4 50000000
12637 1498 5 5000
8740 1479 4 5000
12497 1376 5 2500
5388 1280 4 100000
4798 1869 4 20000000
5228 1381 4 250000
5560 1522 4 50000
7394 1944 4 1000000
2734 1073 3 20000000
2458 1478 3 50000000
1788 1176 3 100000000
2459 1478 3 50000000
1804 1043 3 12500000
33880 1452 6 100
5496 1393 4 20000
14941 1903 5 50000
3228 1536 3 100000000
1724 1152 3 1000000
3866 1296 4 10000
4452 1406 4 312500
6851 1714 4 5000000
2111 1420 3 25000000
2499 1029 3 10000000
5785 1846 4 500000
4673 1522 4 50000
7996 1944 4 1000000
13303 1336 5 2000
5223 1536 4 1000000
4711 1296 4 10000
1671 1029 3 10000000
6074 1296 4 10000
5792 1748 4 250000
4547 1458 4 500000
2687 1170 3 1250000
5249 1296 4 10000
1978 1478 3 50000000
