18806 2874 5 12500000
15577 2430 5 1000000
5476 2048 4 100000000
17066 2420 5 10000
21865 2301 5 40000
29380 2685 6 5000
6545 2170 4 5000000
70849 2818 7 625
25445 2000 5 10000
28821 2400 6 10000
5941 2494 4 50000000
17209 2025 5 100000
37525 2400 6 10000
8478 2592 4 100000000
16793 2500 5 100000
21564 2361 5 8000
8119 2299 4 12500000
32927 2638 6 25000
5272 2048 4 100000000
22583 2548 5 125000
19684 2897 5 625000
13056 2849 5 500000
15436 2186 5 250000
35490 2904 6 10000
22390 2835 5 10000000
5834 2048 4 100000000
8380 2268 4 10000000
6052 2365 4 20000000
6514 2365 4 20000000
21644 2025 5 100000
44381 2107 6 800
15572 2349 5 50000
29570 2500 5 100000
16205 2849 5 500000
22315 2308 5 500000
19635 2420 5 10000
15202 2000 5 10000
34854 2396 6 2000
15827 2996 5 25000000
33831 2029 6 625
16395 2186 5 250000
7671 2592 4 100000000
16191 2500 5 100000
16717 2055 5 2500
25502 2038 6 2500
53508 2396 6 2000
8384 2170 4 5000000
10063 2120 4 200000
7675 2268 4 10000000
33990 2466 6 2500
7327 2299 4 12500000
49603 2219 6 5000
10063 2800 4 10000000
216886 2415 8 125
5880 2048 4 100000000
5083 2139 4 4000000
20247 2591 5 2500000
11950 2713 5 5000000
38120 2675 6 1250
6857 2592 4 100000000
5378 2592 4 100000000
12201 2430 5 1000000
4869 2041 4 2000000
37967 2178 6 1000
14727 2849 5 500000
18305 2000 5 10000
14357 2673 5 4000000
15047 2591 5 2500000
6954 2104 4 3125000
6113 2268 4 10000000
15034 2430 5 1000000
18033 2849 5 500000
8304 2170 4 5000000
8240 2268 4 10000000
17396 2500 5 100000
23165 2842 5 50000
17329 2025 5 100000
17378 2000 5 10000
8009 2000 4 100000
6918 2920 4 20000000
13553 2347 5 625000
13793 2430 5 1000000
112115 2623 7 1250
36966 2038 6 2500
13418 2551 5 2000000
18420 2500 5 100000
16010 2308 5 500000
15575 2956 5 20000000
5445 2592 4 100000000
136572 2366 7 100
6108 2396 4 25000000
5401 2048 4 100000000
7603 2920 4 20000000
21759 2025 5 100000
17598 2956 5 20000000
6773 2592 4 100000000
27316 2956 5 20000000
24710 2901 5 62500
8081 2120 4 200000
41418 2904 6 10000
15407 2996 5 25000000
5461 2048 4 100000000
7401 2268 4 10000000
16140 2397 5 62500
29183 2580 6 20000
5269 2048 4 100000000
225430 2997 8 400
27197 2186 5 250000
8527 2592 4 100000000
15997 2000 5 10000
34058 2029 6 625
9021 2494 4 50000000
14801 2874 5 12500000
14878 2469 5 1250000
8244 2072 4 2500000
14932 2349 5 50000
77273 2935 6 78125
14730 2849 5 500000
15466 2186 5 250000
12796 2000 5 10000
23350 2548 5 125000
14006 2000 5 10000
5972 2048 4 100000000
7679 2268 4 10000000
6624 2365 4 20000000
24249 2198 5 25000
20527 2237 5 5000
9535 2396 4 25000000
24720 2430 5 1000000
6643 2279 4 500000
40659 2615 6 4000
21920 2025 5 100000
7269 2494 4 50000000
20904 2849 5 500000
59767 2400 6 10000
16420 2500 5 100000
5835 2048 4 100000000
45171 2819 6 50000
13206 2500 5 100000
14687 2630 5 3125000
39005 2107 6 800
6765 2048 4 100000000
5995 2494 4 50000000
42204 2852 6 2000
255275 2997 8 400
8167 2400 4 1000000
6217 2048 4 100000000
25181 2596 5 156250
7959 2592 4 100000000
18643 2698 5 250000
68845 2878 7 2500
17378 2698 5 250000
58988 2904 6 10000
7719 2006 4 1562500
5492 2268 4 10000000
14722 2430 5 1000000
5293 2072 4 2500000
34566 2904 6 10000
39561 2685 6 5000
16810 2000 5 10000
19096 2420 5 10000
15814 2650 5 200000
43142 2396 6 2000
14844 2000 5 10000
12094 2500 5 100000
6476 2268 4 10000000
15162 2349 5 50000
18809 2996 5 25000000
7452 2396 4 25000000
14183 2996 5 25000000
176215 2192 8 80
36916 2904 6 10000
5744 2365 4 20000000
6221 2000 4 100000
16043 2000 5 10000
12765 2349 5 50000
15308 2025 5 100000
54123 2819 6 50000
16625 2000 5 10000
20314 2000 5 10000
24000 2996 5 25000000
60764 2038 6 2500
19947 2186 5 250000
39592 2638 6 25000
110495 2368 7 625
13940 2247 5 31250
16609 2000 5 10000
15096 2347 5 625000
5274 2299 4 12500000
6717 2800 4 10000000
6071 2365 4 20000000
12656 2698 5 250000
17768 2349 5 50000
21350 2000 5 10000
247362 2984 8 80
6658 2592 4 100000000
11882 2835 5 10000000
19486 2966 5 80000
17021 2025 5 100000
5017 2679 4 5000000
27213 2458 6 12500
4743 2592 4 100000000
15941 2430 5 1000000
5905 2170 4 5000000
5764 2041 4 2000000
19648 2420 5 10000
48954 2400 6 10000
21197 2591 5 2500000
21321 2025 5 100000
14493 2198 5 25000
39986 2904 6 10000
5335 2268 4 10000000
7578 2396 4 25000000
4474 2048 4 100000000
17559 2430 5 1000000
5530 2592 4 100000000
73389 2795 7 2000
6675 2396 4 25000000
48618 2466 6 2500
6335 2268 4 10000000
13053 2835 5 10000000
6682 2800 4 10000000
5076 2494 4 50000000
38402 2904 6 10000
16535 2500 5 100000
24513 2397 5 62500
12404 2849 5 500000
23565 2000 5 10000
14379 2430 5 1000000
34348 2161 6 4000
21282 2301 5 40000
13009 2308 5 500000
49918 2400 6 10000
5769 2072 4 2500000
37226 2904 6 10000
7816 2396 4 25000000
27849 2219 6 5000
6261 2048 4 100000000
35399 2466 6 2500
7879 2268 4 10000000
6185 2170 4 5000000
32434 2396 6 2000
5166 2592 4 100000000
5750 2041 4 2000000
72127 2960 7 3125
17540 2897 5 625000
9336 2048 4 100000000
243940 2997 8 400
33412 2029 6 625
51125 2038 6 2500
