13347 2000 5 10000
60501 2974 6 12500
14152 2025 5 100000
5541 2396 4 25000000
20238 2000 5 10000
6325 2592 4 100000000
6931 2048 4 100000000
16068 2000 5 10000
5814 2000 4 100000
22402 2430 5 1000000
20559 2500 5 100000
44493 2685 6 5000
14327 2000 5 10000
11385 2048 5 12500
17509 2150 5 20000
6356 2279 4 500000
5778 2048 4 100000000
6603 2048 4 100000000
11258 2064 5 125000
6090 2494 4 50000000
6990 2400 4 1000000
5792 2396 4 25000000
75311 2878 7 2500
15843 2849 5 500000
10998 2000 5 10000
5464 2592 4 100000000
9952 2279 4 500000
14068 2000 5 10000
20243 2849 5 500000
14017 2025 5 100000
13261 2308 5 500000
5576 2494 4 50000000
59791 2819 6 50000
5537 2396 4 25000000
5162 2048 4 100000000
12585 2430 5 1000000
17138 2849 5 500000
6899 2592 4 100000000
62345 2904 6 10000
4398 2268 4 10000000
6061 2494 4 50000000
6152 2000 4 100000
11057 2000 5 10000
53581 2904 6 10000
19152 2897 5 625000
7391 2559 4 2500000
14192 2946 5 781250
14579 2835 5 10000000
12199 2500 5 100000
10623 2800 4 10000000
35524 2685 6 5000
35548 2248 6 1250
5992 2299 4 12500000
11542 2592 4 100000000
14621 2835 5 10000000
20944 2713 5 5000000
5836 2592 4 100000000
10932 2048 5 12500
17561 2849 5 500000
6281 2494 4 50000000
23230 2301 5 40000
19010 2752 5 6250000
36023 2248 6 400
10857 2400 4 1000000
6682 2520 4 2000000
5854 2592 4 100000000
15066 2849 5 500000
14698 2752 5 6250000
34647 2904 6 10000
47385 2000 5 10000
25600 2000 5 10000
20070 2500 5 100000
8238 2592 4 100000000
13439 2591 5 2500000
6336 2006 4 1562500
14234 2849 5 500000
5353 2048 4 100000000
18299 2349 5 50000
21623 2025 5 100000
6252 2268 4 10000000
11356 2349 5 50000
112953 2818 7 625
12652 2308 5 500000
21332 2347 5 625000
12928 2150 5 20000
23471 2055 5 2500
16651 2451 5 80000
5145 2048 4 100000000
14575 2025 5 100000
5426 2494 4 50000000
13321 2308 5 500000
23110 2000 5 10000
13972 2146 5 200000
29530 2248 6 1250
111053 2541 7 1000
24552 2349 5 50000
17564 2946 5 781250
15306 2835 5 10000000
22583 2430 5 1000000
16063 2698 5 250000
110577 2795 7 2000
18257 2500 5 100000
16272 2650 5 200000
5480 2048 4 100000000
19819 2650 5 200000
52478 2904 6 10000
12414 2000 5 10000
18007 2025 5 100000
7487 2170 4 5000000
35345 2466 6 2500
24438 2000 5 10000
12833 2186 5 250000
8087 2268 4 10000000
5268 2494 4 50000000
8592 2170 4 5000000
5760 2048 4 100000000
6425 2494 4 50000000
40546 2904 6 10000
4550 2048 4 100000000
7193 2268 4 10000000
20941 2500 5 100000
5425 2170 4 5000000
5114 2048 4 100000000
14082 2996 5 25000000
17312 2537 5 15625
8234 2268 4 10000000
26122 2849 5 500000
31727 2038 6 2500
64368 2685 6 5000
15485 2308 5 500000
16195 2500 5 100000
21762 2551 5 2000000
13214 2025 5 100000
67078 2248 6 1250
5778 2104 4 3125000
5494 2041 4 2000000
14113 2713 5 5000000
9323 2139 4 4000000
7230 2494 4 50000000
13815 2698 5 250000
13924 2801 5 400000
13511 2500 5 100000
12734 2835 5 10000000
68696 2904 6 10000
15572 2301 5 40000
6524 2048 4 100000000
8519 2104 4 3125000
5184 2048 4 100000000
16382 2996 5 25000000
16733 2064 5 125000
5509 2268 4 10000000
5222 2592 4 100000000
46321 2466 6 2500
51865 2219 6 5000
15106 2420 5 10000
14920 2842 5 50000
12354 2146 5 200000
21537 2500 5 100000
7218 2494 4 50000000
4936 2268 4 10000000
7189 2268 4 10000000
119244 2795 7 2000
22731 2591 5 2500000
24323 2420 5 10000
12846 2025 5 100000
20142 2500 5 100000
34789 2466 6 2500
32597 2904 6 10000
6854 2365 4 20000000
22181 2400 6 10000
8462 2592 4 100000000
52125 2219 6 5000
26914 2698 5 250000
6337 2400 4 1000000
28687 2400 6 10000
5857 2592 4 100000000
5150 2048 4 100000000
25894 2198 5 25000
17835 2835 5 10000000
5949 2041 4 2000000
13805 2055 5 2500
13072 2430 5 1000000
5416 2268 4 10000000
14177 2835 5 10000000
5342 2592 4 100000000
4953 2494 4 50000000
5663 2592 4 100000000
7155 2048 4 100000000
6312 2048 4 100000000
9144 2048 4 100000000
16005 2835 5 10000000
8895 2159 4 250000
17804 2237 5 5000
41776 2685 6 5000
5435 2494 4 50000000
13372 2308 5 500000
16297 2025 5 100000
18839 2835 5 10000000
22154 2602 5 20000
14307 2500 5 100000
119118 2113 7 125
15277 2000 5 10000
51974 2400 6 10000
16597 2548 5 125000
14390 2602 5 20000
9088 2592 4 100000000
5516 2170 4 5000000
8130 2000 4 100000
14521 2713 5 5000000
29798 2819 6 50000
29788 2849 5 500000
6391 2201 4 6250000
15003 2237 5 5000
25162 2430 5 1000000
5114 2494 4 50000000
23283 2025 5 100000
7117 2048 4 100000000
5039 2592 4 100000000
48364 2852 6 2000
63340 2219 6 5000
6692 2365 4 20000000
14839 2713 5 5000000
15605 2835 5 10000000
75276 2795 7 2000
5711 2299 4 12500000
23805 2956 5 20000000
63567 2219 6 5000
7580 2592 4 100000000
19956 2713 5 5000000
14269 2430 5 1000000
27690 2660 5 25000
59315 2685 6 5000
16913 2551 5 2000000
29053 2186 5 250000
19916 2842 5 50000
62403 2904 6 10000
25391 2500 5 100000
15338 2186 5 250000
15296 2956 5 20000000
115671 2795 7 2000
24442 2186 5 250000
9156 2000 4 100000
14117 2308 5 500000
24983 2349 5 50000
25407 2548 5 125000
17171 2713 5 5000000
17885 2420 5 10000
6749 2048 4 100000000
18123 2500 5 100000
17358 2025 5 100000
