20165 2349 5 50000
14269 2048 5 12500
13244 2025 5 100000
8275 2494 4 50000000
16085 2064 5 125000
5724 2592 4 100000000
6927 2159 4 250000
10633 2640 4 4000000
80158 2466 6 2500
63269 2904 6 10000
8597 2800 4 10000000
51013 2038 6 2500
8720 2640 4 4000000
64993 2819 6 50000
40938 2029 6 625
16567 2349 5 50000
35436 2904 6 10000
12657 2500 5 100000
50650 2904 6 10000
41201 2396 6 2000
7104 2520 4 2000000
17689 2048 5 12500
8245 2592 4 100000000
8289 2400 4 1000000
14226 2500 5 100000
33808 2466 6 2500
20676 2951 5 800000
5599 2048 4 100000000
6002 2268 4 10000000
8867 2400 4 1000000
7532 2494 4 50000000
121825 2113 7 125
9383 2170 4 5000000
6074 2396 4 25000000
16791 2500 5 100000
20460 2996 5 25000000
49319 2038 6 2500
30812 2029 6 625
8141 2268 4 10000000
26084 2591 5 2500000
18511 2996 5 25000000
20231 2048 5 12500
6919 2268 4 10000000
5268 2494 4 50000000
19807 2301 5 40000
13394 2025 5 100000
12921 2186 5 250000
8726 2048 4 100000000
19653 2551 5 2000000
40924 2852 6 2000
33801 2400 6 10000
17250 2146 5 200000
14388 2500 5 100000
7029 2048 4 100000000
5428 2268 4 10000000
13428 2500 5 100000
37111 2396 6 2000
14091 2349 5 50000
56197 2458 6 12500
9694 2396 4 25000000
21641 2000 5 10000
7107 2041 4 2000000
6315 2592 4 100000000
30268 2400 6 10000
11759 2430 5 1000000
44780 2685 6 5000
8611 2077 4 156250
5963 2800 4 10000000
16823 2349 5 50000
8642 2048 4 100000000
6843 2438 4 1250000
35591 2685 6 5000
8214 2396 4 25000000
13898 2713 5 5000000
18987 2349 5 50000
10264 2025 5 100000
6073 2592 4 100000000
6406 2800 4 10000000
5030 2592 4 100000000
12257 2150 5 20000
15062 2186 5 250000
12549 2835 5 10000000
14638 2500 5 100000
6527 2592 4 100000000
5751 2170 4 5000000
10878 2592 4 100000000
67954 2615 6 4000
23481 2996 5 25000000
6679 2268 4 10000000
7932 2592 4 100000000
16790 2996 5 25000000
6969 2494 4 50000000
17464 2025 5 100000
17175 2500 5 100000
6785 2170 4 5000000
13968 2713 5 5000000
6877 2494 4 50000000
6218 2959 4 25000000
5747 2592 4 100000000
38056 2904 6 10000
18264 2835 5 10000000
10950 2835 5 10000000
25668 2580 6 20000
64408 2904 6 10000
15223 2500 5 100000
24897 2500 5 100000
19226 2849 5 500000
12764 2000 5 10000
55575 2819 6 50000
61787 2904 6 10000
5821 2072 4 2500000
13986 2186 5 250000
36483 2904 6 10000
20075 2500 5 100000
36191 2396 6 2000
16586 2673 5 4000000
25377 2400 6 10000
16341 2150 5 20000
6373 2048 4 100000000
15026 2000 5 10000
18127 2237 5 5000
60022 2638 6 25000
5591 2268 4 10000000
16612 2835 5 10000000
16903 2000 5 10000
60334 2537 6 3125
7270 2592 4 100000000
11230 2956 5 20000000
16300 2500 5 100000
64429 2615 6 4000
8773 2592 4 100000000
6552 2048 4 100000000
6231 2048 4 100000000
6511 2041 4 2000000
18772 2650 5 200000
13768 2673 5 4000000
18022 2478 5 12500
6671 2494 4 50000000
21347 2349 5 50000
29617 2537 6 3125
16397 2186 5 250000
6052 2048 4 100000000
6572 2800 4 10000000
22553 2308 5 500000
15037 2025 5 100000
145868 2720 7 500
13953 2430 5 1000000
12155 2400 4 1000000
15166 2349 5 50000
61004 2071 6 250
16887 2469 5 1250000
10296 2592 4 100000000
14567 2430 5 1000000
14112 2835 5 10000000
15194 2849 5 500000
45980 2096 6 3125
64658 2178 6 1000
16469 2025 5 100000
57713 2580 6 20000
7276 2592 4 100000000
7340 2268 4 10000000
5551 2494 4 50000000
4748 2268 4 10000000
5711 2170 4 5000000
13619 2150 5 20000
14482 2650 5 200000
6209 2041 4 2000000
5770 2268 4 10000000
52117 2685 6 5000
6014 2041 4 2000000
15616 2000 5 10000
13812 2996 5 25000000
38831 2904 6 10000
32791 2400 6 10000
6255 2494 4 50000000
44634 2685 6 5000
5846 2048 4 100000000
164358 2835 8 125
33500 2466 6 2500
12205 2630 5 3125000
27318 2996 5 25000000
37459 2904 6 10000
40926 2219 6 5000
21808 2500 5 100000
32109 2685 6 5000
19395 2025 5 100000
15052 2198 5 25000
14159 2430 5 1000000
7029 2170 4 5000000
32894 2179 5 4000
6305 2920 4 20000000
15063 2420 5 10000
36543 2755 6 6250
4162 2048 4 100000000
14046 2308 5 500000
71806 2852 6 2000
12454 2347 5 625000
7582 2048 4 100000000
6569 2679 4 5000000
6792 2000 4 100000
7143 2520 4 2000000
5498 2041 4 2000000
5949 2041 4 2000000
14057 2430 5 1000000
50866 2400 6 10000
13207 2430 5 1000000
21958 2500 5 100000
7896 2800 4 10000000
17083 2650 5 200000
6031 2357 4 781250
15108 2386 5 781250
6815 2679 4 5000000
6314 2268 4 10000000
4143 2048 4 100000000
14264 2849 5 500000
5620 2365 4 20000000
6323 2048 4 100000000
60683 2685 6 5000
6956 2400 4 1000000
6996 2365 4 20000000
39660 2685 6 5000
6853 2048 4 100000000
80674 2795 7 2000
15718 2198 5 25000
13273 2956 5 20000000
23918 2048 5 12500
38191 2685 6 5000
49918 2466 6 2500
66288 2415 6 625
13299 2349 5 50000
18000 2025 5 100000
18901 2000 5 10000
26664 2198 5 25000
7038 2048 4 100000000
6632 2592 4 100000000
4743 2170 4 5000000
44101 2819 6 50000
8246 2800 4 10000000
5911 2170 4 5000000
5890 2592 4 100000000
16746 2842 5 50000
12585 2835 5 10000000
15767 2500 5 100000
22740 2500 5 100000
23340 2835 5 10000000
5307 2072 4 2500000
14437 2849 5 500000
7184 2268 4 10000000
8350 2048 4 100000000
11369 2835 5 10000000
