14025 2451 5 80000
19950 2500 5 100000
5639 2048 4 100000000
30156 2237 5 5000
24212 2430 5 1000000
6577 2396 4 25000000
13540 2430 5 1000000
55960 2029 6 625
16500 2430 5 1000000
14759 2025 5 100000
6522 2170 4 5000000
5064 2000 4 100000
21011 2146 5 200000
40552 2904 6 10000
72065 2818 7 625
14229 2430 5 1000000
17305 2835 5 10000000
5917 2170 4 5000000
36725 2029 6 625
7780 2299 4 12500000
13847 2849 5 500000
14889 2956 5 20000000
13034 2713 5 5000000
12236 2349 5 50000
15440 2835 5 10000000
37053 2685 6 5000
58265 2466 6 2500
6451 2494 4 50000000
5420 2048 4 100000000
8665 2120 4 200000
8167 2592 4 100000000
93781 2878 7 2500
5791 2592 4 100000000
6098 2592 4 100000000
18051 2237 5 5000
5948 2592 4 100000000
8139 2920 4 20000000
15307 2996 5 25000000
8538 2268 4 10000000
7386 2396 4 25000000
41600 2675 6 1250
41955 2819 6 50000
6224 2365 4 20000000
15178 2349 5 50000
38383 2685 6 5000
15524 2849 5 500000
6752 2299 4 12500000
5971 2494 4 50000000
16746 2000 5 10000
18380 2849 5 500000
15715 2901 5 62500
6315 2000 4 100000
10351 2494 4 50000000
14139 2237 5 5000
4868 2396 4 25000000
37032 2400 6 10000
14095 2430 5 1000000
23608 2308 5 500000
33195 2248 6 1250
12686 2025 5 100000
71613 2904 6 10000
6445 2800 4 10000000
7805 2299 4 12500000
4781 2592 4 100000000
20831 2752 5 6250000
17188 2025 5 100000
6669 2041 4 2000000
13893 2296 5 6250
5905 2400 4 1000000
15999 2430 5 1000000
6923 2597 4 3125000
5553 2048 4 100000000
16339 2698 5 250000
13644 2430 5 1000000
6273 2592 4 100000000
61870 2029 6 625
13877 2801 5 400000
36342 2904 6 10000
14751 2025 5 100000
19226 2420 5 10000
11608 2308 5 500000
19424 2025 5 100000
11594 2592 4 100000000
6301 2920 4 20000000
17641 2650 5 200000
26862 2341 6 8000
65150 2466 6 2500
15608 2146 5 200000
10265 2469 5 1250000
13866 2430 5 1000000
12433 2430 5 1000000
15182 2420 5 10000
11739 2349 5 50000
7638 2494 4 50000000
19836 2500 5 100000
8801 2365 4 20000000
6328 2800 4 10000000
7079 2494 4 50000000
5391 2072 4 2500000
14890 2500 5 100000
14141 2349 5 50000
6650 2170 4 5000000
6407 2592 4 100000000
18248 2349 5 50000
27327 2400 6 10000
16831 2996 5 25000000
15223 2347 5 625000
14134 2025 5 100000
17835 2349 5 50000
6296 2201 4 6250000
6030 2268 4 10000000
18217 2000 5 10000
5043 2048 4 100000000
17141 2835 5 10000000
14858 2956 5 20000000
62541 2974 6 12500
15488 2835 5 10000000
16330 2835 5 10000000
32385 2685 6 5000
23101 2349 5 50000
5945 2048 4 100000000
17317 2713 5 5000000
13209 2198 5 25000
14888 2430 5 1000000
17559 2551 5 2000000
36574 2029 6 625
7431 2299 4 12500000
40216 2904 6 10000
13679 2198 5 25000
7752 2494 4 50000000
18055 2500 5 100000
15726 2000 5 10000
16529 2500 5 100000
32664 2038 6 2500
5123 2048 4 100000000
16825 2349 5 50000
4444 2048 4 100000000
5575 2048 4 100000000
24825 2500 5 100000
17695 2420 5 10000
13412 2247 5 31250
58467 2935 6 2500
6421 2396 4 25000000
16954 2055 5 2500
49352 2904 6 10000
6591 2268 4 10000000
6930 2268 4 10000000
25268 2956 5 20000000
10176 2201 4 6250000
9822 2494 4 50000000
23057 2000 5 10000
19384 2591 5 2500000
24965 2000 5 10000
14607 2397 5 62500
7647 2170 4 5000000
21020 2713 5 5000000
8054 2038 4 125000
25089 2500 5 100000
8679 2048 4 100000000
23827 2349 5 50000
9254 2592 4 100000000
6865 2494 4 50000000
6501 2396 4 25000000
36807 2877 6 62500
23497 2996 5 25000000
7496 2396 4 25000000
6793 2520 4 2000000
16063 2660 5 25000
20977 2025 5 100000
9319 2201 4 6250000
10146 2469 5 1250000
56662 2904 6 10000
10073 2592 4 100000000
24709 2842 5 50000
26136 2000 5 10000
58641 2685 6 5000
18948 2849 5 500000
6934 2592 4 100000000
17804 2198 5 25000
5070 2048 4 100000000
38527 2685 6 5000
33862 2819 6 50000
35499 2029 6 625
48952 2935 6 2500
10154 2996 5 25000000
7893 2006 4 1562500
17977 2237 5 5000
18250 2198 5 25000
70184 2878 7 2500
16544 2698 5 250000
19910 2186 5 250000
15891 2308 5 500000
5968 2592 4 100000000
33228 2516 6 15625
6459 2592 4 100000000
6505 2000 4 100000
13381 2430 5 1000000
20234 2956 5 20000000
16291 2000 5 10000
17991 2349 5 50000
64128 2960 7 3125
6454 2494 4 50000000
65147 2615 6 4000
17952 2500 5 100000
8060 2592 4 100000000
16524 2849 5 500000
68453 2904 6 10000
7552 2268 4 10000000
17861 2500 5 100000
41275 2904 6 10000
6820 2400 4 1000000
57223 2400 6 10000
14471 2500 5 100000
8663 2072 4 2500000
13868 2198 5 25000
25962 2146 5 200000
18100 2000 5 10000
15058 2500 5 100000
23452 2874 5 12500000
14219 2025 5 100000
19716 2469 5 1250000
37468 2400 6 10000
69148 2974 6 12500
7092 2041 4 2000000
33435 2420 5 10000
24304 2186 5 250000
21527 2835 5 10000000
7297 2201 4 6250000
15505 2874 5 12500000
24147 2048 5 12500
27174 2186 5 250000
14779 2650 5 200000
19306 2150 5 20000
6241 2494 4 50000000
204010 2415 8 125
21782 2842 5 50000
49424 2904 6 10000
16192 2500 5 100000
25263 2347 5 625000
7409 2559 4 2500000
12997 2430 5 1000000
12643 2025 5 100000
9270 2170 4 5000000
11065 2551 5 2000000
4803 2268 4 10000000
5814 2592 4 100000000
14232 2186 5 250000
17415 2747 5 312500
74115 2904 6 10000
5219 2048 4 100000000
