93797317 30000 15 100000
25340954 30983 13 4000000
42866016 30324 14 1000000
38790335 30324 14 1000000
82689039 30000 15 100000
31210036 30751 13 20000000
17581809 30056 13 100000000
39836072 30324 14 1000000
172549794 30000 15 100000
85365306 30324 14 1000000
31878427 30324 14 1000000
44665506 30228 14 250000
40279526 30324 14 1000000
55624196 30386 14 5000000
54760594 30228 14 250000
55572899 30324 14 1000000
57367243 30228 14 250000
42573564 30324 14 1000000
117670070 30000 15 100000
34581305 30324 14 1000000
44922692 30324 14 1000000
46242242 30228 14 250000
23191102 30983 13 4000000
17741359 30056 13 100000000
18280869 30056 13 100000000
32880572 30324 14 1000000
39518953 30324 14 1000000
125593656 30000 15 100000
59399564 30228 14 250000
42511335 30228 14 250000
95583762 30442 15 40000
41481919 30813 14 1250000
17943598 30025 13 2500000
90149825 30000 15 100000
59217043 30324 14 1000000
70582863 30324 14 1000000
108609417 30000 15 100000
45088614 30228 14 250000
48892541 30813 14 1250000
36440436 30324 14 1000000
39965474 30324 14 1000000
32303201 30324 14 1000000
87521765 30813 14 1250000
39065256 30228 14 250000
117341928 30000 15 100000
44636853 30813 14 1250000
37833907 30324 14 1000000
32359581 30324 14 1000000
17017662 30056 13 100000000
32164003 30324 14 1000000
24182913 30751 13 20000000
17798929 30751 13 20000000
37615531 30826 14 6250000
16597939 30751 13 20000000
28571335 30056 13 100000000
19641863 30751 13 20000000
108849691 30324 14 1000000
17152160 30751 13 20000000
49006900 30228 14 250000
23672731 30056 13 100000000
93076469 30000 15 100000
47346553 30324 14 1000000
77626112 30324 14 1000000
41055179 30324 14 1000000
74558994 30442 15 40000
41753124 30324 14 1000000
37924367 30324 14 1000000
47297042 30324 14 1000000
39191042 30813 14 1250000
140916662 30000 15 100000
92658711 30581 15 125000
19175695 30751 13 20000000
39672619 30386 14 5000000
41866719 30324 14 1000000
19519406 30056 13 100000000
64193449 30386 14 5000000
38374365 30056 13 100000000
73557548 30324 14 1000000
100042300 30000 15 100000
45105529 30228 14 250000
49681094 30386 14 5000000
60654350 30228 14 250000
36378989 30324 14 1000000
39603373 30324 14 1000000
83492519 30000 15 100000
23234851 30056 13 100000000
81585435 30000 15 100000
61395948 30228 14 250000
42749212 30228 14 250000
34202080 30324 14 1000000
23829834 30751 13 20000000
37540441 30386 14 5000000
103804461 30000 15 100000
84981221 30324 14 1000000
46724802 30324 14 1000000
70393257 30859 15 500000
59718106 30324 14 1000000
87193905 30813 14 1250000
53013203 30813 14 1250000
51904623 30324 14 1000000
39947698 30324 14 1000000
51292076 30813 14 1250000
33565028 30324 14 1000000
113661722 30581 15 125000
51447508 30324 14 1000000
47638140 30771 14 312500
43662391 30228 14 250000
32214488 30324 14 1000000
38719872 30228 14 250000
39845677 30324 14 1000000
36691460 30324 14 1000000
63110764 30386 14 5000000
34514257 30228 14 250000
38355798 30228 14 250000
61963742 30324 14 1000000
19569109 30751 13 20000000
54982922 30771 14 312500
120395305 30000 15 100000
19449764 30751 13 20000000
42977156 30813 14 1250000
31657095 30386 14 5000000
91387763 30000 15 100000
18848379 30751 13 20000000
37918615 30324 14 1000000
42276593 30228 14 250000
44045837 30324 14 1000000
126321705 30000 15 100000
43759550 30228 14 250000
53106396 30324 14 1000000
113068704 30000 15 100000
44241495 30228 14 250000
44088878 30228 14 250000
47898336 30826 14 6250000
35413914 30324 14 1000000
58841632 30813 14 1250000
43832784 30813 14 1250000
52874311 30813 14 1250000
13437678 30056 13 100000000
16916504 30056 13 100000000
33668108 30324 14 1000000
44961969 30324 14 1000000
32800399 30324 14 1000000
36405334 30324 14 1000000
49507589 30324 14 1000000
60227371 30386 14 5000000
89825738 30000 15 100000
24790047 30025 13 2500000
38228622 30324 14 1000000
39678231 30324 14 1000000
18903316 30025 13 2500000
42707710 30324 14 1000000
31457753 30386 14 5000000
57568325 30324 14 1000000
79467719 30581 15 125000
38882667 30324 14 1000000
94965034 30000 15 100000
48078132 30813 14 1250000
57598253 30324 14 1000000
47282022 30324 14 1000000
35633009 30771 14 312500
37937747 30324 14 1000000
31383678 30324 14 1000000
59899481 30324 14 1000000
16467874 30056 13 100000000
98793393 30000 15 100000
33290460 30386 14 5000000
48549593 30771 14 312500
42090334 30228 14 250000
56301070 30324 14 1000000
15760098 30025 13 2500000
155808661 30000 15 100000
21869061 30056 13 100000000
40926147 30386 14 5000000
49598041 30324 14 1000000
23133581 30056 13 100000000
40439105 30228 14 250000
50736324 30324 14 1000000
47809560 30324 14 1000000
34119060 30324 14 1000000
75468156 30324 14 1000000
44738218 30324 14 1000000
76604132 30000 15 100000
104155965 30000 15 100000
20601134 30751 13 20000000
43279843 30324 14 1000000
18584086 30751 13 20000000
22866764 30056 13 100000000
31284266 30386 14 5000000
56626548 30324 14 1000000
28901924 30386 14 5000000
80509626 30228 14 250000
41492932 30324 14 1000000
17466770 30056 13 100000000
100311570 30581 15 125000
17203404 30751 13 20000000
42033911 30771 14 312500
104356260 30000 15 100000
69473787 30324 14 1000000
39582237 30813 14 1250000
75574047 30000 15 100000
36689920 30324 14 1000000
38099585 30386 14 5000000
72210627 30000 15 100000
76576889 30386 14 5000000
21244186 30983 13 4000000
75407949 30000 15 100000
23094828 30751 13 20000000
142131271 30000 15 100000
49443021 30324 14 1000000
43232266 30771 14 312500
58339270 30324 14 1000000
49280646 30771 14 312500
37758560 30813 14 1250000
56074596 30228 14 250000
43917080 30324 14 1000000
35801569 30386 14 5000000
46501198 30324 14 1000000
37121160 30324 14 1000000
36990983 30324 14 1000000
19260952292 30386 14 5000000
18837023 30025 13 2500000
29818503 30324 14 1000000
51696986 30813 14 1250000
34138682 30056 13 100000000
45250409 30228 14 250000
34581391 30324 14 1000000
44621762 30324 14 1000000
32595023 30386 14 5000000
53381929 30771 14 312500
15021273 30056 13 100000000
70329490 30324 14 1000000
99659159 30000 15 100000
17101014 30056 13 100000000
23585156 30480 13 3125000
42210898 30228 14 250000
45935427 30813 14 1250000
149764836 30000 15 100000
51903656 30813 14 1250000
40107008 30324 14 1000000
94373217 30000 15 100000
21265492 30983 13 4000000
37045069 30324 14 1000000
41942365 30771 14 312500
14616715 30751 13 20000000
33333190 30324 14 1000000
37065076 30324 14 1000000
34447919 30228 14 250000
31562918 30324 14 1000000
60269137 30386 14 5000000
29543611 30324 14 1000000
