43647070 30324 14 1000000
70457284 30324 14 1000000
42657018 30324 14 1000000
17734797 30025 13 2500000
63342394 30826 14 6250000
80751177 30000 15 100000
47757338 30324 14 1000000
48512348 30386 14 5000000
12607936 30056 13 100000000
40479277 30324 14 1000000
76214255 30000 15 100000
41714123 30324 14 1000000
59226544 30324 14 1000000
39711963 30324 14 1000000
82630637 30386 14 5000000
94280562 30000 15 100000
45803489 30324 14 1000000
51360941 30228 14 250000
60597912 30324 14 1000000
70427514 30324 14 1000000
62297599 30324 14 1000000
21082590 30480 13 3125000
65247594 30228 14 250000
31156506 30324 14 1000000
37039345 30386 14 5000000
32260962 30228 14 250000
47105855 30324 14 1000000
35016291 30228 14 250000
21615516 30480 13 3125000
55503046 30324 14 1000000
56525619 30324 14 1000000
50625443 30324 14 1000000
40467114 30386 14 5000000
84044885 30442 15 40000
50664427 30324 14 1000000
158827398 30000 15 100000
77166942 30386 14 5000000
51627642 30324 14 1000000
39960741 30324 14 1000000
52189077 30228 14 250000
42845608 30324 14 1000000
19765066 30025 13 2500000
42799231 30228 14 250000
79258052 30000 15 100000
44183981 30324 14 1000000
55123252 30386 14 5000000
41990054 30324 14 1000000
37553691 30324 14 1000000
47381232 30228 14 250000
78513605 30000 15 100000
40112941 30324 14 1000000
35281056 30324 14 1000000
40970471 30324 14 1000000
48673254 30228 14 250000
112804260 30000 15 100000
82132748 30324 14 1000000
40406228 30324 14 1000000
16053048 30751 13 20000000
43739856 30228 14 250000
101956187 30000 15 100000
74027713 30324 14 1000000
34243262 30386 14 5000000
38929202 30228 14 250000
31103077 30386 14 5000000
39406413 30324 14 1000000
36402922 30324 14 1000000
21012377 30751 13 20000000
37343578 30324 14 1000000
92380850 30000 15 100000
68704335 30324 14 1000000
19893047 30056 13 100000000
18386845 30751 13 20000000
79741706 30581 15 125000
125195844 30581 15 125000
52258020 30228 14 250000
43838232 30228 14 250000
45004736 30228 14 250000
87790354 30335 15 400000
53737094 30813 14 1250000
42692831 30324 14 1000000
37057438 30228 14 250000
42099284 30324 14 1000000
44325679 30324 14 1000000
49254967 30324 14 1000000
47102055 30228 14 250000
21691520 30751 13 20000000
36520235 30056 13 100000000
37647133 30324 14 1000000
94455148 30000 15 100000
29060553 30025 13 2500000
40037345 30324 14 1000000
81005255 30000 15 100000
36264602 30324 14 1000000
74148564 30000 15 100000
52511051 30324 14 1000000
36706311 30324 14 1000000
183963538 30000 15 100000
19236753 30025 13 2500000
38099827 30228 14 250000
51052736 30324 14 1000000
45494604 30386 14 5000000
41977128 30324 14 1000000
33443108 30324 14 1000000
108093549 30000 15 100000
37616566 30324 14 1000000
44309802 30228 14 250000
42538046 30324 14 1000000
32974616 30324 14 1000000
36207639 30056 13 100000000
18228430 30751 13 20000000
150897886 30000 15 100000
35055748 30813 14 1250000
76958634 30000 15 100000
29786295 30751 13 20000000
38845343 30324 14 1000000
49395488 30386 14 5000000
48997778 30813 14 1250000
31673604 30324 14 1000000
76174117 30000 15 100000
40525775 30771 14 312500
14169848 30751 13 20000000
65350208 30324 14 1000000
20468937 30025 13 2500000
48846748 30813 14 1250000
18907366 30983 13 4000000
88404402 30581 15 125000
15376902 30056 13 100000000
39696353 30324 14 1000000
16801913 30025 13 2500000
60184753 30324 14 1000000
25419162 30751 13 20000000
37041329 30228 14 250000
46196441 30324 14 1000000
26445608 30025 13 2500000
86401829 30859 15 500000
23436794 30056 13 100000000
17275274 30751 13 20000000
128765128 30000 15 100000
49997765 30324 14 1000000
37876259 30386 14 5000000
56599308 30386 14 5000000
37069533 30228 14 250000
42856470 30228 14 250000
19963833 30025 13 2500000
46822486 30324 14 1000000
40489548 30324 14 1000000
19304883 30056 13 100000000
18172110 30056 13 100000000
36504396 30324 14 1000000
45545367 30228 14 250000
37156084 30324 14 1000000
17322143 30056 13 100000000
61983855 30324 14 1000000
82271491 30442 15 40000
91669291 30000 15 100000
57545091 30324 14 1000000
193147054 30000 15 100000
41611189 30324 14 1000000
39977386 30228 14 250000
41397599 30813 14 1250000
153222646 30000 15 100000
38277981 30324 14 1000000
31152456 30324 14 1000000
50804910 30324 14 1000000
43864139 30813 14 1250000
72567800 30000 15 100000
18126249 30983 13 4000000
37632962 30324 14 1000000
52041292 30324 14 1000000
44380812 30324 14 1000000
23275783 30751 13 20000000
91709639 30000 15 100000
89001389 30859 15 500000
20251837 30056 13 100000000
51661669 30324 14 1000000
133482147 30000 15 100000
70996908 30324 14 1000000
27560815 30025 13 2500000
37708931 30324 14 1000000
68495252 30813 14 1250000
157313149 30442 15 40000
84331967 30581 15 125000
42014461 30228 14 250000
21621786 30025 13 2500000
21035122 30025 13 2500000
88515118 30000 15 100000
34489774 30324 14 1000000
40609661 30324 14 1000000
53492958 30813 14 1250000
17413519 30025 13 2500000
83247040 30000 15 100000
20052554 30056 13 100000000
52082217 30324 14 1000000
131994540 30000 15 100000
15554654 30751 13 20000000
17086613 30056 13 100000000
66039758 30813 14 1250000
21113031 30751 13 20000000
35880554 30813 14 1250000
22032332 30025 13 2500000
86893663 30859 15 500000
49709918 30386 14 5000000
43068858 30324 14 1000000
53994067 30386 14 5000000
35225130 30324 14 1000000
33699745 30386 14 5000000
40571822 30324 14 1000000
83307498 30000 15 100000
43891887 30771 14 312500
31387613 30751 13 20000000
41109439 30324 14 1000000
31350206 30324 14 1000000
42764369 30324 14 1000000
79800154 30324 14 1000000
35883556 30324 14 1000000
35090650 30324 14 1000000
45281641 30228 14 250000
19371875217 30000 15 100000
118932392 30000 15 100000
48571934 30228 14 250000
41745533 30324 14 1000000
61660430 30324 14 1000000
77209693 30228 14 250000
21358232 30751 13 20000000
65414355 30826 14 6250000
54291337 30324 14 1000000
44087515 30324 14 1000000
44958824 30324 14 1000000
62355611 30826 14 6250000
57366662 30324 14 1000000
74670205 30386 14 5000000
20430252 30751 13 20000000
26723717 30751 13 20000000
57993422 30324 14 1000000
47941971 30324 14 1000000
41631557 30324 14 1000000
55180403 30324 14 1000000
28838576 30324 14 1000000
37889449 30324 14 1000000
72018216 30324 14 1000000
33606538 30324 14 1000000
36080015 30324 14 1000000
31811488 30324 14 1000000
96674951 30000 15 100000
88534538 30000 15 100000
69327526 30581 15 125000
31828127 30228 14 250000
26862774 30324 14 1000000
48129345 30324 14 1000000
46193035 30324 14 1000000
