52994290 30324 14 1000000
41255103 30228 14 250000
25317338 30751 13 20000000
58169207 30386 14 5000000
39202632 30324 14 1000000
25290687 30983 13 4000000
59375964 30324 14 1000000
45414495 30324 14 1000000
40461671 30324 14 1000000
80440318 30228 14 250000
19130841 30025 13 2500000
107845180 30000 15 100000
38566734 30324 14 1000000
18064425 30751 13 20000000
79189497 30000 15 100000
40218920 30324 14 1000000
45012661 30324 14 1000000
53940719 30771 14 312500
31747167 30386 14 5000000
36016386 30228 14 250000
28839083 30751 13 20000000
75842541 30324 14 1000000
48243183 30826 14 6250000
16200789 30056 13 100000000
36100462 30228 14 250000
33182889 30324 14 1000000
71621864 30771 14 312500
37152514 30324 14 1000000
36504518 30324 14 1000000
147336933 30000 15 100000
41869441 30324 14 1000000
24739333 30025 13 2500000
48544327 30813 14 1250000
56536774 30324 14 1000000
18067572 30751 13 20000000
36528905 30228 14 250000
37671572 30813 14 1250000
47661747 30813 14 1250000
32803148 30324 14 1000000
46958071 30324 14 1000000
103330385 30324 14 1000000
39161298 30324 14 1000000
44926442 30228 14 250000
42896948 30228 14 250000
50739186 30228 14 250000
42567702 30324 14 1000000
58248596 30813 14 1250000
20309770 30751 13 20000000
39102810 30228 14 250000
35741402 30324 14 1000000
81113415 30324 14 1000000
37407624 30813 14 1250000
12396298 30056 13 100000000
45780116 30324 14 1000000
67687268 30000 15 100000
15404643 30056 13 100000000
174731120 30000 15 100000
53065291 30324 14 1000000
34078375 30813 14 1250000
41984585 30324 14 1000000
42369031 30324 14 1000000
49428231 30386 14 5000000
55507294 30228 14 250000
111804827 30442 15 40000
60217184 30324 14 1000000
37426916 30228 14 250000
41104751 30228 14 250000
22123180 30025 13 2500000
46271737 30386 14 5000000
46594217 30228 14 250000
41335764 30324 14 1000000
15910489 30751 13 20000000
30064083 30813 14 1250000
61197605 30228 14 250000
31717884 30324 14 1000000
18351148 30751 13 20000000
34732980 30324 14 1000000
35158105 30228 14 250000
38262794 30228 14 250000
66991720 30324 14 1000000
19483365 30751 13 20000000
39148340 30324 14 1000000
39182989 30228 14 250000
56915685 30324 14 1000000
35684184 30324 14 1000000
20807251 30983 13 4000000
85408125 30000 15 100000
33775853 30324 14 1000000
45031896 30324 14 1000000
41155977 30324 14 1000000
26700107 30025 13 2500000
35036177 30813 14 1250000
36867883 30324 14 1000000
21497090 30751 13 20000000
15705061 30983 13 4000000
15299556 30056 13 100000000
55942246 30324 14 1000000
80808595 30324 14 1000000
81525641 30581 15 125000
46473480 30324 14 1000000
88690235 30000 15 100000
42619788 30324 14 1000000
72777315 30324 14 1000000
20340895 30751 13 20000000
63293021 30324 14 1000000
34876488 30228 14 250000
21484713 30056 13 100000000
66943448 30324 14 1000000
49355300 30813 14 1250000
25320736 30056 13 100000000
42743027 30324 14 1000000
30941784 30324 14 1000000
48717879 30228 14 250000
36074588 30324 14 1000000
21442736 30751 13 20000000
62289732 30771 14 312500
133843193 30000 15 100000
47936246 30228 14 250000
39515277 30228 14 250000
37498236 30324 14 1000000
52042909 30386 14 5000000
36873023 30324 14 1000000
131721813 30000 15 100000
110143112 30000 15 100000
37260868 30228 14 250000
52364096 30386 14 5000000
17020268 30751 13 20000000
35225277 30324 14 1000000
31109090 30751 13 20000000
19548789 30056 13 100000000
32553349 30324 14 1000000
17134274 30025 13 2500000
150912968 30000 15 100000
41971844 30813 14 1250000
32498779 30324 14 1000000
15895289 30056 13 100000000
46914739 30228 14 250000
127434197 30000 15 100000
83299516 30324 14 1000000
14919404 30056 13 100000000
81399574 30000 15 100000
54382270 30228 14 250000
62560599 30324 14 1000000
16618448 30056 13 100000000
15366484 30751 13 20000000
31849844 30813 14 1250000
25355869 30386 14 5000000
44721763 30228 14 250000
158148939 30000 15 100000
52722515 30324 14 1000000
54666923 30324 14 1000000
55422131 30324 14 1000000
35364289 30324 14 1000000
87579560 30000 15 100000
205307702 30000 15 100000
36784419 30228 14 250000
29335532 30324 14 1000000
38506466 30228 14 250000
49350005 30324 14 1000000
36922573 30324 14 1000000
18942131 30056 13 100000000
122031484 30581 15 125000
62274497 30324 14 1000000
34292174 30324 14 1000000
29690933 30324 14 1000000
107033990 30000 15 100000
30113189 30386 14 5000000
49140354 30813 14 1250000
33817102 30324 14 1000000
36000155 30324 14 1000000
44280927 30813 14 1250000
40769628 30324 14 1000000
57497059 30813 14 1250000
52981326 30228 14 250000
95991046 30000 15 100000
69901793 30324 14 1000000
36119170 30324 14 1000000
37627272 30324 14 1000000
44712378 30771 14 312500
33088483 30813 14 1250000
17889788 30025 13 2500000
44605486 30386 14 5000000
63205733 30228 14 250000
83532603 30000 15 100000
94396900 30000 15 100000
21360812 30025 13 2500000
164550475 30000 15 100000
44693235 30324 14 1000000
46210771 30228 14 250000
21322323 30025 13 2500000
77991584 30000 15 100000
34438289 30324 14 1000000
20665482 30056 13 100000000
40459525 30228 14 250000
40307259 30324 14 1000000
18012167 30056 13 100000000
40450243 30228 14 250000
35858888 30324 14 1000000
15688343 30751 13 20000000
53892279 30813 14 1250000
19129722 30025 13 2500000
39341940 30228 14 250000
32019260 30324 14 1000000
61148973 30324 14 1000000
38322570 30324 14 1000000
35577734 30228 14 250000
45235554 30324 14 1000000
65933896 30324 14 1000000
37261744 30228 14 250000
84846352 30859 15 500000
25307053 30025 13 2500000
13957350 30056 13 100000000
35866646 30324 14 1000000
43496652 30813 14 1250000
35640198 30324 14 1000000
90978893 30000 15 100000
52816996 30324 14 1000000
85970012 30000 15 100000
74311539 30000 15 100000
41478131 30324 14 1000000
80842631 30279 15 390625
17092493 30025 13 2500000
38582335 30813 14 1250000
49949450 30324 14 1000000
37538240 30324 14 1000000
42574500 30228 14 250000
42584141 30324 14 1000000
164133878 30000 15 100000
19266394193 30228 14 250000
35796104 30324 14 1000000
140800660 30581 15 125000
34401111 30324 14 1000000
77802805 30813 14 1250000
37531979 30324 14 1000000
37542502 30324 14 1000000
34980640 30324 14 1000000
34760505 30324 14 1000000
89265466 30324 14 1000000
26812277 30056 13 100000000
35524427 30324 14 1000000
59321196 30228 14 250000
45967497 30324 14 1000000
52137215 30771 14 312500
26996607 30324 14 1000000
103638516 30771 14 312500
87733123 30859 15 500000
35260857 30826 14 6250000
35773754 30228 14 250000
32092033 30324 14 1000000
66430172 30324 14 1000000
