37092157 30813 14 1250000
38919959 30324 14 1000000
24618740 30751 13 20000000
39646260 30324 14 1000000
22202348 30056 13 100000000
69145443 30000 15 100000
44740747 30228 14 250000
48708956 30324 14 1000000
91275909 30859 15 500000
53175071 30324 14 1000000
21627739 30025 13 2500000
24039718 30025 13 2500000
36882057 30324 14 1000000
62936380 30324 14 1000000
42700419 30324 14 1000000
49322928 30324 14 1000000
180945138 30000 15 100000
133958662 30000 15 100000
16369321 30751 13 20000000
167723427 30000 15 100000
72224584 30324 14 1000000
41342762 30324 14 1000000
43430699 30324 14 1000000
40328578 30324 14 1000000
19662163 30751 13 20000000
46544287 30228 14 250000
79458611 30324 14 1000000
73167837 30228 14 250000
43937090 30324 14 1000000
30759031 30324 14 1000000
14066303 30751 13 20000000
44586157 30324 14 1000000
23262667 30751 13 20000000
37234442 30324 14 1000000
19496569 30056 13 100000000
33897612 30826 14 6250000
55584519 30324 14 1000000
17931864 30751 13 20000000
31826673 30056 13 100000000
79574813 30000 15 100000
31278473 30228 14 250000
20178632 30025 13 2500000
38235001 30324 14 1000000
19033233 30056 13 100000000
31592990 30771 14 312500
43360394 30324 14 1000000
132694283 30000 15 100000
40881641 30324 14 1000000
81480243 30324 14 1000000
53236487 30324 14 1000000
49795438 30228 14 250000
57105407 30324 14 1000000
20329285 30025 13 2500000
33149686 30751 13 20000000
29317326 30324 14 1000000
22820785 30025 13 2500000
12601866 30056 13 100000000
46006273 30228 14 250000
50168302 30324 14 1000000
40313968 30324 14 1000000
37696966 30228 14 250000
42221501 30813 14 1250000
42687904 30228 14 250000
45518016 30324 14 1000000
83751153 30000 15 100000
39815154 30813 14 1250000
61904527 30324 14 1000000
96932681 30859 15 500000
47620394 30228 14 250000
39586259 30324 14 1000000
20345479 30025 13 2500000
33004711 30324 14 1000000
36272619 30324 14 1000000
18769361 30056 13 100000000
57103968 30324 14 1000000
35372831 30813 14 1250000
21236067 30751 13 20000000
80928292 30000 15 100000
46285299 30324 14 1000000
16921089 30751 13 20000000
18681079 30056 13 100000000
45108081 30324 14 1000000
36628710 30228 14 250000
77193957 30000 15 100000
47574971 30324 14 1000000
65876696 30324 14 1000000
43702810 30324 14 1000000
31244322 30813 14 1250000
25875744 30751 13 20000000
18343525 30056 13 100000000
49309602 30324 14 1000000
39333176 30324 14 1000000
139088620 30000 15 100000
42074160 30228 14 250000
44008953 30228 14 250000
150743351 30000 15 100000
51190469 30324 14 1000000
90472993 30000 15 100000
41629844 30228 14 250000
24044487 30480 13 3125000
38131959 30324 14 1000000
38180307 30324 14 1000000
46707259 30324 14 1000000
42437923 30228 14 250000
35821805 30386 14 5000000
50247958 30386 14 5000000
40150340 30228 14 250000
30748028 30324 14 1000000
167468861 30000 15 100000
76305513 30859 15 500000
20342469 30751 13 20000000
36623570 30324 14 1000000
166206488 30000 15 100000
53543550 30813 14 1250000
188563711 30859 15 500000
19941162 30751 13 20000000
47171231 30324 14 1000000
249112621 30859 15 500000
18683271 30751 13 20000000
19628814 30025 13 2500000
56494164 30324 14 1000000
40747743 30228 14 250000
32341879 30324 14 1000000
33733172 30324 14 1000000
44533742 30228 14 250000
30713006 30324 14 1000000
68776301 30813 14 1250000
51258864 30813 14 1250000
25406764 30025 13 2500000
37182835 30324 14 1000000
79612314 30000 15 100000
81606494 30324 14 1000000
15219375 30056 13 100000000
68820919 30581 15 125000
55740096 30386 14 5000000
30325948 30324 14 1000000
38034288 30813 14 1250000
92715793 30581 15 125000
37576039 30324 14 1000000
97464642 30000 15 100000
60141335 30000 15 100000
45431955 30228 14 250000
48247106 30324 14 1000000
54161327 30324 14 1000000
19949291 30025 13 2500000
40375168 30813 14 1250000
77969586 30813 14 1250000
41966317 30751 13 20000000
42871450 30324 14 1000000
118391132 30000 15 100000
16392096 30056 13 100000000
60138814 30386 14 5000000
35755800 30056 13 100000000
48705523 30386 14 5000000
60756336 30813 14 1250000
41108090 30324 14 1000000
14741008 30056 13 100000000
70704660 30228 14 250000
161493928 30000 15 100000
36179144 30324 14 1000000
46071461 30771 14 312500
13760895 30056 13 100000000
39708558 30228 14 250000
121191835 30000 15 100000
15309297 30751 13 20000000
35667074 30228 14 250000
32540068 30324 14 1000000
145015373 30859 15 500000
45494137 30813 14 1250000
33668403 30324 14 1000000
167156420 30000 15 100000
77755047 30859 15 500000
49000617 30813 14 1250000
31129183 30324 14 1000000
41054943 30228 14 250000
28525577 30324 14 1000000
50334309 30386 14 5000000
62850571 30386 14 5000000
33596386 30324 14 1000000
75284451 30000 15 100000
36495422 30324 14 1000000
19758176 30056 13 100000000
51700310 30324 14 1000000
11678307 30056 13 100000000
40656566 30813 14 1250000
28360415 30025 13 2500000
62315062 30324 14 1000000
165958955 30000 15 100000
20054880 30983 13 4000000
37117475 30324 14 1000000
45922852 30324 14 1000000
38585375 30324 14 1000000
43248194 30228 14 250000
42635405 30025 13 2500000
90151726 30859 15 500000
34637247 30813 14 1250000
27014160 30480 13 3125000
36980341 30324 14 1000000
19377933 30751 13 20000000
38011431 30228 14 250000
39233978 30228 14 250000
24893609 30751 13 20000000
36963886 30324 14 1000000
35801208 30324 14 1000000
36833782 30324 14 1000000
34395782 30324 14 1000000
34203454 30025 13 2500000
30002511 30025 13 2500000
43187733 30228 14 250000
37087472 30324 14 1000000
42203706 30228 14 250000
25656165 30025 13 2500000
14507316 30056 13 100000000
200641405 30000 15 100000
44398299 30324 14 1000000
42048378 30826 14 6250000
73446328 30000 15 100000
80191613 30000 15 100000
19265792777 30324 14 1000000
36490998 30324 14 1000000
44579256 30228 14 250000
37791639 30324 14 1000000
20269544 30025 13 2500000
36219512 30324 14 1000000
26328800 30751 13 20000000
20233262 30751 13 20000000
27598909 30813 14 1250000
45964719 30228 14 250000
45492736 30228 14 250000
40303677 30228 14 250000
11584972 30056 13 100000000
17439846 30056 13 100000000
73308692 30000 15 100000
38054610 30228 14 250000
38836559 30324 14 1000000
45991530 30228 14 250000
50658845 30228 14 250000
62693944 30324 14 1000000
113838768 30000 15 100000
17189636 30025 13 2500000
20144497 30751 13 20000000
40666234 30324 14 1000000
28968248 30056 13 100000000
61914808 30324 14 1000000
40058833 30324 14 1000000
57587838 30000 15 100000
45025903 30324 14 1000000
99874410 30442 15 40000
44602239 30324 14 1000000
35722084 30324 14 1000000
