17040 3198 5 2500000
94068 3425 7 2500
30257 3000 6 100000
25327 3180 6 200000
27558 3349 5 5000000
34514 3700 6 125000
60103 3456 6 10000
35255 3630 6 100000
32431 3000 6 100000
16330 3698 5 25000000
17445 3000 5 1000000
21095 3500 5 10000000
81022 3327 7 2000
37617 3780 6 2000000
17388 3000 5 1000000
34326 3600 6 1000000
24337 3118 5 50000000
41849 3630 6 100000
11960 3048 5 1250000
14560 3500 5 10000000
29253 3419 6 500000
23849 3630 5 1000000
13981 3349 5 5000000
47803 3838 6 2500000
84977 3425 7 2500
17297 3349 5 5000000
13516 3500 5 10000000
33047 3838 6 2500000
17589 3025 5 100000
28574 3600 6 1000000
145884 3121 7 1250
88432 3826 7 6250
14036 3849 5 50000000
57117 3535 6 781250
17119 3548 5 12500000
38600 3419 6 500000
18929 3349 5 5000000
19006 3500 5 10000000
44553 3716 6 20000
14067 3118 5 50000000
58797 3918 6 250000
65571 3477 6 625000
51255 3918 6 250000
88975 3327 7 2000
36461 3918 6 250000
5953 3079 4 50000000
71268 3195 6 5000
22249 3349 5 5000000
16916 3198 5 2500000
17324 3118 5 50000000
17574 3150 5 2000000
23000 3349 5 5000000
86044 3728 7 5000
18291 3083 5 125000
14124 3240 5 100000000
27022 3447 5 500000
104927 3728 7 5000
17567 3000 5 1000000
16815 3650 5 20000000
45464 3630 6 100000
45013 3192 6 25000
15563 3118 5 50000000
16245 3349 5 5000000
7682 3200 4 100000000
53729 3419 6 500000
18050 3349 5 5000000
26124 3849 5 50000000
26591 3240 5 100000000
24388 3240 5 100000000
33121 3848 6 200000
19003 3650 5 20000000
12844 3240 5 100000000
89444 3905 7 2000
18861 3000 5 1000000
18666 3349 5 5000000
17882 3349 5 5000000
22281 3849 5 50000000
44825 3630 6 100000
35996 3600 6 1000000
34285 3630 6 100000
90313 3327 7 2000
16609 3000 5 1000000
29322 3349 5 5000000
38489 3630 6 100000
19395 3349 5 5000000
24774 3240 5 100000000
12509 3849 5 50000000
19167 3349 5 5000000
19499 3150 5 2000000
279938 3780 8 625
24714 3600 6 1000000
35075 3477 6 625000
39732 3000 6 100000
16673 3500 5 10000000
244733 3567 8 1250
21986 3500 5 10000000
14924 3240 5 100000000
6055 3200 4 100000000
15737 3240 5 100000000
16918 3000 5 1000000
18184 3000 5 1000000
20280 3000 5 1000000
57639 3848 6 200000
45727 3630 6 100000
37544 3630 6 100000
14532 3240 5 100000000
21708 3849 5 50000000
36221 3630 6 100000
46783 3630 6 100000
111955 3133 7 5000
33192 3238 6 250000
28343 3500 5 10000000
41927 3630 6 100000
26221 3849 5 50000000
84959 3725 7 25000
99207 3728 7 5000
18095 3247 5 3125000
49953 3192 6 25000
62944 3918 6 250000
20833 3500 5 10000000
106625 3327 7 2000
15998 3500 5 10000000
14153 3240 5 100000000
44561 3263 6 31250
80068 3728 7 5000
68732 3388 7 10000
57553 3180 6 200000
7322 3079 4 50000000
17606 3240 5 100000000
9292 3240 5 100000000
262052 3649 8 500
17067 3048 5 1250000
98552 3728 7 5000
36930 3700 6 125000
21612 3447 5 500000
12869 3349 5 5000000
16333 3849 5 50000000
18281 3000 5 1000000
14177 3630 5 1000000
43044 3989 6 312500
17158 3118 5 50000000
97646 3728 7 5000
190429 3802 8 2000
18927 3849 5 50000000
18625 3650 5 20000000
26402 3630 5 1000000
14591 3118 5 50000000
94532 3121 7 1250
20952 3630 5 1000000
72124 3630 6 100000
16338 3240 5 100000000
22052 3198 5 2500000
17763 3118 5 50000000
21944 3650 5 20000000
93864 3425 7 2500
24117 3630 5 1000000
20960 3500 5 10000000
45599 3195 6 5000
15467 3198 5 2500000
63071 3716 6 20000
119640 3434 7 800
23280 3349 5 5000000
30638 3500 5 10000000
44343 3630 6 100000
34603 3500 5 10000000
87781 3425 7 2500
123593 3980 7 50000
135891 3327 7 2000
14242 3000 5 1000000
15562 3650 5 20000000
46311 3700 6 125000
17485 3500 5 10000000
19212 3650 5 20000000
24347 3198 5 2500000
31495 3630 6 100000
120210 3549 7 1000
7962 3200 4 100000000
172526 3121 7 1250
26295 3849 5 50000000
17491 3500 5 10000000
57350 3481 6 62500
16237 3000 5 1000000
138500 3121 7 1250
21312 3240 5 100000000
18009 3349 5 5000000
16913 3240 5 100000000
33533 3500 5 10000000
21553 3150 5 2000000
19471 3118 5 50000000
17645 3118 5 50000000
53406 3195 6 5000
154352 3663 7 1250
95323 3327 7 2000
35860 3048 5 1250000
113908 3728 7 5000
38609 3630 6 100000
18520 3548 5 12500000
35359 3600 6 1000000
48372 3600 6 1000000
41557 3630 6 100000
51447 3456 6 10000
33934 3500 5 10000000
23029 3630 5 1000000
63109 3192 6 25000
72144 3600 6 1000000
109310 3024 7 1000
19956 3349 5 5000000
14740 3118 5 50000000
20170 3048 5 1250000
91983 3918 6 250000
19523 3025 5 100000
24743 3698 5 25000000
21513 3349 5 5000000
23418 3698 5 25000000
71645 3195 6 5000
48668 3456 6 10000
19259 3630 5 1000000
26249 3240 5 100000000
57413 3044 6 15625
9343 3200 4 100000000
25466 3207 5 200000
70729 3477 6 625000
52831 3600 6 1000000
19647 3500 5 10000000
50116 3799 6 25000
19609 3849 5 50000000
18722 3349 5 5000000
16426 3349 5 5000000
21206 3118 5 50000000
22408 3500 5 10000000
24009 3349 5 5000000
20889 3025 5 100000
19788 3650 5 20000000
18550 3118 5 50000000
24143 3812 5 2000000
43035 3456 6 10000
19553 3500 5 10000000
17247 3849 5 50000000
25803 3118 5 50000000
17640 3500 5 10000000
86287 3327 7 2000
28830 3198 5 2500000
44584 3630 6 100000
17564 3447 5 500000
20044 3118 5 50000000
11318 3200 4 100000000
33670 3630 6 100000
41058 3918 6 250000
35182 3698 5 25000000
17403 3630 5 1000000
