31377 3198 5 2500000
96672 3728 7 5000
52260 3623 6 15625
8761 3200 4 100000000
13934 3849 5 50000000
48913 3411 6 50000
19674 3389 5 400000
24652 3118 5 50000000
20196 3349 5 5000000
90396 3456 6 10000
25220 3025 5 100000
10267 3200 4 100000000
8689 3200 4 100000000
93403 3121 7 1250
14446 3240 5 100000000
44129 3848 6 200000
21361 3698 5 25000000
41457 3456 6 10000
25669 3240 5 100000000
88136 3388 7 10000
22605 3240 5 100000000
14329 3500 5 10000000
23763 3150 5 2000000
16724 3118 5 50000000
18036 3500 5 10000000
108594 3905 7 2000
24229 3025 5 100000
28038 3240 5 100000000
16676 3265 5 250000
53412 3481 6 62500
65828 3411 6 50000
14429 3025 5 100000
46924 3481 6 62500
46217 3456 6 10000
17441 3349 5 5000000
34671 3500 5 10000000
21619 3240 5 100000000
19437 3240 5 100000000
53512 3195 6 5000
20996 3349 5 5000000
22723 3500 5 10000000
88171 3133 7 5000
14683 3500 5 10000000
19857 3500 5 10000000
8323 3079 4 50000000
18615 3349 5 5000000
48703 3600 6 1000000
20908 3698 5 25000000
91509 3630 6 100000
22300 3397 5 6250000
23710 3630 5 1000000
29060 3500 5 10000000
19355 3025 5 100000
51482 3989 6 312500
55613 3192 6 25000
87334 3388 7 10000
46815 3481 6 62500
13375 3500 5 10000000
19338 3849 5 50000000
34247 3500 5 10000000
27779 3500 5 10000000
16152 3000 5 1000000
79919 3630 6 100000
16000 3500 5 10000000
15864 3150 5 2000000
8997 3200 4 100000000
12898 3349 5 5000000
26945 3630 5 1000000
17135 3000 5 1000000
8620 3200 4 100000000
14832 3118 5 50000000
18659 3048 5 1250000
25326 3025 5 100000
32020 3240 5 100000000
28256 3600 6 1000000
25568 3240 5 100000000
30279 3849 5 50000000
18939 3240 5 100000000
19509 3500 5 10000000
18046 3000 5 1000000
17519 3698 5 25000000
20141 3447 5 500000
24210 3650 5 20000000
40968 3630 6 100000
22161 3000 5 1000000
123990 3642 7 20000
36403 3000 5 1000000
135623 3327 7 2000
20482 3000 5 1000000
18958 3506 5 625000
23973 3849 5 50000000
57075 3456 6 10000
27678 3447 5 500000
22004 3500 5 10000000
59460 3700 6 125000
21005 3150 5 2000000
85473 3388 7 10000
22017 3548 5 12500000
17596 3150 5 2000000
19595 3240 5 100000000
19447 3500 5 10000000
53893 3630 6 100000
18956 3025 5 100000
109405 3549 7 1000
107419 3425 7 2500
83743 3327 7 2000
110292 3121 7 1250
15574 3000 5 1000000
23488 3207 5 200000
43776 3481 6 62500
21952 3698 5 25000000
81538 3725 7 25000
8160 3079 4 50000000
16910 3118 5 50000000
43387 3630 6 100000
39558 3630 6 100000
65173 3238 6 250000
38255 3630 6 100000
20656 3000 5 1000000
17739 3000 5 1000000
18119 3500 5 10000000
111938 3121 7 1250
88807 3728 7 5000
84816 3425 7 2500
18275 3240 5 100000000
20297 3118 5 50000000
80718 3799 6 25000
14093 3240 5 100000000
14491 3500 5 10000000
19635 3000 5 1000000
17363 3198 5 2500000
13437 3118 5 50000000
23307 3500 5 10000000
80652 3549 7 1000
16355 3650 5 20000000
21234 3500 5 10000000
18144 3698 5 25000000
31092 3630 6 100000
19023 3548 5 12500000
34459 3630 6 100000
54183 3122 6 20000
16042 3240 5 100000000
62064 3600 6 1000000
16340 3698 5 25000000
122801 3549 7 1000
43200 3192 6 25000
20431 3500 5 10000000
40123 3630 6 100000
40666 3058 6 125000
17152 3349 5 5000000
20596 3849 5 50000000
19609 3000 5 1000000
16395 3650 5 20000000
15199 3240 5 100000000
75065 3980 7 50000
60738 3481 6 62500
57495 3000 6 100000
13713 3000 5 1000000
94602 3078 7 400
15953 3240 5 100000000
17366 3240 5 100000000
21646 3198 5 2500000
14532 3849 5 50000000
63162 3419 6 500000
269865 3456 8 1000
53229 3000 6 100000
35960 3000 6 100000
30145 3118 5 50000000
19605 3447 5 500000
16410 3240 5 100000000
21331 3500 5 10000000
276178 3136 8 100
109012 3728 7 5000
17624 3698 5 25000000
19802 3150 5 2000000
21575 3650 5 20000000
17842 3349 5 5000000
7229 3200 4 100000000
18957 3849 5 50000000
18203 3000 5 1000000
110314 3327 7 2000
61173 3058 6 125000
21023 3397 5 6250000
100746 3425 7 2500
16106 3000 5 1000000
15204 3000 5 1000000
92872 3024 7 1000
17337 3349 5 5000000
107379 3728 7 5000
35214 3019 6 3125
60639 3470 7 12500
14171 3000 5 1000000
26709 3000 6 100000
16064 3240 5 100000000
17644 3849 5 50000000
17753 3500 5 10000000
52366 3000 6 100000
19009 3265 5 250000
14271 3118 5 50000000
34680 3411 6 50000
47639 3630 6 100000
6659 3200 4 100000000
16307 3118 5 50000000
27186 3600 6 1000000
15247 3397 5 6250000
26673 3650 5 20000000
80200 3195 6 5000
16139 3500 5 10000000
18203 3349 5 5000000
60100 3600 6 1000000
30610 3780 6 2000000
61908 3192 6 25000
10999 3698 5 25000000
35276 3918 6 250000
11757 3240 5 100000000
40224 3848 6 200000
19460 3349 5 5000000
37804 3122 6 20000
92824 3388 7 10000
15269 3849 5 50000000
121839 3905 7 2000
19240 3849 5 50000000
45083 3419 6 500000
18215 3349 5 5000000
115172 3425 7 2500
44681 3419 6 500000
195612 3517 8 400
34420 3600 6 1000000
50944 3658 6 1250000
22532 3698 5 25000000
32841 3630 6 100000
14662 3025 5 100000
42370 3848 6 200000
25374 3698 5 25000000
15045 3500 5 10000000
33642 3122 6 20000
18408 3240 5 100000000
18612 3000 5 1000000
16764 3849 5 50000000
32032 3630 6 100000
39417 3838 6 2500000
19929 3849 5 50000000
22155 3240 5 100000000
15047 3500 5 10000000
39146 3411 6 50000
16172 3000 5 1000000
14943 3000 5 1000000
93706 3728 7 5000
59964 3456 6 10000
15663 3083 5 125000
