12443 3198 5 2500000
116775 3725 7 25000
54931 3000 6 100000
13636 3000 5 1000000
17171 3500 5 10000000
13945 3118 5 50000000
12668 3118 5 50000000
18816 3025 5 100000
14051 3000 5 1000000
18223 3698 5 25000000
28755 3600 6 1000000
36866 3411 6 50000
76873 3133 7 5000
24420 3600 6 1000000
111912 3663 7 1250
18529 3198 5 2500000
16710 3000 5 1000000
19465 3349 5 5000000
44637 3456 6 10000
7753 3200 4 100000000
217511 3649 8 500
19882 3301 5 4000000
28352 3600 6 1000000
96409 3425 7 2500
42438 3630 6 100000
19812 3650 5 20000000
21328 3083 5 125000
27613 3548 5 12500000
33135 3700 6 125000
18617 3650 5 20000000
71489 3642 7 20000
15888 3812 5 2000000
82093 3728 7 5000
22406 3849 5 50000000
77129 3192 6 25000
49815 3848 6 200000
16482 3240 5 100000000
21810 3630 5 1000000
92521 3826 7 6250
15036 3349 5 5000000
6921 3079 4 50000000
12455 3118 5 50000000
41478 3456 6 10000
33049 3411 6 50000
6943 3200 4 100000000
22889 3118 5 50000000
64927 3918 6 250000
29130 3447 5 500000
16405 3500 5 10000000
69283 3456 6 10000
17411 3000 5 1000000
70237 3600 6 1000000
61713 3000 6 100000
63914 3361 6 400000
19042 3500 5 10000000
20811 3548 5 12500000
14404 3000 5 1000000
23806 3198 5 2500000
20276 3548 5 12500000
26173 3630 5 1000000
24296 3240 5 100000000
30442 3000 6 100000
28060 3025 5 100000
17238 3849 5 50000000
67253 3700 6 125000
72782 3419 6 500000
23610 3849 5 50000000
19288 3240 5 100000000
127722 3552 7 15625
22509 3240 5 100000000
13684 3118 5 50000000
17339 3240 5 100000000
69202 3192 6 25000
19879 3630 5 1000000
19496 3000 5 1000000
107212 3327 7 2000
66464 3192 6 25000
63941 3780 6 2000000
21484 3247 5 3125000
42542 3918 6 250000
16706 3000 5 1000000
12811 3240 5 100000000
62071 3918 6 250000
85761 3728 7 5000
93858 3279 6 6250
28155 3000 5 1000000
32758 3025 5 100000
44007 3411 6 50000
24034 3240 5 100000000
30711 3500 5 10000000
364225 3649 8 500
15298 3025 5 100000
30689 3198 5 2500000
14763 3240 5 100000000
16872 3000 5 1000000
18116 3240 5 100000000
19884 3198 5 2500000
17911 3240 5 100000000
131519 3388 7 10000
20273 3500 5 10000000
362791 3780 8 625
39262043 3914 14 5
306769 3109 8 500
44461 3961 6 4000000
126537 3725 7 25000
149114 3121 7 1250
140569 3728 7 5000
20257 3000 5 1000000
28746 3500 5 10000000
33944 3849 5 50000000
27911 3240 5 100000000
34900 3698 5 25000000
269335 3663 7 1250
25993 3025 5 100000
27176 3000 5 1000000
27483 3240 5 100000000
14366 3079 4 50000000
30286 3650 5 20000000
202501 3663 7 1250
620001 3780 8 625
62207 3630 6 100000
150139 3728 7 5000
108843 3388 7 10000
55644 3000 5 1000000
38078 3048 5 1250000
24833 3447 5 500000
25762 3240 5 100000000
31698 3048 5 1250000
25792 3000 5 1000000
54765 3848 6 200000
41960 3000 5 1000000
80508 3000 6 100000
29062 3000 5 1000000
12205 3200 4 100000000
109352 3388 7 10000
49536 3838 6 2500000
31584 3198 5 2500000
59603 3411 6 50000
115965 3000 5 1000000
31138 3207 5 200000
113068 3411 6 50000
126898 3456 6 10000
464011 3780 8 625
22552 3500 5 10000000
52250 3192 6 25000
27270 3500 5 10000000
40388 3000 5 1000000
41007 3500 5 10000000
30782 3650 5 20000000
51985 3716 6 20000
66840 3192 6 25000
37835 3118 5 50000000
11231 3200 4 100000000
230794 3425 7 2500
11656 3200 4 100000000
28729 3812 5 2000000
68785 3630 6 100000
24201 3650 5 20000000
58695 3630 6 100000
59954 3700 6 125000
28043 3650 5 20000000
23711 3698 5 25000000
79050 3600 6 1000000
15267 3500 5 10000000
18986 3240 5 100000000
20133 3000 5 1000000
20544 3000 5 1000000
95187 3411 6 50000
126845 3327 7 2000
244028 3549 7 1000
175948 3725 7 25000
85432 3000 6 100000
30931 3025 5 100000
17970 3118 5 50000000
152516 3549 7 1000
40200 3419 6 500000
43802 3263 6 31250
57421 3456 6 10000
8955 3079 4 50000000
18868 3500 5 10000000
16916 3650 5 20000000
27306 3349 5 5000000
30230 3000 5 1000000
20931 3500 5 10000000
24005 3240 5 100000000
40048 3238 6 250000
147945 3425 7 2500
78848 3192 6 25000
23820 3650 5 20000000
50528 3456 6 10000
9837 3200 4 100000000
17432 3240 5 100000000
35164 3118 5 50000000
189092 3456 8 1000
45506 3630 6 100000
8699 3200 4 100000000
68225 3192 6 25000
34440 3240 5 100000000
468134 3189 9 125
20791 3000 5 1000000
28709 3349 5 5000000
27292 3849 5 50000000
20354 3349 5 5000000
46850 3552 6 78125
80876 3192 6 25000
54959 3411 6 50000
32666 3419 6 500000
23760 3500 5 10000000
23265 3849 5 50000000
29750 3240 5 100000000
17822 3240 5 100000000
20218 3048 5 1250000
103924 3388 7 10000
64792 3539 6 12500
44245 3122 6 20000
23118 3849 5 50000000
24910 3698 5 25000000
31145 3650 5 20000000
19345 3500 5 10000000
24412 3548 5 12500000
343785 3780 8 625
62201 3456 6 10000
33712 3150 5 2000000
21484 3548 5 12500000
23716 3118 5 50000000
35807 3198 5 2500000
15617 3198 5 2500000
24304 3500 5 10000000
50195 3341 6 40000
297863 3649 8 500
36186 3500 5 10000000
22349 3698 5 25000000
40087 3180 6 200000
24807 3500 5 10000000
22369 3048 5 1250000
88043 3195 6 5000
22682 3247 5 3125000
124498 3133 7 5000
25096 3301 5 4000000
30023 3240 5 100000000
106000 3388 7 10000
48041 3456 6 10000
83760 3341 6 40000
94951 3630 6 100000
44715 3000 6 100000
49263 3630 6 100000
26666 3500 5 10000000
24492 3698 5 25000000
59452 3541 6 800000
34488 3025 5 100000
