22032 3000 5 1000000
42058 3419 6 500000
13052 3240 5 100000000
15369 3500 5 10000000
15044 3240 5 100000000
33136 3838 6 2500000
5542 3200 4 100000000
34569 3456 6 10000
14846 3118 5 50000000
13711 3150 5 2000000
16152 3096 5 1562500
57242 3600 6 1000000
34197 3848 6 200000
71449 3980 7 50000
15912 3198 5 2500000
20987 3698 5 25000000
17599 3849 5 50000000
55997 3630 6 100000
19678 3500 5 10000000
212501 3220 8 625
16386 3698 5 25000000
70009 3980 7 50000
14124 3240 5 100000000
30609 3849 5 50000000
14746 3500 5 10000000
24891 3000 6 100000
18306 3698 5 25000000
75777 3388 7 10000
10699 3200 4 100000000
39422 3630 6 100000
16208 3500 5 10000000
22595 3698 5 25000000
15133 3397 5 6250000
27959 3000 5 1000000
18436 3000 5 1000000
59377 3411 6 50000
38787 3456 6 10000
14932 3118 5 50000000
46598 3372 6 8000
79268 3725 7 25000
19310 3630 5 1000000
17524 3240 5 100000000
12028 3150 5 2000000
26575 3698 5 25000000
90201 3425 7 2500
18391 3240 5 100000000
16312 3650 5 20000000
37737 3195 6 5000
13832 3447 5 500000
35790 3456 6 10000
41679 3630 6 100000
36797 3552 6 78125
22902 3025 5 100000
13032 3849 5 50000000
62142 3238 6 250000
14239 3849 5 50000000
33632 3456 6 10000
43779 3630 6 100000
40667 3456 6 10000
31498 3000 6 100000
28602 3301 5 4000000
85736 3425 7 2500
104221 3425 7 2500
51189 3630 6 100000
99016 3549 7 1000
48233 3456 6 10000
101224 3327 7 2000
23478 3240 5 100000000
47386 3192 6 25000
19127 3698 5 25000000
65971 3456 6 10000
97890 3327 7 2000
50376 3122 6 20000
14882 3630 5 1000000
21671 3240 5 100000000
42500 3238 6 250000
16625 3500 5 10000000
36704 3630 6 100000
18583 3025 5 100000
6684 3200 4 100000000
108323 3549 7 1000
22185 3198 5 2500000
16902 3650 5 20000000
127374 3192 7 500
66704 3780 6 2000000
49608 3456 6 10000
55992 3000 6 100000
16904 3000 5 1000000
31616 3849 5 50000000
98933 3663 7 1250
18364 3548 5 12500000
125313 3307 7 625
24111 3500 5 10000000
62411 3918 6 250000
242046 3914 8 2500
18123 3849 5 50000000
107077 3388 7 10000
111019 3728 7 5000
16314 3000 5 1000000
39268 3419 6 500000
60533 3477 6 625000
106054 3425 7 2500
136962 3663 7 1250
66761 3411 6 50000
40712 3122 6 20000
51198 3195 6 5000
19514 3650 5 20000000
22981 3500 5 10000000
39635 3918 6 250000
17312 3349 5 5000000
32968 3349 5 5000000
32028 3650 5 20000000
44210 3456 6 10000
20169 3500 5 10000000
17292 3349 5 5000000
30691 3849 5 50000000
8283 3079 4 50000000
27173 3118 5 50000000
48936 3630 6 100000
18682 3500 5 10000000
44459 3195 6 5000
15337 3849 5 50000000
77435 3630 6 100000
21636 3048 5 1250000
112519 3388 7 10000
100212 3434 7 800
23122 3118 5 50000000
24446 3500 5 10000000
97951 3425 7 2500
25627 3698 5 25000000
20163 3849 5 50000000
42415 3770 6 156250
26623 3849 5 50000000
21796 3849 5 50000000
26920 3349 5 5000000
78762 3388 7 10000
55097 3000 6 100000
49261 3456 6 10000
382886 3780 8 625
27826 3240 5 100000000
14200 3240 5 100000000
53591 3481 6 62500
50258 3195 6 5000
66375 3552 7 15625
34088 3000 5 1000000
19966 3349 5 5000000
82360 3388 7 10000
65163 3630 6 100000
9145 3079 4 50000000
78702 3541 6 800000
36193 3000 5 1000000
64878 3838 6 2500000
14510 3198 5 2500000
37430 3630 6 100000
18184 3240 5 100000000
24053 3849 5 50000000
15740 3500 5 10000000
49222 3630 6 100000
36692 3238 6 250000
107497 3411 6 50000
15443 3118 5 50000000
101203 3024 7 1000
10413 3200 4 100000000
51585 3848 6 200000
16059 3025 5 100000
21406 3849 5 50000000
41101 3296 6 312500
44214 3539 6 12500
18589 3000 5 1000000
14855 3698 5 25000000
27566 3025 5 100000
19674 3650 5 20000000
23288 3000 5 1000000
19998 3698 5 25000000
101854 3456 6 10000
43200 3000 6 100000
26655 3565 5 781250
78778 3411 6 50000
16909 3000 5 1000000
230543 3517 8 400
9046 3200 4 100000000
34187 3500 5 10000000
27590 3265 5 250000
22026 3849 5 50000000
8919 3079 4 50000000
19158 3849 5 50000000
27981 3500 5 10000000
54438 3716 6 20000
30535 3650 5 20000000
25501 3198 5 2500000
14777 3870 5 2500000
116894 3388 7 10000
97364 3121 7 1250
23375 3240 5 100000000
42946 3411 6 50000
35069 3000 6 100000
120836 3549 7 1000
15277 3240 5 100000000
40474 3961 6 4000000
154684 3567 8 1250
22119 3240 5 100000000
39132 3456 6 10000
131920 3121 7 1250
54832 3000 6 100000
23762 3500 5 10000000
15803 3548 5 12500000
21495 3048 5 1250000
18940 3000 5 1000000
21338 3207 5 200000
41584 3989 6 312500
16838 3500 5 10000000
8790 3200 4 100000000
34882 3195 6 5000
22064 3240 5 100000000
49355 3799 6 25000
15229 3150 5 2000000
100829 3905 7 2000
12448 3118 5 50000000
17965 3849 5 50000000
60147 3419 6 500000
49285 3192 6 25000
16301 3118 5 50000000
99384 3728 7 5000
22217 3000 5 1000000
28091 3240 5 100000000
20609 3849 5 50000000
25386 3389 5 400000
27723 3240 5 100000000
18632 3500 5 10000000
32048 3000 5 1000000
13146 3118 5 50000000
99245 3327 7 2000
16766 3025 5 100000
19493 3630 5 1000000
19726 3397 5 6250000
33355 3552 6 78125
26016 3500 5 10000000
105944 3905 7 2000
65890 3456 6 10000
12817 3150 5 2000000
37699 3799 6 25000
57732 3848 6 200000
21133 3698 5 25000000
35662 3630 6 100000
47581 3411 6 50000
15005 3118 5 50000000
15919 3118 5 50000000
10186 3079 4 50000000
111597 3728 7 5000
52177 3456 6 10000
