101252 4134 7 3125
97402 4335 7 20000
123461 4744 7 400000
12423 4000 5 100000000
54486 4200 6 10000000
341205 4855 8 1250
73147 4489 7 200000
148514 4032 7 10000
72552 4574 6 2000000
18842 4000 5 100000000
19465 4840 5 100000000
20859 4840 5 100000000
118174 4134 7 3125
16199 4000 5 100000000
40930 4356 6 1000000
71744 4793 6 4000000
47459 4200 6 10000000
52868 4059 6 50000
18913 4000 5 100000000
107733 4335 7 20000
42878 4619 6 50000000
94040 4732 7 10000
62904 4800 6 100000000
30179 4840 5 100000000
27772 4200 6 10000000
36255 4644 6 2500000
105154 4736 7 50000
52755 4438 6 25000000
132510 4732 7 10000
24243 4235 5 10000000
158061 4129 7 12500
18904 4052 5 5000000
82698 4644 6 2500000
46194 4200 6 10000000
95186 4235 7 100000
179792 4732 7 10000
42781 4356 6 1000000
38825 4426 6 1250000
16714 4000 5 100000000
57905 4438 6 25000000
368878 4056 8 1000
76278 4923 6 500000
49952 4356 6 1000000
117628 4490 7 6250
77014 4356 6 1000000
23252 4052 5 5000000
37894 4800 6 100000000
86210 4863 6 5000000
41587 4137 6 500000
19241 4840 5 100000000
52328 4923 6 500000
16055 4000 5 100000000
33626 4840 5 100000000
48311 4200 6 10000000
105574 4032 7 10000
45875 4380 6 20000000
71254 4285 6 800000
56026 4137 6 500000
38305 4863 6 5000000
80184 4356 6 1000000
53445 4426 6 1250000
49850 4619 6 50000000
16827 4000 5 100000000
81742 4320 6 100000
27730 4840 5 100000000
96706 4834 7 62500
40355 4800 6 100000000
55493 4574 6 2000000
56188 4356 6 1000000
65535 4356 6 1000000
99993 4059 6 50000
168795 4736 7 50000
80483 4200 6 10000000
62997 4356 6 1000000
423796 4704 8 1000
41371 4863 6 5000000
102212 4923 6 500000
135391 4846 7 12500
24537 4417 5 20000000
50544 4320 6 100000
86611 4235 7 100000
342385 4383 8 625
114166 4032 7 10000
45323 4356 6 1000000
179581 4736 7 50000
22178 4000 5 100000000
99107 4335 7 20000
47301 4278 6 781250
34046 4800 6 100000000
86225 4715 6 3125000
52899 4356 6 1000000
44127 4356 6 1000000
115711 4732 7 10000
60086 4356 6 1000000
40209 4356 6 1000000
84263 4800 6 100000000
52385 4059 6 50000
45107 4200 6 10000000
24781 4657 5 50000000
82050 4619 6 50000000
26010 4475 5 25000000
59279 4320 6 100000
69268 4356 6 1000000
38947 4000 5 100000000
378066 4594 8 2500
41257 4067 6 400000
153653 4827 7 500000
327986 4608 8 10000
130415 4335 7 20000
20223 4657 5 50000000
47313 4200 6 10000000
24250 4111 5 6250000
75634 4619 6 50000000
73903 4137 6 500000
154545 4019 7 2500
19922 4000 5 100000000
355283 4080 8 400
208627 4608 8 10000
21028 4000 5 100000000
144422 4732 7 10000
109646 4320 6 100000
40153 4000 5 100000000
536934 4710 9 1250
735643 4710 9 1250
137729 4375 7 5000
115213 4433 7 25000
16982 4000 5 100000000
32473 4417 5 20000000
68326 4863 6 5000000
29397 4657 5 50000000
151533 4433 7 25000
30608 4293 5 12500000
88897 4827 7 500000
106463 4572 7 250000
49790 4863 6 5000000
238331 4375 7 5000
81376 4438 6 25000000
25472 4840 5 100000000
21478 4235 5 10000000
94412 4863 6 5000000
89537 4200 6 10000000
49695 4800 6 100000000
24835 4000 5 100000000
83280 4137 6 500000
25199 4000 5 100000000
124274 4032 7 10000
172100 4732 7 10000
591568 4760 9 500
104021 4137 6 500000
29421 4000 5 100000000
109415 4227 7 15625
93622 4200 6 10000000
108600 4863 6 5000000
111344 4032 7 10000
29393 4840 5 100000000
22908 4840 5 100000000
139002 4227 7 15625
481261 4462 8 2000
27606 4000 5 100000000
44866 4863 6 5000000
61250 4356 6 1000000
99247 4032 7 10000
24453 4293 5 12500000
27014 4235 5 10000000
46594 4580 6 200000
20656 4840 5 100000000
33353 4293 5 12500000
47700 4059 6 50000
58892 4137 6 500000
286674 4594 8 2500
69390 4800 6 100000000
64832 4923 6 500000
129386 4335 7 20000
317000 4462 8 2000
53331 4793 6 4000000
46419 4059 6 50000
24888 4000 5 100000000
58342 4800 6 100000000
115173 4827 7 500000
335042 4462 8 2000
97773 4831 6 390625
194782 4433 7 25000
113405 4375 7 5000
84440 4320 6 100000
139977 4732 7 10000
119875 4736 7 50000
139911 4732 7 10000
35452 4000 5 100000000
52454 4356 6 1000000
196093 4129 7 12500
131534 4732 7 10000
113037 4663 6 250000
23467 4235 5 10000000
24147 4000 5 100000000
27300 4657 5 50000000
18773 4000 5 100000000
44919 4356 6 1000000
51452 4619 6 50000000
22563 4657 5 50000000
154912 4235 7 100000
153814 4235 7 100000
98588 4380 6 20000000
154779 4433 7 25000
71320 4574 6 2000000
74155 4380 6 20000000
101781 4736 7 50000
57547 4258 6 12500000
299298 4261 8 5000
26164 4840 5 100000000
49256 4059 6 50000
70148 4800 6 100000000
33359 4052 5 5000000
143945 4019 7 2500
277310 4608 8 10000
63274 4137 6 500000
125255 4732 7 10000
48448 4644 6 2500000
58500 4356 6 1000000
128776 4732 7 10000
86004 4137 6 500000
309930 4608 8 10000
27529 4840 5 100000000
24620 4000 5 100000000
111038 4200 6 10000000
222181 4032 7 10000
63497 4019 6 5000000
58483 4320 6 100000
173031 4433 7 25000
47597 4800 6 100000000
72951 4580 6 200000
70822 4923 6 500000
67127 4059 6 50000
159829 4032 7 10000
57265 4580 6 200000
105047 4137 6 500000
62201 4923 6 500000
60251 4923 6 500000
201276 4235 7 100000
183012 4827 7 500000
189624 4736 7 50000
147010 4320 6 100000
202481 4375 7 5000
204617 4032 7 10000
37991 4840 5 100000000
157254 4032 7 10000
181806 4235 7 100000
80510 4137 6 500000
195397 4032 7 10000
22536 4000 5 100000000
186235 4143 6 62500
