92692 4200 6 10000000
91085 4863 6 5000000
87999 4800 6 100000000
43166 4800 6 100000000
43266 4426 6 1250000
23666 4475 5 25000000
133455 4736 7 50000
119436 4032 7 10000
105100 4032 7 10000
48515 4380 6 20000000
51965 4923 6 500000
54678 4644 6 2500000
76472 4863 6 5000000
109147 4032 7 10000
159410 4732 7 10000
286481 4594 8 2500
1507107 4510 10 200
23377 4475 5 25000000
111396 4062 7 62500
86331 4200 6 10000000
47895 4235 5 10000000
241639 4954 8 20000
123018 4032 7 10000
106965 4433 7 25000
48672 4356 6 1000000
189159 4032 7 10000
38884 4235 5 10000000
55139 4863 6 5000000
26739 4000 5 100000000
43600 4475 5 25000000
27333 4000 5 100000000
137438 4490 7 6250
24906 4052 5 5000000
34750 4800 6 100000000
112054 4834 7 62500
20822 4235 5 10000000
115415 4736 7 50000
42894 4380 6 20000000
25149 4475 5 25000000
56099 4426 6 1250000
135529 4732 7 10000
27508 4657 5 50000000
239431 4149 8 4000
93581 4438 6 25000000
90375 4800 6 100000000
44570 4800 6 100000000
55660 4200 6 10000000
21277 4052 5 5000000
33704 4000 5 100000000
40270 4619 6 50000000
122069 4433 7 25000
62521 4320 6 100000
27980 4417 5 20000000
36380 4438 6 25000000
134267 4736 7 50000
118020 4019 7 2500
49340 4019 6 5000000
151434 4375 7 5000
39874 4619 6 50000000
37533 4137 6 500000
62861 4403 6 125000
37953 4000 5 100000000
28489 4840 5 100000000
87448 4619 6 50000000
36776 4356 6 1000000
48341 4137 6 500000
243197 4594 8 2500
307138 4261 8 5000
197145 4608 8 10000
40992 4356 6 1000000
135659 4827 7 500000
99563 4317 7 125000
162163 4235 7 100000
60178 4137 6 500000
22091 4000 5 100000000
29801 4657 5 50000000
62467 4356 6 1000000
114790 4032 7 10000
28294 4052 5 5000000
60636 4619 6 50000000
52726 4800 6 100000000
17226 4000 5 100000000
89129 4438 6 25000000
120534 4032 7 10000
91164 4800 6 100000000
61158 4923 6 500000
118167 4032 7 10000
130587 4019 7 2500
50386 4356 6 1000000
27469 4840 5 100000000
27114 4840 5 100000000
38347 4426 6 1250000
95631 4487 6 156250
73852 4200 6 10000000
76722 4426 6 1250000
26559 4000 5 100000000
45199 4923 6 500000
58788 4933 6 6250000
157252 4732 7 10000
490306 4383 8 625
39442 4000 5 100000000
27099 4052 5 5000000
61594 4356 6 1000000
88483 4800 6 100000000
190246 4032 7 10000
165196 4736 7 50000
18960 4000 5 100000000
56587 4863 6 5000000
56070 4800 6 100000000
132995 4736 7 50000
100344 4356 6 1000000
24819 4235 5 10000000
118061 4732 7 10000
28249 4000 5 100000000
49029 4863 6 5000000
335310 4594 8 2500
24476 4000 5 100000000
50325 4320 6 100000
265758 4462 8 2000
48714 4380 6 20000000
76428 4496 6 1562500
299511 4383 8 625
158625 4375 7 5000
132448 4732 7 10000
32731 4000 5 100000000
41360 4800 6 100000000
123493 4317 7 125000
59069 4137 6 500000
936136 4590 9 400
160942 4827 7 500000
26038 4000 5 100000000
114052 4032 7 10000
30295 4840 5 100000000
160917 4375 7 5000
126483 4059 6 50000
77134 4059 6 50000
74444 4800 6 100000000
112483 4574 6 2000000
20540 4000 5 100000000
119808 4433 7 25000
129666 4736 7 50000
52590 4574 6 2000000
472917 4462 8 2000
103738 4863 6 5000000
42471 4000 5 100000000
128719 4732 7 10000
33275 4840 5 100000000
64911 4580 6 200000
26010 4840 5 100000000
45846 4200 6 10000000
55919 4619 6 50000000
53681 4200 6 10000000
36150 4657 5 50000000
63812 4320 6 100000
317985 4462 8 2000
55114 4059 6 50000
54317 4657 5 50000000
19529 4000 5 100000000
105472 4062 7 62500
124107 4433 7 25000
17923 4000 5 100000000
25053 4000 5 100000000
33327 4000 5 100000000
145492 4827 7 500000
65261 4800 6 100000000
135305 4032 7 10000
51999 4800 6 100000000
29392 4235 5 10000000
47245 4200 6 10000000
250760 4335 7 20000
113762 4644 6 2500000
124094 4356 6 1000000
148431 4032 7 10000
29010 4000 5 100000000
32367 4000 5 100000000
56609 4619 6 50000000
48599 4000 5 100000000
244715 4736 7 50000
73304 4059 6 50000
36511 4000 5 100000000
81747 4923 6 500000
130259 4032 7 10000
173277 4032 7 10000
41244 4657 5 50000000
1113002 4760 9 500
211229 4827 7 500000
64840 4863 6 5000000
77935 4863 6 5000000
31049 4000 5 100000000
151009 4732 7 10000
104806 4800 6 100000000
55115 4052 5 5000000
68823 4380 6 20000000
183436 4032 7 10000
88415 4715 6 3125000
57249 4438 6 25000000
148221 4923 6 500000
64257 4933 6 6250000
135813 4619 6 50000000
364849 4026 8 3125
55530 4800 6 100000000
81211 4059 6 50000
29229 4000 5 100000000
31873 4840 5 100000000
55162 4356 6 1000000
90341 4800 6 100000000
71884 4644 6 2500000
33066 4840 5 100000000
31951 4840 5 100000000
30041 4840 5 100000000
64554 4840 5 100000000
331364 4608 8 10000
76393 4800 6 100000000
143746 4032 7 10000
437246 4608 8 10000
528007 4462 8 2000
32296 4000 5 100000000
48897 4235 5 10000000
128725 4062 7 62500
105218 4644 6 2500000
26493 4840 5 100000000
56067 4067 6 400000
26086 4052 5 5000000
43316 4000 5 100000000
61276 4059 6 50000
144920 4863 6 5000000
27402 4475 5 25000000
142827 4827 7 500000
386260 4056 8 1000
40010 4417 5 20000000
80857 4715 6 3125000
72324 4800 6 100000000
800639 4931 9 625
37394 4475 5 25000000
151003 4732 7 10000
43960 4356 6 1000000
100905 4320 6 100000
58281 4356 6 1000000
23271 4000 5 100000000
114796 4032 7 10000
54630 4067 6 400000
34095 4111 5 6250000
125494 4356 6 1000000
28579 4000 5 100000000
21540 4000 5 100000000
45458 4000 5 100000000
27457 4235 5 10000000
103758 4619 6 50000000
60800 4793 6 4000000
37452 4840 5 100000000
