82587 4032 7 10000
41020 4356 6 1000000
79447 4032 7 10000
61554 4863 6 5000000
64120 4356 6 1000000
45282 4320 6 100000
40613 4137 6 500000
108466 4375 7 5000
42713 4320 6 100000
86790 4433 7 25000
15926 4000 5 100000000
38943 4019 6 5000000
18633 4000 5 100000000
73564 4356 6 1000000
15524 4235 5 10000000
19812 4840 5 100000000
19957 4000 5 100000000
25744 4000 5 100000000
598321 4252 9 625
38463 4863 6 5000000
79220 4574 6 2000000
43057 4863 6 5000000
34948 4356 6 1000000
40259 4356 6 1000000
60443 4574 6 2000000
211510 4594 8 2500
53227 4200 6 10000000
31843 4356 6 1000000
30258 4438 6 25000000
232909 4187 8 1250
16245 4000 5 100000000
37700 4000 5 100000000
35689 4800 6 100000000
97076 4834 7 62500
67846 4619 6 50000000
51343 4663 6 250000
58057 4426 6 1250000
65726 4800 6 100000000
40951 4320 6 100000
33784 4863 6 5000000
15390 4657 5 50000000
20355 4840 5 100000000
351403 4231 8 500
18559 4235 5 10000000
28772 4657 5 50000000
29714 4356 6 1000000
43215 4863 6 5000000
87773 4032 7 10000
698845 4590 9 400
112559 4235 7 100000
40139 4863 6 5000000
80060 4356 6 1000000
18337 4475 5 25000000
330611 4594 8 2500
153374 4732 7 10000
58798 4320 6 100000
21076 4235 5 10000000
75460 4019 6 5000000
73340 4438 6 25000000
272631 4056 8 1000
44853 4644 6 2500000
242064 4462 8 2000
48856 4356 6 1000000
363712 4383 8 625
26741 4000 5 100000000
77871 4067 6 400000
37485 4000 5 100000000
57189 4574 6 2000000
55254 4619 6 50000000
17859 4000 5 100000000
166023 4129 7 12500
154803 4732 7 10000
25144 4840 5 100000000
31175 4000 5 100000000
84484 4644 6 2500000
52948 4356 6 1000000
24087 4293 5 12500000
49933 4356 6 1000000
57194 4320 6 100000
130743 4032 7 10000
129370 4032 7 10000
187977 4129 7 12500
94422 4489 7 200000
62368 4426 6 1250000
18309 4000 5 100000000
78936 4426 6 1250000
69461 4800 6 100000000
59242 4143 6 62500
60239 4403 6 125000
111472 4032 7 10000
53173 4137 6 500000
26539 4235 5 10000000
49867 4320 6 100000
135463 4909 7 625000
22922 4000 5 100000000
91337 4137 6 500000
181162 4732 7 10000
58148 4356 6 1000000
109422 4032 7 10000
78908 4489 7 200000
378998 4383 8 625
114084 4059 6 50000
19157 4000 5 100000000
390172 4725 8 3125
119133 4235 7 100000
68176 4227 6 78125
427501 4594 8 2500
46441 4619 6 50000000
21518 4000 5 100000000
93785 4433 7 25000
24355 4840 5 100000000
44110 4019 6 5000000
30932 4475 5 25000000
55766 4800 6 100000000
25285 4840 5 100000000
67161 4426 6 1250000
81836 4380 6 20000000
116508 4032 7 10000
114183 4129 7 12500
62484 4019 6 5000000
56850 4619 6 50000000
60837 4923 6 500000
98149 4574 6 2000000
712686 4252 9 625
394713 4869 8 4000
42198 4200 6 10000000
123076 4032 7 10000
60926 4800 6 100000000
28874 4293 5 12500000
67415 4320 6 100000
32133 4000 5 100000000
60916 4356 6 1000000
43394 4059 6 50000
25835 4000 5 100000000
115390 4032 7 10000
28682 4000 5 100000000
34332 4417 5 20000000
50915 4863 6 5000000
46240 4800 6 100000000
116380 4129 7 12500
33064 4800 6 100000000
92288 4356 6 1000000
31119 4000 5 100000000
43470 4657 5 50000000
21592 4000 5 100000000
109072 4644 6 2500000
21531 4000 5 100000000
23826 4840 5 100000000
59789 4663 6 250000
58855 4800 6 100000000
22058 4000 5 100000000
20267 4235 5 10000000
21487 4052 5 5000000
59421 4137 6 500000
140795 4732 7 10000
29916 4052 5 5000000
44759 4200 6 10000000
21359 4475 5 25000000
24273 4000 5 100000000
147372 4032 7 10000
14987 4000 5 100000000
64487 4320 6 100000
20034 4000 5 100000000
25377 4052 5 5000000
165817 4931 7 78125
98474 4827 7 500000
20598 4000 5 100000000
181470 4375 7 5000
78965 4356 6 1000000
93326 4827 7 500000
57216 4137 6 500000
44271 4200 6 10000000
23998 4000 5 100000000
24608 4000 5 100000000
99151 4032 7 10000
103085 4356 6 1000000
392814 4056 8 1000
120292 4863 6 5000000
21034 4657 5 50000000
102377 4032 7 10000
43635 4800 6 100000000
27767 4840 5 100000000
58299 4285 6 800000
163038 4019 7 2500
18161 4000 5 100000000
140118 4736 7 50000
58643 4863 6 5000000
25864 4000 5 100000000
373420 4608 8 10000
165863 4732 7 10000
177536 4032 7 10000
118171 4235 7 100000
42845 4052 5 5000000
636389 4252 9 625
87376 4019 6 5000000
142652 4490 7 6250
58468 4800 6 100000000
624630 4710 9 1250
84701 4800 6 100000000
115500 4644 6 2500000
88570 4800 6 100000000
130306 4572 7 250000
72301 4863 6 5000000
178027 4134 7 3125
54638 4619 6 50000000
22948 4000 5 100000000
302204 4056 8 1000
120473 4032 7 10000
23195 4235 5 10000000
64944 4580 6 200000
389232 4080 8 400
54531 4863 6 5000000
198404 4375 7 5000
39228 4417 5 20000000
25336 4000 5 100000000
29053 4000 5 100000000
45429 4793 6 4000000
51122 4200 6 10000000
30748 4052 5 5000000
83535 4644 6 2500000
78632 4320 6 100000
162580 4129 7 12500
51892 4000 5 100000000
43938 4258 6 12500000
32650 4840 5 100000000
28682 4417 5 20000000
82560 4800 6 100000000
20809 4000 5 100000000
69377 4059 6 50000
25125 4840 5 100000000
270626 4608 8 10000
77727 4356 6 1000000
50630 4933 6 6250000
102291 4863 6 5000000
81739 4800 6 100000000
145208 4732 7 10000
48177 4715 6 3125000
110118 4834 7 62500
56691 4863 6 5000000
79779 4800 6 100000000
60833 4000 5 100000000
23606 4657 5 50000000
72066 4438 6 25000000
28936 4000 5 100000000
32619 4000 5 100000000
452550 4261 8 5000
55340 4800 6 100000000
428370 4855 8 1250
27258 4657 5 50000000
58913 4840 5 100000000
