97996 4736 7 50000
52873 4320 6 100000
19532 4657 5 50000000
15445 4000 5 100000000
49156 4574 6 2000000
45542 4619 6 50000000
21943 4000 5 100000000
45339 4356 6 1000000
49984 4320 6 100000
41169 4200 6 10000000
34830 4000 5 100000000
41522 4356 6 1000000
100632 4032 7 10000
58659 4863 6 5000000
24268 4000 5 100000000
149254 4032 7 10000
566134 4931 9 625
134738 4732 7 10000
99535 4032 7 10000
590001 4710 9 1250
31892 4293 5 12500000
24757 4235 5 10000000
64584 4580 6 200000
128236 4433 7 25000
23709 4000 5 100000000
40040 4137 6 500000
110933 4433 7 25000
127910 4032 7 10000
131540 4732 7 10000
158387 4032 7 10000
58635 4137 6 500000
88699 4800 6 100000000
36994 4200 6 10000000
26271 4235 5 10000000
74479 4200 6 10000000
61257 4356 6 1000000
89335 4644 6 2500000
63261 4067 6 400000
52845 4863 6 5000000
379745 4026 8 3125
134025 4032 7 10000
70054 4356 6 1000000
43261 4285 6 800000
148519 4019 7 2500
80638 4200 6 10000000
424620 4231 8 500
132343 4732 7 10000
152529 4736 7 50000
25099 4000 5 100000000
43580 4574 6 2000000
620193 4105 9 500
25845 4000 5 100000000
64023 4320 6 100000
64334 4574 6 2000000
92858 4235 7 100000
25672 4417 5 20000000
397282 4261 8 5000
95814 4335 7 20000
32013 4000 5 100000000
33429 4200 6 10000000
185499 4732 7 10000
99146 4356 6 1000000
96543 4572 7 250000
23972 4235 5 10000000
233417 4261 8 5000
218484 4736 7 50000
72521 4438 6 25000000
126543 4433 7 25000
164949 4375 7 5000
49078 4207 6 625000
109966 4433 7 25000
113294 4335 7 20000
158399 4732 7 10000
94165 4356 6 1000000
53442 4137 6 500000
801358 4931 9 625
41401 4019 6 5000000
46878 4356 6 1000000
45389 4619 6 50000000
83658 4619 6 50000000
23620 4000 5 100000000
72013 4200 6 10000000
26315 4475 5 25000000
113034 4235 7 100000
42513 4356 6 1000000
121863 4032 7 10000
27645 4235 5 10000000
105979 4032 7 10000
46119 4438 6 25000000
31373 4235 5 10000000
38877 4417 5 20000000
153044 4235 7 100000
101419 4335 7 20000
120172 4732 7 10000
196012 4032 7 10000
48939 4320 6 100000
65897 4356 6 1000000
92261 4619 6 50000000
99458 4032 7 10000
38105 4137 6 500000
65647 4619 6 50000000
31768 4475 5 25000000
28831 4000 5 100000000
711572 4563 9 1000
26332 4840 5 100000000
53670 4320 6 100000
39779 4356 6 1000000
47769 4793 6 4000000
48037 4200 6 10000000
46266 4619 6 50000000
21655 4657 5 50000000
118747 4032 7 10000
87041 4619 6 50000000
193864 4490 7 6250
97462 4200 6 10000000
393637 4594 8 2500
87217 4137 6 500000
28062 4235 5 10000000
24053 4657 5 50000000
43117 4200 6 10000000
72630 4644 6 2500000
29761 4000 5 100000000
53529 4426 6 1250000
66595 4619 6 50000000
19862 4235 5 10000000
56553 4137 6 500000
26698 4657 5 50000000
197848 4375 7 5000
30722 4840 5 100000000
21903 4840 5 100000000
56130 4356 6 1000000
85223 4923 6 500000
139495 4433 7 25000
259990 4187 8 1250
350233 4261 8 5000
45150 4619 6 50000000
69012 4320 6 100000
533798 4594 8 2500
98274 4403 6 125000
122043 4032 7 10000
73860 4137 6 500000
23026 4235 5 10000000
18596 4000 5 100000000
25581 4000 5 100000000
64962 4923 6 500000
24070 4840 5 100000000
177604 4335 7 20000
89017 4356 6 1000000
42930 4800 6 100000000
61436 4356 6 1000000
94207 4356 6 1000000
233504 4732 7 10000
23819 4475 5 25000000
88615 4137 6 500000
38277 4000 5 100000000
73692 4200 6 10000000
59616 4644 6 2500000
298520 4608 8 10000
247669 4032 7 10000
240951 4638 7 40000
99789 4619 6 50000000
118196 4356 6 1000000
77956 4320 6 100000
107216 4800 6 100000000
58816 4644 6 2500000
82672 4077 6 6250000
39529 4200 6 10000000
30487 4235 5 10000000
29989 4000 5 100000000
63551 4863 6 5000000
127515 4032 7 10000
24337 4000 5 100000000
22986 4052 5 5000000
97119 4137 6 500000
56672 4863 6 5000000
174095 4235 7 100000
201344 4732 7 10000
84536 4863 6 5000000
138134 4335 7 20000
80655 4426 6 1250000
37199 4000 5 100000000
373224 4594 8 2500
35139 4052 5 5000000
82893 4496 6 160000
814621 4931 9 625
222407 4335 7 20000
29518 4840 5 100000000
85315 4800 6 100000000
287790 4129 7 12500
121769 4380 6 20000000
175125 4490 7 6250
170090 4032 7 10000
90065 4580 6 200000
40722 4000 5 100000000
35636 4000 5 100000000
181629 4032 7 10000
92644 4663 6 250000
47293 4356 6 1000000
101826 4356 6 1000000
40374 4000 5 100000000
100153 4863 6 5000000
108674 4200 6 10000000
33967 4052 5 5000000
129934 4235 7 100000
28981 4475 5 25000000
51697 4200 6 10000000
41399 4000 5 100000000
88938 4200 6 10000000
31754 4235 5 10000000
25119 4000 5 100000000
55415 4923 6 500000
55330 4923 6 500000
147843 4356 6 1000000
112158 4438 6 25000000
65869 4356 6 1000000
59311 4800 6 100000000
55566 4137 6 500000
63877 4320 6 100000
63919 4356 6 1000000
36933 4000 5 100000000
83505 4067 6 400000
263016 4032 7 10000
89896 4923 6 500000
25903 4000 5 100000000
389875 4462 8 2000
98533 4019 6 5000000
220894 4732 7 10000
287400 4736 7 50000
32387 4000 5 100000000
53326 4019 6 5000000
149259 4032 7 10000
358023 4056 8 1000
27491 4475 5 25000000
458110 4462 8 2000
304333 4725 8 3125
51284 4258 6 12500000
33599 4000 5 100000000
56412 4200 6 10000000
111705 4863 6 5000000
31270 4000 5 100000000
57161 4619 6 50000000
109898 4530 7 31250
297814 4732 7 10000
195345 4032 7 10000
414592 4149 8 4000
83135 4200 6 10000000
63568 4356 6 1000000
23619 4000 5 100000000
85844 4059 6 50000
26187 4000 5 100000000
