130243 5370 6 25000000
60713 5589 6 50000000
292430 5408 8 10000
219323 5419 7 2500000
167933 5441 7 250000
116485 5929 7 10000000
367201 5814 8 20000
59611 5808 6 100000000
136812 5589 6 50000000
71581 5808 6 100000000
59468 5808 6 100000000
266038 5343 7 200000
70721 5300 6 20000000
355445 5814 8 20000
551688 5814 8 20000
68266 5808 6 100000000
69156 5787 6 5000000
312027 5001 8 5000
113032 5674 7 5000000
119278 5082 6 10000000
195214 5915 7 100000
192171 5915 7 100000
86088 5808 6 100000000
75451 5082 6 10000000
1184600 5823 9 2000
54926 5082 6 10000000
963228 5993 9 2500
199016 5202 7 25000
127652 5202 7 25000
265026 5001 8 5000
227590 5066 8 25000
106947 5915 7 100000
116176 5744 7 500000
269804 5408 8 10000
64968 5589 6 50000000
116299 5300 6 20000000
50828 5184 6 1000000
1047099 5993 9 2500
47263 5871 6 6250000
245892 5799 8 5000
59754 5808 6 100000000
669172 5020 9 2000
137389 5929 7 10000000
144724 5040 7 100000
132028 5744 7 500000
173365 5336 7 2000000
70444 5267 6 1250000
60545 5808 6 100000000
132458 5441 7 250000
436855 5276 8 8000
136210 5040 7 100000
48194 5808 6 100000000
341749 5814 8 20000
46826 5082 6 10000000
49185 5589 6 50000000
52308 5300 6 20000000
273625 5001 8 5000
41101 5082 6 10000000
93970 5444 6 2000000
86298 5808 6 100000000
114760 5184 6 1000000
73712 5808 6 100000000
90702 5808 6 100000000
247634 5760 8 100000
56551 5082 6 10000000
119187 5744 7 500000
83782 5808 6 100000000
369088 5408 8 10000
65672 5808 6 100000000
116925 5343 7 200000
50964 5370 6 25000000
49095 5184 6 1000000
96565 5929 7 10000000
102569 5929 7 10000000
79192 5300 6 20000000
174004 5040 7 100000
261488 5408 8 10000
208687 5088 7 20000
1578722 5177 10 200
291432 5539 8 12500
116789 5589 6 50000000
54271 5808 6 100000000
322874 5539 8 12500
441593 5799 8 5000
73164 5808 6 100000000
114654 5929 7 10000000
907061 5773 9 6250
142241 5842 7 625000
408592 5001 8 5000
215493 5673 7 62500
185407 5929 7 10000000
142282 5088 7 20000
59891 5082 6 10000000
127519 5082 6 10000000
316859 5413 8 50000
115840 5082 7 1000000
156801 5040 7 100000
171692 5040 7 100000
304176 5413 8 50000
71063 5152 6 12500000
469139 5946 8 25000
373456 5814 8 20000
70277 5184 6 1000000
81372 5152 6 12500000
210886 5929 7 10000000
639092 5408 8 10000
232834 5915 7 100000
85045 5808 6 100000000
155068 5040 7 100000
180261 5202 7 25000
71066 5082 6 10000000
146612 5040 7 100000
94071 5808 6 100000000
147235 5088 7 20000
296376 5674 7 5000000
145261 5674 7 5000000
176494 5040 7 100000
143721 5164 7 1250000
176557 5040 7 100000
75226 5589 6 50000000
1143476 5626 9 5000
150521 5591 7 4000000
105540 5808 6 100000000
506012 5760 8 100000
550373 5132 8 6250
78202 5082 6 10000000
77071 5527 6 2500000
94181 5808 6 100000000
1624397 5462 9 1250
205819 5646 7 400000
139204 5040 7 100000
462701 5539 8 12500
94780 5444 6 2000000
124458 5871 6 6250000
66801 5082 6 10000000
158504 5744 7 500000
73332 5808 6 100000000
59240 5808 6 100000000
58440 5300 6 20000000
528679 5946 8 25000
70724 5808 6 100000000
350000 5871 8 125000
316373 5871 8 125000
423898 5760 8 100000
71441 5808 6 100000000
233887 5088 7 20000
133235 5370 6 25000000
254055 5591 7 4000000
566996 5814 8 20000
98554 5589 6 50000000
1967048 5661 9 625
1154011 5661 9 625
703141 5327 8 2500
63862 5589 6 50000000
52226 5808 6 100000000
86252 5444 6 2000000
117243 5370 6 25000000
281418 5336 7 2000000
652085 5066 8 25000
257950 5137 7 125000
710210 5946 8 25000
59809 5808 6 100000000
78907 5082 6 10000000
74318 5808 6 100000000
596926 5408 8 10000
84672 5082 6 10000000
137368 5589 6 50000000
300516 5915 7 100000
304100 5915 7 100000
222779 5370 6 25000000
114365 5370 6 25000000
547592 5760 8 100000
803195 5408 8 10000
157038 5370 6 25000000
345212 5929 7 10000000
340348 5915 7 100000
68446 5184 6 1000000
140711 5184 6 1000000
832471 5327 8 2500
161463 5744 7 500000
830173 5408 8 10000
814833 5001 8 5000
331566 5040 7 100000
115561 5370 6 25000000
682619 5001 8 5000
125253 5082 6 10000000
337657 5040 7 100000
166055 5871 6 6250000
87552 5082 6 10000000
308853 5558 7 50000
125264 5589 6 50000000
206446 5040 7 100000
1363692 5132 8 6250
170437 5744 7 500000
125702 5082 6 10000000
110395 5300 6 20000000
512301 5539 8 12500
295542 5646 7 400000
472706 5760 8 100000
839389 5799 8 5000
58837 5370 6 25000000
77190 5589 6 50000000
187574 5808 6 100000000
289228 5088 7 20000
218324 5444 6 2000000
267066 5441 7 250000
180149 5370 6 25000000
143948 5370 6 25000000
187706 5787 6 5000000
129361 5184 6 1000000
667592 5413 8 50000
452864 5744 7 500000
271676 5915 7 100000
381969 5915 7 100000
176625 5589 6 50000000
411589 5842 7 625000
600436 5814 8 20000
80652 5808 6 100000000
422623 5744 7 500000
105995 5589 6 50000000
245504 5808 6 100000000
219606 5040 7 100000
112183 5082 6 10000000
330496 5343 7 200000
86024 5808 6 100000000
335361 5202 7 25000
270927 5082 7 1000000
269716 5040 7 100000
246304 5744 7 500000
153343 5808 6 100000000
106323 5370 6 25000000
137316 5808 6 100000000
234074 5589 6 50000000
595913 5408 8 10000
74427 5808 6 100000000
1709761 5462 9 1250
86355 5589 6 50000000
347868 5082 7 1000000
100926 5152 6 12500000
726651 5408 8 10000
64434 5808 6 100000000
171439 5082 6 10000000
246356 5082 7 1000000
90750 5184 6 1000000
181683 5082 6 10000000
100378 5589 6 50000000
114909 5808 6 100000000
177518 5370 6 25000000
622349 5001 8 5000
723533 5408 8 10000
