138501 5040 7 100000
204934 5202 7 25000
549486 5799 8 5000
319616 5946 8 25000
91237 5184 6 1000000
136544 5744 7 500000
760901 5993 9 2500
452542 5408 8 10000
216059 5336 7 2000000
151088 5040 7 100000
563238 5799 8 5000
154897 5589 6 50000000
93540 5808 6 100000000
206604 5915 7 100000
65803 5589 6 50000000
143835 5040 7 100000
136659 5558 7 50000
171833 5202 7 25000
72467 5808 6 100000000
186694 5202 7 25000
80568 5370 6 25000000
69634 5808 6 100000000
144923 5300 6 20000000
118918 5082 6 10000000
74882 5152 6 12500000
174636 5235 7 156250
355393 5408 8 10000
64375 5152 6 12500000
165660 5040 7 100000
189984 5441 7 250000
333667 5799 8 5000
62548 5808 6 100000000
712083 5408 8 10000
259147 5946 8 25000
60718 5184 6 1000000
164743 5088 7 20000
118449 5152 6 12500000
237836 5040 7 100000
41175 5152 6 12500000
49068 5589 6 50000000
200726 5591 7 4000000
103539 5808 6 100000000
48968 5082 6 10000000
1369189 5880 10 1000
65873 5300 6 20000000
46548 5589 6 50000000
67566 5808 6 100000000
148648 5558 7 50000
59750 5184 6 1000000
315973 5799 8 5000
53035 5082 6 10000000
188357 5202 7 25000
54051 5808 6 100000000
73117 5808 6 100000000
112302 5744 7 500000
51432 5808 6 100000000
49382 5589 6 50000000
1876607 5890 10 200
47225 5082 6 10000000
82359 5082 6 10000000
182432 5040 7 100000
296649 5539 8 12500
50310 5589 6 50000000
817774 5661 9 625
297860 5946 8 25000
56729 5444 6 2000000
97998 5808 6 100000000
39121 5589 6 50000000
62414 5808 6 100000000
104393 5137 7 125000
99973 5929 7 10000000
746209 5993 9 2500
47809 5152 6 12500000
122882 5744 7 500000
46359 5589 6 50000000
62614 5589 6 50000000
83772 5082 6 10000000
269483 5408 8 10000
414636 5408 8 10000
175575 5137 7 125000
297948 5799 8 5000
50550 5082 6 10000000
103914 5808 6 100000000
326030 5760 8 100000
235194 5558 7 50000
1229532 5661 9 625
373342 5670 8 15625
834579 5993 9 2500
75324 5808 6 100000000
354267 5176 8 2000
166292 5040 7 100000
350921 5760 8 100000
84961 5444 6 2000000
166116 5184 6 1000000
101518 5082 6 10000000
285606 5558 7 50000
655543 5479 8 3125
235002 5202 7 25000
195987 5744 7 500000
125702 5787 6 5000000
876950 5773 9 6250
65100 5808 6 100000000
500612 5001 8 5000
247956 5202 7 25000
145917 5929 7 10000000
601330 5408 8 10000
530299 5408 8 10000
239207 5040 7 100000
133365 5370 6 25000000
178652 5808 6 100000000
163519 5444 6 2000000
107365 5704 6 4000000
78370 5300 6 20000000
70371 5082 6 10000000
522300 5799 8 5000
167204 5152 6 12500000
553120 5951 8 6250
623542 5408 8 10000
432181 5327 8 2500
68577 5589 6 50000000
110069 5370 6 25000000
103081 5808 6 100000000
180958 5808 6 100000000
70558 5808 6 100000000
113251 5370 6 25000000
146696 5589 6 50000000
184105 5040 7 100000
177974 5088 7 20000
77654 5808 6 100000000
590760 5066 8 25000
391833 5408 8 10000
190713 5040 7 100000
88792 5152 6 12500000
1219897 5168 9 2500
423714 5814 8 20000
182029 5441 7 250000
114725 5152 6 12500000
99862 5152 6 12500000
183199 5915 7 100000
294768 5040 7 100000
479953 5408 8 10000
88585 5267 6 1250000
176224 5088 7 20000
115509 5370 6 25000000
309731 5842 7 625000
97780 5808 6 100000000
417141 5408 8 10000
133044 5871 6 6250000
193559 5137 7 125000
352233 5760 8 100000
364449 5673 7 62500
1232812 5168 9 2500
181374 5300 6 20000000
154773 5137 7 125000
129500 5808 6 100000000
822962 5408 8 10000
277590 5915 7 100000
342357 5001 8 5000
196094 5040 7 100000
311646 5088 7 20000
232249 5558 7 50000
95046 5082 6 10000000
1512406 5626 9 5000
278926 5441 7 250000
702835 5799 8 5000
77889 5370 6 25000000
193557 5744 7 500000
359287 5814 8 20000
230000 5929 7 10000000
279461 5040 7 100000
203411 5589 6 50000000
142973 5082 6 10000000
640313 5799 8 5000
350795 5814 8 20000
88437 5589 6 50000000
117345 5152 6 12500000
204881 5808 6 100000000
70654 5082 6 10000000
133560 5527 6 2500000
800010 5001 8 5000
2168905 5462 9 1250
476044 5040 7 100000
426814 5744 7 500000
305553 5441 7 250000
103699 5082 6 10000000
198601 5787 6 5000000
564016 5636 7 390625
303969 5558 7 50000
708753 5408 8 10000
432363 5441 7 250000
148035 5589 6 50000000
416811 5674 7 5000000
60968 5808 6 100000000
321676 5040 7 100000
102120 5589 6 50000000
453171 5915 7 100000
336609 5589 6 50000000
1754234 5269 9 400
248170 5184 6 1000000
224806 5744 7 500000
227379 5915 7 100000
226260 5184 6 1000000
175859 5589 6 50000000
140033 5744 7 500000
180039 5808 6 100000000
169647 5040 7 100000
738865 5408 8 10000
503653 5946 8 25000
360904 5040 7 100000
250433 5184 6 1000000
279343 5674 7 5000000
155883 5589 6 50000000
156759 5370 6 25000000
70179 5808 6 100000000
267309 5082 6 10000000
564937 5408 8 10000
291133 5040 7 100000
1460237 5993 9 2500
174824 5808 6 100000000
623057 5040 7 100000
710717 5408 8 10000
223237 5939 7 781250
358770 5915 7 100000
63832 5808 6 100000000
714409 5683 8 16000
718137 5001 8 5000
337737 5589 6 50000000
92252 5808 6 100000000
1579329 5626 9 5000
154895 5589 6 50000000
669063 5001 8 5000
158102 5589 6 50000000
96019 5300 6 20000000
372770 5088 7 20000
86573 5152 6 12500000
66517 5527 6 2500000
86607 5808 6 100000000
175863 5674 7 5000000
665981 5001 8 5000
1283611 5020 9 2000
258304 5040 7 100000
73266 5808 6 100000000
1729969 5168 9 2500
354787 5744 7 500000
260377 5164 7 1250000
218481 5558 7 50000
266079 5082 6 10000000
60421 5808 6 100000000
1325783 5020 9 2000
376376 5040 7 100000
