131133 5808 6 100000000
164730 5040 7 100000
329142 5132 8 6250
122325 5082 7 1000000
153055 5235 7 156250
46045 5808 6 100000000
68578 5808 6 100000000
62223 5370 6 25000000
128964 5744 7 500000
61105 5370 6 25000000
221455 5441 7 250000
308829 5408 8 10000
224389 5744 7 500000
81148 5184 6 1000000
160791 5915 7 100000
72423 5808 6 100000000
64351 5589 6 50000000
58923 5808 6 100000000
614317 5176 8 2000
54761 5808 6 100000000
153056 5915 7 100000
58185 5082 6 10000000
259817 5946 8 25000
118504 5152 6 12500000
126040 5589 6 50000000
53131 5589 6 50000000
187178 5674 7 5000000
82538 5704 6 4000000
5044368 5904 11 125
67691 5808 6 100000000
146947 5915 7 100000
128843 5343 7 200000
135948 5040 7 100000
433829 5408 8 10000
338298 5744 7 500000
97580 5787 6 5000000
756261 5993 9 2500
160954 5040 7 100000
126536 5040 7 100000
59396 5808 6 100000000
63627 5082 6 10000000
943281 5292 9 1000
142408 5929 7 10000000
59185 5184 6 1000000
794243 5462 9 1250
1766519 5854 10 400
275419 5408 8 10000
207671 5744 7 500000
231162 5946 8 25000
256713 5408 8 10000
48814 5082 6 10000000
47519 5527 6 2500000
63885 5808 6 100000000
140089 5040 7 100000
78276 5808 6 100000000
97678 5808 6 100000000
172791 5444 7 40000
466582 5176 8 2000
60925 5300 6 20000000
42476 5082 6 10000000
785643 5993 9 2500
113010 5040 7 100000
62760 5787 6 5000000
82129 5808 6 100000000
123017 5441 7 250000
90799 5184 6 1000000
187830 5441 7 250000
67095 5082 6 10000000
181569 5441 7 250000
115284 5939 7 781250
144108 5558 7 50000
66959 5589 6 50000000
291138 5760 8 100000
164515 5929 7 10000000
273163 5636 8 78125
50922 5589 6 50000000
924100 5462 9 1250
143695 5082 7 1000000
192504 5040 7 100000
118404 5300 6 20000000
385789 5408 8 10000
335790 5408 8 10000
248326 5001 8 5000
57547 5589 6 50000000
331121 5760 8 100000
723969 5823 9 2000
111459 5808 6 100000000
60698 5184 6 1000000
119540 5040 7 100000
74234 5082 6 10000000
171175 5343 7 200000
63852 5184 6 1000000
170606 5040 7 100000
149148 5184 6 1000000
454751 5760 8 100000
148852 5441 7 250000
181426 5744 7 500000
62331 5589 6 50000000
596503 5327 8 2500
265733 5336 7 2000000
159390 5137 7 125000
951374 5462 9 1250
587245 5408 8 10000
77301 5444 6 2000000
473589 5001 8 5000
227766 5915 7 100000
211968 5558 7 50000
171427 5300 6 20000000
166592 5040 7 100000
369138 5760 8 100000
77318 5082 6 10000000
78284 5808 6 100000000
1197817 5462 9 1250
2917165 5395 10 250
337090 5001 8 5000
165289 5082 7 1000000
343633 5915 7 100000
97135 5444 6 2000000
73970 5370 6 25000000
138960 5082 6 10000000
157588 5137 7 125000
260429 5441 7 250000
79886 5611 6 3125000
181337 5744 7 500000
282581 5066 8 25000
70543 5589 6 50000000
219895 5929 7 10000000
397141 5001 8 5000
201073 5343 7 200000
65145 5184 6 1000000
720590 5539 8 12500
67122 5808 6 100000000
369247 5871 8 125000
433093 5799 8 5000
155256 5164 7 1250000
483921 5327 8 2500
503261 5001 8 5000
402900 5408 8 10000
1181450 5626 9 5000
68157 5152 6 12500000
283351 5082 7 1000000
173661 5744 7 500000
554832 5539 8 12500
71776 5082 6 10000000
98899 5370 6 25000000
79694 5267 6 1250000
238982 5441 7 250000
85208 5527 6 2500000
1519208 5462 9 1250
267385 5441 7 250000
568871 5760 8 100000
498855 5670 8 15625
171140 5343 7 200000
100188 5267 6 1250000
170308 5808 6 100000000
211472 5082 7 1000000
249522 5744 7 500000
89372 5152 6 12500000
1626385 5626 9 5000
583318 5871 8 125000
531219 5001 8 5000
221429 5441 7 250000
417049 5744 7 500000
194322 5589 6 50000000
100376 5370 6 25000000
1201082 5327 8 2500
112308 5808 6 100000000
225188 5082 6 10000000
70487 5808 6 100000000
85968 5808 6 100000000
169397 5184 6 1000000
732169 5066 8 25000
412358 5088 7 20000
336203 5915 7 100000
1650297 5465 9 500
66364 5808 6 100000000
760189 5001 8 5000
167492 5808 6 100000000
108861 5444 6 2000000
177977 5040 7 100000
189181 5040 7 100000
69541 5370 6 25000000
2036250 5993 9 2500
148998 5152 6 12500000
302666 5040 7 100000
123266 5300 6 20000000
677529 5915 7 100000
143076 5184 6 1000000
848975 5408 8 10000
395004 5040 7 100000
594213 5235 7 156250
115273 5808 6 100000000
571835 5744 7 500000
102468 5589 6 50000000
599438 5408 8 10000
784903 5088 7 20000
94372 5082 6 10000000
2519304 5462 9 1250
380887 5001 8 5000
569830 5539 8 12500
347945 5419 7 2500000
114352 5082 6 10000000
697455 5176 8 2000
62423 5082 6 10000000
203499 5082 6 10000000
74260 5589 6 50000000
989360 5408 8 10000
533872 5082 7 1000000
766121 5001 8 5000
425935 5066 8 25000
1449409 5465 9 500
113101 5808 6 100000000
216992 5040 7 100000
174264 5040 7 100000
369877 5082 7 1000000
241544 5808 6 100000000
378318 5040 7 100000
211001 5082 6 10000000
396557 5441 7 250000
166787 5082 6 10000000
225251 5808 6 100000000
376472 5744 7 500000
320457 5744 7 500000
216038 5808 6 100000000
261754 5082 7 1000000
396033 5040 7 100000
2905829 5993 9 2500
190739 5808 6 100000000
407977 5040 7 100000
340107 5558 7 50000
644600 5001 8 5000
101452 5082 6 10000000
349468 5808 6 100000000
110810 5300 6 20000000
246030 5040 7 100000
259363 5441 7 250000
533512 5001 8 5000
218283 5184 6 1000000
312104 5808 6 100000000
224210 5040 7 100000
64931 5370 6 25000000
453979 5001 8 5000
591940 5137 7 125000
885705 5408 8 10000
193693 5589 6 50000000
150451 5808 6 100000000
286162 5808 6 100000000
155367 5611 6 3125000
178695 5589 6 50000000
195063 5370 6 25000000
