138065 5343 7 200000
261990 5929 7 10000000
170680 5915 7 100000
455032 5479 8 3125
69754 5808 6 100000000
60638 5589 6 50000000
98336 5808 6 100000000
60337 5370 6 25000000
50102 5370 6 25000000
65244 5808 6 100000000
79108 5007 6 625000
55402 5589 6 50000000
63762 5589 6 50000000
64436 5444 6 2000000
104037 5808 6 100000000
2076640 5395 10 250
46157 5589 6 50000000
48842 5082 6 10000000
353700 5132 8 6250
197800 5591 7 4000000
81900 5370 6 25000000
270939 5929 7 10000000
183604 5267 6 1250000
111169 5787 6 5000000
473511 5408 8 10000
238188 5040 7 100000
85741 5808 6 100000000
73510 5589 6 50000000
185698 5202 7 25000
50960 5808 6 100000000
182955 5744 7 500000
73057 5808 6 100000000
371220 5001 8 5000
327026 5408 8 10000
123572 5040 7 100000
82616 5082 6 10000000
117231 5370 6 25000000
69215 5152 6 12500000
411710 5408 8 10000
150293 5787 6 5000000
123898 5808 6 100000000
142358 5808 6 100000000
169365 5082 7 1000000
53550 5808 6 100000000
159554 5137 7 125000
123701 5589 6 50000000
51969 5370 6 25000000
202372 5164 7 1250000
831685 5626 9 5000
129819 5744 7 500000
92099 5300 6 20000000
164513 5558 7 50000
153663 5674 7 5000000
1485672 5479 10 625
316577 5479 8 3125
102466 5929 7 10000000
97479 5082 6 10000000
59612 5184 6 1000000
54953 5082 6 10000000
129211 5915 7 100000
232570 5408 8 10000
105596 5343 7 200000
50910 5082 6 10000000
53044 5370 6 25000000
101635 5808 6 100000000
389466 5946 8 25000
119143 5419 7 2500000
279073 5814 8 20000
156225 5915 7 100000
45439 5589 6 50000000
102663 5589 6 50000000
68286 5808 6 100000000
73228 5871 6 6250000
1955886 5177 10 200
130468 5202 7 25000
53345 5589 6 50000000
79085 5082 7 1000000
375641 5799 8 5000
321308 5814 8 20000
68143 5589 6 50000000
766593 5168 9 2500
129499 5842 7 625000
41075 5808 6 100000000
82255 5082 6 10000000
176042 5674 7 5000000
164953 5558 7 50000
43293 5589 6 50000000
221604 5558 7 50000
254513 5066 8 25000
222946 5040 7 100000
108038 5674 7 5000000
73622 5808 6 100000000
54868 5787 6 5000000
284612 5408 8 10000
181656 5040 7 100000
83188 5444 6 2000000
142070 5202 7 25000
65808 5808 6 100000000
128191 5929 7 10000000
731672 5823 9 2000
817599 5020 9 2000
63540 5184 6 1000000
330715 5408 8 10000
96993 5808 6 100000000
153229 5558 7 50000
382551 5799 8 5000
64809 5082 6 10000000
95154 5082 6 10000000
95730 5184 6 1000000
97650 5300 6 20000000
131002 5184 6 1000000
1083446 5823 9 2000
306953 5040 7 100000
163626 5808 6 100000000
72706 5808 6 100000000
200132 5929 7 10000000
499585 5799 8 5000
363288 5915 7 100000
320492 5040 7 100000
74472 5589 6 50000000
302157 5040 7 100000
71679 5370 6 25000000
513279 5946 8 25000
84216 5082 6 10000000
397176 5408 8 10000
121037 5871 6 6250000
74777 5808 6 100000000
692105 5001 8 5000
72410 5082 6 10000000
511999 5799 8 5000
56186 5082 6 10000000
167143 5744 7 500000
128935 5589 6 50000000
1217444 5462 9 1250
485066 5408 8 10000
63006 5082 6 10000000
115034 5184 6 1000000
154179 5674 7 5000000
127157 5082 6 10000000
290101 5915 7 100000
77032 5082 6 10000000
85056 5184 6 1000000
106287 5589 6 50000000
283690 5343 7 200000
192734 5300 6 20000000
87158 5808 6 100000000
88087 5589 6 50000000
334180 5413 8 50000
146276 5589 6 50000000
437680 5408 8 10000
87142 5370 6 25000000
354487 5088 7 20000
153679 5808 6 100000000
73502 5082 6 10000000
258530 5137 7 125000
626709 5001 8 5000
168797 5929 7 10000000
291943 5842 7 625000
363908 5327 8 2500
170948 5040 7 100000
156920 5184 6 1000000
123552 5808 6 100000000
87976 5184 6 1000000
452507 5799 8 5000
196925 5040 7 100000
130141 5808 6 100000000
83294 5808 6 100000000
1318745 5993 9 2500
70512 5152 6 12500000
304605 5040 7 100000
439992 5408 8 10000
421032 5001 8 5000
428421 5408 8 10000
153661 5082 6 10000000
78237 5184 6 1000000
494188 5408 8 10000
198451 5756 7 6250000
116966 5589 6 50000000
64414 5184 6 1000000
96732 5300 6 20000000
77920 5808 6 100000000
70329 5808 6 100000000
71928 5589 6 50000000
205418 5300 6 20000000
1526201 5661 9 625
188613 5040 7 100000
250229 5915 7 100000
208645 5040 7 100000
90462 5871 6 6250000
250017 5915 7 100000
70100 5808 6 100000000
633845 5946 8 25000
552113 5871 8 125000
272563 5558 7 50000
241268 5164 7 1250000
120969 5589 6 50000000
310889 5343 7 200000
352148 5915 7 100000
78734 5082 6 10000000
89011 5527 6 2500000
278808 5040 7 100000
140632 5808 6 100000000
281318 5040 7 100000
222856 5808 6 100000000
431310 5760 8 100000
136684 5082 6 10000000
139056 5300 6 20000000
167012 5082 6 10000000
613598 5744 7 500000
371851 5082 6 10000000
181234 5040 7 100000
688805 5408 8 10000
338078 5040 7 100000
139405 5808 6 100000000
968985 5539 8 12500
282121 5929 7 10000000
419772 5202 7 25000
128874 5082 6 10000000
187792 5419 7 2500000
228261 5336 7 2000000
260536 5040 7 100000
214335 5808 6 100000000
207291 5808 6 100000000
114675 5040 7 100000
308259 5915 7 100000
702164 5946 8 25000
258128 5808 6 100000000
195838 5929 7 10000000
327893 5040 7 100000
688681 5946 8 25000
131509 5808 6 100000000
148366 5808 6 100000000
140709 5184 6 1000000
559077 5646 7 400000
520961 5040 7 100000
270168 5744 7 500000
477508 5082 7 1000000
240627 5040 7 100000
284551 5589 6 50000000
181207 5808 6 100000000
394525 5082 6 10000000
104086 5808 6 100000000
64248 5589 6 50000000
59677 5808 6 100000000
490447 5040 7 100000
398416 5915 7 100000
196303 5082 6 10000000
212091 5088 7 20000
242093 5929 7 10000000
375516 5744 7 500000
