542830 6353 8 50000
267271 6351 7 2000000
206507 6654 7 4000000
380724 6048 7 1000000
160568 6752 7 5000000
531982 6912 8 1000000
1348127 6695 9 6250
72374 6651 6 50000000
83618 6912 6 100000000
293753 6048 7 1000000
170013 6850 7 6250000
109644 6308 6 20000000
84013 6912 6 100000000
461256 6912 8 1000000
97198 6912 6 100000000
215197 6776 7 100000000
855936 6084 9 10000
456617 6760 8 100000
429740 6272 8 10000
222998 6776 7 100000000
209076 6651 6 50000000
334803 6353 8 50000
283548 6048 7 1000000
132227 6183 7 20000000
380242 6221 8 40000
111761 6131 6 12500000
76870 6651 6 50000000
498389 6891 8 125000
183910 6385 7 250000
162403 6449 7 2500000
221921 6029 7 125000
352840 6912 8 1000000
213425 6776 7 100000000
268571 6029 7 125000
198904 6048 7 1000000
173418 6271 7 200000
242954 6048 7 1000000
154375 6183 7 20000000
445650 6912 8 1000000
293875 6776 7 100000000
456499 6272 8 10000
205427 6752 7 5000000
447122 6272 8 10000
175910 6752 7 5000000
1275844 6084 9 10000
66013 6308 6 20000000
253227 6521 7 50000000
76868 6048 6 10000000
181031 6266 7 25000000
273988 6741 7 500000
156303 6752 7 5000000
297400 6011 7 12500000
96353 6912 6 100000000
791680 6084 9 10000
288534 6776 7 100000000
437515 6895 8 25000
1626473 6075 9 1000
440146 6912 8 1000000
1090396 6524 9 5000
833061 6615 8 78125
223268 6271 7 200000
229930 6752 7 5000000
97391 6651 6 50000000
228483 6449 7 2500000
263448 6912 6 100000000
944596 6760 8 100000
170126 6912 6 100000000
712412 6891 8 125000
320659 6776 7 100000000
1971162 6084 9 10000
716610 6565 8 500000
390707 6011 7 12500000
353589 6048 7 1000000
352360 6351 7 2000000
95076 6912 6 100000000
130117 6912 6 100000000
313604 6741 7 500000
360847 6776 7 100000000
2180046 6880 9 2500
228584 6308 6 20000000
283509 6449 7 2500000
405211 6776 7 100000000
2125445 6524 9 5000
312516 6912 6 100000000
1102824 6423 8 12500
220480 6048 7 1000000
708076 6156 7 160000
622876 6353 8 50000
475278 6048 7 1000000
1890898 6271 9 1250
183431 6449 7 2500000
275407 6048 7 1000000
1841013 6075 9 1000
4773916 6290 10 625
588492 6760 8 100000
132431 6308 6 20000000
476343 6546 7 3125000
632358 6760 8 100000
239320 6048 7 1000000
101216 6048 6 10000000
613566 6741 7 500000
163933 6048 6 10000000
185988 6912 6 100000000
1197280 6353 8 50000
204634 6449 7 2500000
1204654 6272 8 10000
700533 6760 8 100000
2311069 6164 9 3125
1171245 6353 8 50000
631016 6760 8 100000
719505 6272 8 10000
1522571 6084 9 10000
225725 6449 7 2500000
151965 6048 6 10000000
112114 6048 6 10000000
416116 6752 7 5000000
364218 6983 7 800000
3955086 6659 10 2500
176980 6048 6 10000000
1160433 6880 9 2500
220480 6048 7 1000000
883233 6272 8 10000
92675 6308 6 20000000
194172 6912 6 100000000
589643 6272 8 10000
203740 6048 6 10000000
1035590 6272 8 10000
80264 6912 6 100000000
218101 6048 7 1000000
266363 6351 7 2000000
1542679 6524 9 5000
250009 6048 7 1000000
250399 6048 7 1000000
161646 6351 7 2000000
178362 6048 6 10000000
238639 6145 7 1250000
185755 6048 6 10000000
151882 6912 6 100000000
208677 6776 7 100000000
247444 6521 7 50000000
914443 6353 8 50000
238404 6029 7 125000
161769 6912 6 100000000
150396 6391 6 25000000
364765 6850 7 6250000
663331 6912 8 1000000
2498827 6271 9 1250
458608 6521 7 50000000
289549 6856 7 625000
665629 6048 7 1000000
153582 6651 6 50000000
526882 6048 7 1000000
2827164 6524 9 5000
309253 6912 6 100000000
159793 6776 7 100000000
130772 6521 7 50000000
202544 6912 6 100000000
494904 6048 7 1000000
213056 6183 7 20000000
148217 6266 7 25000000
89776 6391 6 25000000
199451 6776 7 100000000
176118 6048 7 1000000
664028 6353 8 50000
240813 6048 7 1000000
163475 6651 6 50000000
318596 6752 7 5000000
2571841 6684 9 2000
267360 6048 7 1000000
787892 6744 8 20000
475697 6615 7 390625
2394996 6084 9 10000
1055034 6744 8 20000
190503 6391 6 25000000
1830100 6895 8 25000
1043654 6912 8 1000000
1085993 6760 8 100000
341667 6912 6 100000000
1100234 6272 8 10000
404541 6385 7 250000
383687 6776 7 100000000
497954 6912 8 1000000
473245 6266 7 25000000
2539337 6684 9 2000
2994694 6689 9 25000
2692559 6524 9 5000
803564 6449 7 2500000
1114207 6891 8 125000
259058 6131 6 12500000
1439292 6423 8 12500
987906 6048 7 1000000
1420276 6741 7 500000
199817 6776 7 100000000
329659 6048 7 1000000
511427 6776 7 100000000
479837 6776 7 100000000
354468 6651 6 50000000
284254 6391 6 25000000
237667 6912 6 100000000
370282 6912 6 100000000
550106 6776 7 100000000
750559 6760 8 100000
1816094 6423 8 12500
1377573 6912 8 1000000
1451418 6353 8 50000
1605471 6895 8 25000
1050528 6912 8 1000000
852629 6760 8 100000
347056 6912 6 100000000
1653972 6760 8 100000
632978 6266 7 25000000
8991542 6750 10 1000
1704295 6760 8 100000
3040342 6164 9 3125
704760 6776 7 100000000
793488 6048 7 1000000
4311916 6524 9 5000
560820 6048 7 1000000
707491 6752 7 5000000
393231 6651 6 50000000
371552 6183 7 20000000
1496608 6423 8 12500
2828480 6524 9 5000
1274926 6752 7 5000000
659708 6449 7 2500000
321511 6651 6 50000000
501102 6776 7 100000000
1747586 6272 8 10000
2630599 6272 8 10000
78926 6308 6 20000000
606692 6741 7 500000
919618 6760 8 100000
711086 6183 7 20000000
124820 6912 6 100000000
655003 6048 7 1000000
2640946 6272 8 10000
1036343 6776 7 100000000
1578685 6272 8 10000
1339315 6351 7 2000000
1302256 6385 7 250000
1219841 6048 7 1000000
334195 6391 6 25000000
810584 6856 7 625000
1110112 6912 8 1000000
3129596 6684 9 2000
1775489 6565 8 500000
221050 6912 6 100000000
240180 6308 6 20000000
1414749 6048 7 1000000
1057801 6353 8 50000
