163971 6741 7 500000
388995 6744 8 20000
857613 6354 9 4000
85840 6391 6 25000000
416373 6272 8 10000
154356 6546 7 3125000
217158 6183 7 20000000
150683 6048 7 1000000
321701 6760 8 100000
158500 6776 7 100000000
580808 6912 8 1000000
341464 6385 7 250000
91583 6912 6 100000000
339197 6048 7 1000000
1069297 6084 9 10000
1648960 6084 9 10000
399032 6106 8 200000
76262 6912 6 100000000
1427374 6524 9 5000
138829 6048 6 10000000
385522 6106 8 200000
309769 6752 7 5000000
68745 6912 6 100000000
91317 6651 6 50000000
218592 6521 7 50000000
931047 6164 9 3125
1086237 6271 9 1250
96605 6391 6 25000000
914806 6524 9 5000
138871 6651 6 50000000
346782 6011 7 12500000
337512 6048 7 1000000
1504412 6524 9 5000
505766 6353 8 50000
199337 6271 7 200000
168179 6521 7 50000000
608704 6272 8 10000
172547 6391 6 25000000
93481 6912 6 100000000
396181 6353 8 50000
192776 6752 7 5000000
614134 6891 8 125000
286095 6048 7 1000000
190987 6271 7 200000
96753 6391 6 25000000
2223171 6750 10 1000
385124 6353 8 50000
258604 6048 7 1000000
319706 6449 7 2500000
180172 6752 7 5000000
88016 6048 6 10000000
189276 6776 7 100000000
171540 6546 7 3125000
141829 6391 6 25000000
733381 6760 8 100000
368736 6385 7 250000
315571 6776 7 100000000
267807 6752 7 5000000
1691171 6084 9 10000
490494 6760 8 100000
409696 6048 7 1000000
207892 6029 7 125000
506130 6048 7 1000000
283095 6741 7 500000
646368 6272 8 10000
1796879 6689 9 25000
328248 6654 7 4000000
323646 6521 7 50000000
536775 6654 7 4000000
156050 6651 6 50000000
431514 6048 7 1000000
845122 6744 8 20000
672934 6272 8 10000
2509868 6290 10 625
289273 6391 6 25000000
410505 6218 8 250000
282551 6145 7 1250000
355846 6776 7 100000000
924291 6272 8 10000
271618 6521 7 50000000
865967 6272 8 10000
172516 6391 6 25000000
791920 6353 8 50000
511976 6218 8 250000
317455 6912 8 1000000
208120 6048 7 1000000
530935 6760 8 100000
372589 6048 7 1000000
520113 6353 8 50000
458552 6891 8 125000
785897 6441 8 390625
585061 6106 8 200000
237838 6308 6 20000000
476546 6912 8 1000000
269030 6752 7 5000000
2610347 6880 9 2500
192244 6048 7 1000000
401245 6351 7 2000000
88838 6391 6 25000000
482408 6048 7 1000000
345232 6048 7 1000000
234764 6048 6 10000000
4421309 6661 10 400
1816625 6271 9 1250
614120 6353 8 50000
323214 6741 7 500000
2474537 6880 9 2500
259727 6266 7 25000000
1635317 6684 9 2000
233464 6912 6 100000000
4504475 6290 10 625
1883748 6689 9 25000
804086 6353 8 50000
238609 6391 6 25000000
302169 6145 7 1250000
213039 6776 7 100000000
356761 6266 7 25000000
146918 6308 6 20000000
259385 6741 7 500000
714665 6272 8 10000
238696 6856 7 625000
907550 6891 8 125000
79810 6651 6 50000000
1757203 6084 9 10000
455951 6048 7 1000000
4855856 6968 10 1250
1047214 6484 8 62500
264332 6912 6 100000000
451527 6449 7 2500000
1468136 6272 8 10000
2501644 6880 9 2500
5957974 6290 10 625
1327755 6353 8 50000
470834 6449 7 2500000
322573 6521 7 50000000
1025520 6760 8 100000
594337 6752 7 5000000
300605 6391 6 25000000
756121 6449 7 2500000
1285297 6353 8 50000
539195 6752 7 5000000
563579 6145 7 1250000
7028368 6909 10 500
953964 6272 8 10000
929895 6760 8 100000
291670 6752 7 5000000
1161032 6760 8 100000
159452 6912 6 100000000
13403218 6358 11 100
305579 6521 7 50000000
60201 6308 6 20000000
876576 6760 8 100000
534081 6218 8 250000
850913 6760 8 100000
2198039 6744 8 20000
623092 6048 6 10000000
229725 6912 6 100000000
371313 6651 6 50000000
499573 6752 7 5000000
823963 6776 7 100000000
331763 6651 6 50000000
322503 6449 7 2500000
1731109 6912 8 1000000
254336 6183 7 20000000
453840 6654 7 4000000
995123 6353 8 50000
769545 6776 7 100000000
3395460 6695 9 6250
561264 6741 7 500000
771660 6048 7 1000000
363056 6048 7 1000000
1133839 6760 8 100000
87572 6048 6 10000000
1136420 6353 8 50000
701357 6391 6 25000000
682705 6351 7 2000000
706808 6011 7 12500000
1940017 6760 8 100000
7605566 6968 10 1250
2915211 6575 8 15625
1284800 6760 8 100000
578248 6048 7 1000000
419889 6752 7 5000000
258350 6912 6 100000000
1271814 6565 8 500000
1574389 6353 8 50000
459524 6776 7 100000000
653269 6048 7 1000000
1192893 6353 8 50000
2282823 6760 8 100000
1200036 6912 8 1000000
618732 6654 7 4000000
104514 6521 7 50000000
1912839 6760 8 100000
1246922 6752 7 5000000
1455033 6752 7 5000000
421281 6521 7 50000000
1262983 6048 7 1000000
139647 6391 6 25000000
3878342 6084 9 10000
1318722 6048 7 1000000
530451 6565 8 500000
1305221 6776 7 100000000
299216 6912 6 100000000
2700084 6760 8 100000
503154 6752 7 5000000
269962 6912 6 100000000
434298 6912 6 100000000
1295611 6912 8 1000000
1551264 6776 7 100000000
82462 6391 6 25000000
1377121 6760 8 100000
422559 6351 7 2000000
495954 6449 7 2500000
4570421 6084 9 10000
2865465 6524 9 5000
538434 6752 7 5000000
1635075 6272 8 10000
544250 6521 7 50000000
368790 6651 6 50000000
911965 6752 7 5000000
656104 6912 6 100000000
1221859 6912 8 1000000
666683 6521 7 50000000
666901 6048 7 1000000
1751397 6353 8 50000
772286 6776 7 100000000
237611 6912 6 100000000
492529 6752 7 5000000
3999294 6075 9 1000
335738 6912 6 100000000
587443 6912 6 100000000
565558 6741 7 500000
1507690 6353 8 50000
271745 6741 7 500000
2177748 6565 8 500000
597973 6912 6 100000000
240903 6912 6 100000000
295749 6912 6 100000000
1205201 6385 7 250000
464861 6912 6 100000000
258956 6912 6 100000000
1671772 6760 8 100000
3745554 6524 9 5000
603811 6760 8 100000
2940476 6272 8 10000
689055 6271 7 200000
933851 6760 8 100000
722125 6351 7 2000000
3415426 6895 8 25000
