140058 6048 7 1000000
126701 6183 7 20000000
436171 6353 8 50000
241075 6453 8 400000
1123919 6684 9 2000
372112 6760 8 100000
4299312 6919 11 625
71539 6912 6 100000000
81851 6048 6 10000000
576913 6272 8 10000
84733 6912 6 100000000
455270 6272 8 10000
844422 6084 9 10000
725995 6353 8 50000
1354868 6524 9 5000
150842 6048 7 1000000
201964 6500 7 312500
93304 6391 6 25000000
1537159 6524 9 5000
244098 6546 7 3125000
112602 6391 6 25000000
2716792 6849 10 3125
381300 6029 7 125000
226674 6521 7 50000000
296315 6011 7 12500000
169764 6521 7 50000000
240353 6048 7 1000000
223706 6048 7 1000000
455050 6760 8 100000
210678 6776 7 100000000
333547 6272 8 10000
294957 6449 7 2500000
102096 6651 6 50000000
250206 6752 7 5000000
564880 6272 8 10000
325555 6048 7 1000000
413573 6565 8 500000
125948 6776 7 100000000
433556 6760 8 100000
998984 6695 9 6250
200847 6048 7 1000000
522950 6895 8 25000
286682 6048 7 1000000
1098701 6880 9 2500
1662427 6695 9 6250
519823 6145 7 1250000
650255 6760 8 100000
335105 6741 7 500000
269270 6048 7 1000000
309527 6752 7 5000000
429233 6351 7 2000000
257609 6752 7 5000000
504945 6912 8 1000000
845210 6353 8 50000
1029717 6272 8 10000
715586 6912 8 1000000
390084 6752 7 5000000
870205 6272 8 10000
348498 6521 7 50000000
241066 6776 7 100000000
383734 6351 7 2000000
354955 6776 7 100000000
1136131 6760 8 100000
851804 6353 8 50000
764917 6615 8 78125
121944 6912 6 100000000
1293111 6272 8 10000
758735 6760 8 100000
654514 6760 8 100000
1481276 6524 9 5000
147209 6651 6 50000000
79972 6131 6 12500000
525824 6353 8 50000
622936 6272 8 10000
807598 6760 8 100000
3936591 6290 10 625
286926 6912 6 100000000
1259781 6524 9 5000
357511 6183 7 20000000
1012236 6353 8 50000
729523 6760 8 100000
77528 6048 6 10000000
1734031 6084 9 10000
489974 6048 7 1000000
941621 6912 8 1000000
1085149 6272 8 10000
514098 6077 8 31250
334640 6266 7 25000000
403403 6752 7 5000000
481954 6752 7 5000000
458972 6266 7 25000000
877705 6760 8 100000
799831 6218 8 250000
139835 6912 6 100000000
849523 6615 8 78125
346908 6752 7 5000000
1204290 6084 9 10000
221186 6654 7 4000000
414560 6912 6 100000000
2926118 6524 9 5000
873387 6912 8 1000000
227485 6752 7 5000000
1684060 6075 9 1000
268896 6029 7 125000
453001 6912 8 1000000
236216 6776 7 100000000
2254116 6695 9 6250
628568 6891 8 125000
477947 6760 8 100000
152464 6912 6 100000000
1212757 6760 8 100000
75633 6912 6 100000000
203933 6048 6 10000000
748343 6895 8 25000
822371 6106 8 200000
195114 6449 7 2500000
190782 6048 6 10000000
283334 6776 7 100000000
73215 6912 6 100000000
376477 6776 7 100000000
276092 6776 7 100000000
62248 6912 6 100000000
2211010 6271 9 1250
135053 6912 6 100000000
1502318 6744 8 20000
528867 6760 8 100000
593649 6760 8 100000
958557 6272 8 10000
767959 6912 8 1000000
2309903 6880 9 2500
447972 6351 7 2000000
2149258 6524 9 5000
598572 6521 7 50000000
3383963 6880 9 2500
489441 6308 6 20000000
159598 6308 6 20000000
165485 6912 6 100000000
87960 6912 6 100000000
298372 6741 7 500000
517164 6385 7 250000
160210 6912 6 100000000
934585 6272 8 10000
703210 6048 7 1000000
381724 6752 7 5000000
143887 6776 7 100000000
288950 6029 7 125000
306099 6048 6 10000000
875390 6760 8 100000
76007 6651 6 50000000
156547 6131 6 12500000
357003 6912 6 100000000
2474239 6084 9 10000
218810 6651 6 50000000
339507 6449 7 2500000
1045105 6484 8 62500
974725 6575 8 15625
2524987 6541 9 20000
466813 6449 7 2500000
202803 6546 7 3125000
284446 6776 7 100000000
4962450 6909 10 500
529381 6752 7 5000000
265811 6654 7 4000000
1110445 6760 8 100000
974056 6760 8 100000
2330442 6084 9 10000
9757016 6069 10 1250
688525 6353 8 50000
1131095 6912 8 1000000
590592 6850 7 6250000
757511 6741 7 500000
545469 6983 7 800000
962574 6776 7 100000000
1395247 6760 8 100000
241555 6776 7 100000000
445863 6145 7 1250000
1126777 6353 8 50000
1157345 6891 8 125000
589427 6912 6 100000000
1264546 6760 8 100000
636358 6353 8 50000
822370 6048 7 1000000
301527 6776 7 100000000
175218 6391 6 25000000
74753 6651 6 50000000
2177265 6760 8 100000
266988 6912 6 100000000
1263430 6272 8 10000
546776 6048 7 1000000
676853 6266 7 25000000
116649 6912 6 100000000
349514 6776 7 100000000
270740 6912 6 100000000
663878 6271 7 200000
121810 6048 6 10000000
4620709 6684 9 2000
5985920 6750 10 1000
510239 6912 6 100000000
14329623 6919 11 625
190475 6131 6 12500000
823256 6353 8 50000
671678 6565 8 500000
1946213 6484 8 62500
5030517 6695 9 6250
1479967 6760 8 100000
803485 6385 7 250000
4343916 6689 9 25000
447756 6500 7 312500
3262987 6075 9 1000
832709 6048 7 1000000
467065 6912 6 100000000
455365 6752 7 5000000
1235185 6484 8 62500
800972 6048 7 1000000
2524296 6353 8 50000
977561 6760 8 100000
295346 6048 6 10000000
308536 6912 6 100000000
65400 6651 6 50000000
82187 6912 6 100000000
447810 6048 7 1000000
803039 6048 7 1000000
1652093 6760 8 100000
3402214 6895 8 25000
2110392 6912 8 1000000
686792 6741 7 500000
1082265 6760 8 100000
339818 6776 7 100000000
1084307 6048 7 1000000
875818 6752 7 5000000
1208480 6752 7 5000000
424701 6912 6 100000000
2121272 6760 8 100000
11276627 6968 10 1250
723061 6776 7 100000000
1318396 6891 8 125000
3783145 6524 9 5000
485230 6776 7 100000000
1689246 6760 8 100000
234646 6912 6 100000000
4085255 6695 9 6250
575819 6048 7 1000000
963447 6449 7 2500000
2758254 6895 8 25000
710724 6266 7 25000000
2570407 6272 8 10000
176814 6048 6 10000000
4974094 6084 9 10000
443906 6776 7 100000000
3593117 6895 8 25000
