58358 6912 6 100000000
142494 6741 7 500000
170176 6752 7 5000000
185411 6546 7 3125000
2068277 6849 10 3125
198669 6521 7 50000000
327383 6353 8 50000
153082 6912 6 100000000
98820 6308 6 20000000
158824 6145 7 1250000
327724 6353 8 50000
315114 6048 7 1000000
88989 6651 6 50000000
194594 6776 7 100000000
3460867 6290 10 625
72512 6048 6 10000000
429236 6484 8 62500
833351 6271 9 1250
1276752 6695 9 6250
794004 6272 8 10000
791309 6272 8 10000
357890 6850 7 6250000
96802 6912 6 100000000
260145 6048 7 1000000
136353 6521 7 50000000
238356 6385 7 250000
212351 6048 7 1000000
144735 6776 7 100000000
245357 6048 7 1000000
109217 6912 6 100000000
83119 6912 6 100000000
116949 6048 6 10000000
83360 6912 6 100000000
333049 6760 8 100000
459844 6565 8 500000
264850 6029 7 125000
85125 6912 6 100000000
529624 6760 8 100000
110616 6912 6 100000000
93700 6048 6 10000000
353473 6741 7 500000
104523 6912 6 100000000
207146 6776 7 100000000
85058 6651 6 50000000
318110 6912 8 1000000
106784 6912 6 100000000
1430606 6524 9 5000
571848 6272 8 10000
141469 6385 7 250000
265318 6741 7 500000
78759 6391 6 25000000
521697 6912 8 1000000
182460 6651 6 50000000
165468 6752 7 5000000
148256 6048 7 1000000
1200890 6271 9 1250
387182 6741 7 500000
182001 6752 7 5000000
101081 6651 6 50000000
142743 6183 7 20000000
248059 6741 7 500000
805601 6423 8 12500
230064 6856 7 625000
79139 6651 6 50000000
94333 6651 6 50000000
299045 6048 7 1000000
80091 6048 6 10000000
90475 6651 6 50000000
373578 6850 7 6250000
88081 6308 6 20000000
78492 6912 6 100000000
4097336 6968 10 1250
1441348 6524 9 5000
1433137 6524 9 5000
621721 6565 8 500000
1043283 6760 8 100000
207103 6912 6 100000000
841499 6760 8 100000
374917 6266 7 25000000
94332 6308 6 20000000
446067 6048 7 1000000
487843 6351 7 2000000
781330 6760 8 100000
822990 6272 8 10000
495548 6048 7 1000000
741810 6760 8 100000
136971 6391 6 25000000
855855 6084 9 10000
75933 6912 6 100000000
990225 6760 8 100000
283030 6048 7 1000000
428759 6850 7 6250000
67203 6048 6 10000000
136400 6048 7 1000000
563145 6912 8 1000000
3648965 6968 10 1250
443279 6752 7 5000000
662269 6760 8 100000
212912 6912 6 100000000
357135 6145 7 1250000
241708 6351 7 2000000
25035452 6605 12 50
187722 6752 7 5000000
744919 6353 8 50000
202347 6391 6 25000000
642394 6449 7 2500000
459071 6776 7 100000000
854088 6912 8 1000000
1576977 6084 9 10000
230222 6048 7 1000000
200820 6912 6 100000000
308754 6776 7 100000000
171824 6048 6 10000000
2934847 6880 9 2500
165499 6912 6 100000000
716818 6271 7 200000
772719 6106 8 200000
237136 6912 6 100000000
274011 6449 7 2500000
157499 6048 6 10000000
468363 6048 7 1000000
1576376 6231 9 12500
781608 6218 8 250000
828159 6449 7 2500000
698132 6272 8 10000
745060 6760 8 100000
451238 6029 7 125000
794715 6912 8 1000000
326355 6752 7 5000000
1529221 6541 9 20000
2225902 6689 9 25000
601569 6760 8 100000
245998 6615 7 390625
416767 6048 7 1000000
726936 6183 7 20000000
262975 6651 6 50000000
1476814 6541 9 20000
12820710 6666 11 125
808780 6145 7 1250000
3268221 6084 9 10000
476902 6308 6 20000000
406501 6048 7 1000000
1447927 6744 8 20000
412940 6651 6 50000000
267347 6391 6 25000000
87086 6651 6 50000000
1938084 6684 9 2000
220725 6912 6 100000000
849576 6912 8 1000000
236671 6521 7 50000000
397618 6912 6 100000000
978722 6912 8 1000000
1665261 6912 8 1000000
1220357 6760 8 100000
568916 6048 7 1000000
236638 6912 6 100000000
434748 6048 7 1000000
980225 6912 8 1000000
4017723 6684 9 2000
913067 6856 7 625000
2052737 6912 8 1000000
387845 6308 6 20000000
163186 6308 6 20000000
713577 6048 7 1000000
384883 6048 7 1000000
794930 6565 8 500000
182466 6048 6 10000000
753217 6760 8 100000
563415 6651 6 50000000
274589 6048 6 10000000
1968407 6695 9 6250
486224 6385 7 250000
2999933 6541 9 20000
1592602 6353 8 50000
1589258 6760 8 100000
771266 6048 7 1000000
1846440 6760 8 100000
1229072 6760 8 100000
569112 6776 7 100000000
861681 6546 7 3125000
1426392 6106 8 200000
234133 6912 6 100000000
1392056 6891 8 125000
719647 6011 7 12500000
501205 6521 7 50000000
640366 6760 8 100000
457252 6521 7 50000000
802845 6271 7 200000
582148 6521 7 50000000
515256 6741 7 500000
324097 6741 7 500000
617193 6752 7 5000000
1419137 6912 8 1000000
803678 6048 7 1000000
8074448 6659 10 2500
203679 6521 7 50000000
391419 6391 6 25000000
163259 6048 6 10000000
349386 6752 7 5000000
18458088 6049 11 80
439210 6912 6 100000000
465085 6449 7 2500000
4773673 6524 9 5000
1235898 6218 8 250000
837655 6266 7 25000000
657891 6741 7 500000
1524794 6353 8 50000
506054 6651 6 50000000
3141088 6541 9 20000
256624 6912 6 100000000
258876 6011 7 12500000
1767824 6272 8 10000
3734500 6524 9 5000
3818757 6084 9 10000
3178917 6272 8 10000
594025 6912 6 100000000
1593395 6048 7 1000000
929532 6850 7 6250000
368219 6048 7 1000000
374851 6752 7 5000000
366532 6308 6 20000000
2891650 6084 9 10000
56526 6651 6 50000000
3730218 6524 9 5000
975615 6353 8 50000
1274771 6353 8 50000
104924 6912 6 100000000
135837 6912 6 100000000
716058 6048 6 10000000
432225 6983 7 800000
1426559 6183 7 20000000
584230 6048 7 1000000
10660244 6968 10 1250
2004319 6895 8 25000
1098557 6752 7 5000000
165750 6131 6 12500000
1352386 6760 8 100000
1244828 6891 8 125000
2697376 6912 8 1000000
896722 6752 7 5000000
827216 6048 7 1000000
119722 6449 7 2500000
1587788 6741 7 500000
4020816 6524 9 5000
213826 6912 6 100000000
622725 6752 7 5000000
685061 6776 7 100000000
1285259 6385 7 250000
1649549 6912 8 1000000
825220 6351 7 2000000
