553545 7367 8 50000
225496 7056 7 10000000
595041 7367 8 50000
167843 7056 7 10000000
1098096 7056 9 10000
1505517 7056 9 10000
1040718 7367 8 50000
425929 7454 7 2000000
505397 7098 7 1000000
722703 7705 8 500000
403197 7056 7 10000000
1330487 7147 9 50000
1026999 7705 8 500000
570771 7166 8 200000
318889 7760 7 50000000
514449 7056 7 10000000
2011898 7056 9 10000
295647 7457 7 25000000
263391 7760 7 50000000
2272905 7056 9 10000
415735 7810 7 4000000
432381 7098 7 1000000
383169 7056 7 10000000
296011 7056 7 10000000
3060756 7397 9 15625
547953 7166 8 200000
271026 7327 7 1562500
1190944 7717 8 5000000
691383 7098 7 1000000
595690 7166 8 200000
469158 7056 7 10000000
763787 7370 8 2500000
712467 7836 8 625000
820549 7717 8 5000000
2185518 7686 9 6250
545868 7840 8 100000
263170 7098 7 1000000
192558 7760 7 50000000
703160 7367 8 50000
1930433 7757 9 25000
831938 7840 8 100000
2958574 7056 9 10000
479122 7760 7 50000000
1063131 7840 8 100000
3219379 7645 10 2500
599313 7023 8 1250000
511536 7457 7 25000000
910761 7258 8 2000000
1157486 7705 8 500000
1537831 7587 9 20000
358062 7568 7 2500000
789612 7705 8 500000
308865 7153 7 12500000
609159 7840 8 100000
532481 7056 7 10000000
966238 7367 8 50000
534144 7840 8 100000
829639 7705 8 500000
315416 7457 7 25000000
750901 7560 8 390625
9429578 7664 11 1250
1746247 7757 9 25000
1675621 7587 9 20000
756310 7840 8 100000
1857815 7056 9 10000
889607 7840 8 100000
251067 7760 7 50000000
2844550 7056 9 10000
1171754 7298 8 250000
1856993 7836 8 625000
449629 7760 7 50000000
561816 7153 7 12500000
1651019 7840 8 100000
950278 7482 8 3125000
767131 7457 7 25000000
391004 7056 7 10000000
673351 7056 7 10000000
2149827 7226 9 12500
561314 7457 7 25000000
594070 7705 8 500000
2137147 7490 9 5000
919511 7367 8 50000
2265351 7605 9 100000
348257 7153 7 12500000
865259 7098 7 1000000
275118 7056 7 10000000
5665090 7645 10 2500
1908675 7367 8 50000
6802715 7645 10 2500
683837 7098 7 1000000
410861 7212 7 1250000
16860708 7873 11 625
400969 7924 7 5000000
1319284 7840 8 100000
2495467 7840 8 100000
1746944 7705 8 500000
2134390 7705 8 500000
438685 7056 7 10000000
1558417 7298 8 250000
6734432 7645 10 2500
2216957 7482 8 3125000
766785 7454 7 2000000
458663 7760 7 50000000
966939 7840 8 100000
968777 7098 7 1000000
862837 7760 7 50000000
952369 7056 7 10000000
806592 7166 8 200000
538656 7457 7 25000000
491809 7760 7 50000000
3428631 7490 9 5000
1041002 7705 8 500000
802681 7457 7 25000000
830969 7098 7 1000000
602672 7212 7 1250000
617407 7924 7 5000000
8274707 7249 10 5000
625564 7056 7 10000000
302917 7056 7 10000000
3136480 7429 8 312500
3511655 7490 9 5000
362633 7760 7 50000000
616664 7098 7 1000000
3088902 7840 8 100000
1559772 7760 7 50000000
618142 7056 7 10000000
541835 7056 7 10000000
2147528 7840 8 100000
2077850 7840 8 100000
1299709 7370 8 2500000
2564573 7056 9 10000
229065 7760 7 50000000
1010648 7924 7 5000000
1978728 7216 8 40000
981030 7098 7 1000000
645216 7359 7 20000000
5250187 7056 9 10000
1108593 7457 7 25000000
897567 7098 7 1000000
1405669 7760 7 50000000
4928504 7605 9 100000
789706 7457 7 25000000
694265 7056 7 10000000
2374437 7298 8 250000
4649416 7928 9 31250
4970727 7077 9 3125
805466 7836 8 625000
1282690 7760 7 50000000
1998244 7454 7 2000000
1148854 7568 7 2500000
1684896 7717 8 5000000
6268386 7490 9 5000
476154 7098 7 1000000
266666 7760 7 50000000
4878707 7490 9 5000
1030117 7153 7 12500000
3209408 7757 9 25000
1813994 7298 8 250000
10280407 7427 10 2000
1470149 7836 8 625000
6147430 7490 9 5000
6150703 7757 9 25000
7973227 7840 10 10000
434762 7212 7 1250000
1830544 7760 7 50000000
1554093 7023 8 1250000
1683570 7568 7 2500000
604045 7683 7 3125000
1254528 7056 7 10000000
1979428 7705 8 500000
716243 7457 7 25000000
2163295 7370 8 2500000
2366664 7605 8 4000000
827372 7457 7 25000000
3757611 7757 9 25000
2753830 7705 8 500000
1787263 7056 7 10000000
4365319 7226 9 12500
3818769 7056 9 10000
1929912 7429 8 312500
420441 7056 7 10000000
763889 7056 7 10000000
3496636 7752 9 125000
308003 7359 7 20000000
1430128 7370 8 2500000
5308079 7605 9 100000
5820781 7056 9 10000
347465 7359 7 20000000
29338706 7600 11 500
12820642 7427 10 2000
4368341 7294 9 4000
1401959 7367 8 50000
26396491 7873 11 625
552775 7760 7 50000000
2366675 7840 8 100000
1411168 7454 7 2000000
1989838 7429 8 312500
1457405 7298 8 250000
4557080 7752 9 125000
1905410 7098 7 1000000
1124999 7056 7 10000000
4133612 7757 9 25000
2620164 7367 8 50000
1248173 7760 7 50000000
2246725 7258 8 2000000
1691862 7359 7 20000000
2615378 7216 8 40000
568830 7359 7 20000000
1030593 7153 7 12500000
4294440 7056 9 10000
9851483 7249 10 5000
29068521 7327 11 400
2471612 7298 8 250000
664776 7760 7 50000000
8788019 7645 10 2500
4405006 7490 9 5000
328326 7098 7 1000000
694613 7760 7 50000000
35628693 7314 11 200
1825970 7840 8 100000
2532371 7605 9 100000
57917320 7272 12 125
795049 7098 7 1000000
589258 7153 7 12500000
2015722 7840 8 100000
1447912 7705 8 500000
371939 7056 7 10000000
822864 7760 7 50000000
1176856 7840 8 100000
498306 7098 7 1000000
720278 7457 7 25000000
483024 7359 7 20000000
1975752 7367 8 50000
496799 7098 7 1000000
4915376 7587 9 20000
278123 7457 7 25000000
13814959 7645 10 2500
1202699 7457 7 25000000
989844 7359 7 20000000
964255 7760 7 50000000
853983 7760 7 50000000
1600635 7705 8 500000
481710 7153 7 12500000
2106785 7056 7 10000000
3796537 7056 9 10000
13852870 7840 10 10000
831857 7056 7 10000000
5238057 7077 9 3125
1752021 7705 8 500000
360545 7056 7 10000000
