262929 7568 7 2500000
317037 7924 7 5000000
539724 7298 8 250000
1253938 7056 9 10000
729973 7370 8 2500000
327869 7056 7 10000000
188755 7457 7 25000000
307533 7705 8 500000
689414 7298 8 250000
265943 7056 7 10000000
227365 7056 7 10000000
663103 7367 8 50000
1397992 7056 9 10000
283076 7760 7 50000000
1405808 7605 9 100000
4119749 7680 10 1000
537912 7717 8 5000000
287382 7924 7 5000000
776522 7367 8 50000
664494 7717 8 5000000
413621 7098 7 1000000
318158 7924 7 5000000
790795 7991 8 125000
1080312 7560 8 390625
1162570 7705 8 500000
307211 7568 7 2500000
1455925 7056 9 10000
297128 7924 7 5000000
718828 7098 7 1000000
361591 7568 7 2500000
990883 7258 8 2000000
1528160 7056 9 10000
319039 7359 7 20000000
564793 7056 7 10000000
1058823 7166 8 200000
409029 7098 7 1000000
4677479 7157 10 625
1263517 7147 9 50000
299025 7760 7 50000000
736959 7717 8 5000000
846001 7840 8 100000
304884 7683 7 3125000
14327397 7873 11 625
720885 7098 7 1000000
576118 7760 7 50000000
2056452 7226 9 12500
1262129 7056 9 10000
175848 7454 7 2000000
910152 7298 8 250000
970415 7991 8 125000
845294 7705 8 500000
2894140 7226 9 12500
1218231 7429 8 312500
2769871 7056 9 10000
1521641 7605 9 100000
803525 7840 8 100000
1397236 7915 9 160000
705503 7457 7 25000000
678292 7454 7 2000000
943825 7717 8 5000000
763526 7056 7 10000000
486724 7056 7 10000000
1438203 7370 8 2500000
467292 7457 7 25000000
370859 7568 7 2500000
373211 7760 7 50000000
535738 7568 7 2500000
261191 7760 7 50000000
277080 7760 7 50000000
1040436 7836 8 625000
359219 7760 7 50000000
379581 7359 7 20000000
832996 7760 7 50000000
5279292 7427 10 2000
974510 7840 8 100000
1849162 7605 9 100000
789088 7840 8 100000
3360313 7056 9 10000
665409 7760 7 50000000
502316 7359 7 20000000
885646 7022 8 156250
1048625 7840 8 100000
959453 7840 8 100000
343037 7098 7 1000000
607143 7924 7 5000000
1919198 7840 8 100000
7427714 7645 10 2500
779016 7705 8 500000
325113 7098 7 1000000
454595 7153 7 12500000
430008 7457 7 25000000
951878 7991 8 125000
297439 7153 7 12500000
546721 7359 7 20000000
385028 7760 7 50000000
1594159 7840 8 100000
3731025 7490 9 5000
753426 7760 7 50000000
1024524 7605 8 4000000
669732 7056 7 10000000
1019315 7359 7 20000000
1019183 7705 8 500000
721730 7098 7 1000000
619411 7098 7 1000000
350770 7568 7 2500000
278009 7924 7 5000000
6021083 7056 9 10000
5534029 7928 10 1250
835643 7153 7 12500000
887704 7298 8 250000
990951 7840 8 100000
446346 7153 7 12500000
1900102 7840 8 100000
1367945 7359 7 20000000
1297719 7166 8 200000
1591481 7705 8 500000
3919827 7056 9 10000
3177349 7147 9 50000
721801 7924 7 5000000
2094630 7166 8 200000
1454137 7367 8 50000
3829749 7056 9 10000
3806220 7587 9 20000
1783743 7367 8 50000
2488656 7605 9 100000
658515 7760 7 50000000
765878 7454 7 2000000
1228344 7482 8 3125000
1509176 7298 8 250000
4711019 7605 9 100000
580342 7098 7 1000000
2187292 7367 8 50000
431765 7454 7 2000000
1816754 7367 8 50000
1414318 7840 8 100000
1470680 7457 7 25000000
589846 7370 8 2500000
785643 7760 7 50000000
459799 7056 7 10000000
2886838 7752 9 125000
1469253 7705 8 500000
1248211 7457 7 25000000
325539 7056 7 10000000
1777261 7828 8 6250000
2129266 7298 8 250000
2427097 7705 8 500000
1409589 7056 7 10000000
506909 7760 7 50000000
4524775 7056 9 10000
10936485 7645 10 2500
1232773 7760 7 50000000
1809354 7840 8 100000
1255835 7840 8 100000
720138 7683 7 3125000
1106839 7760 7 50000000
1241296 7457 7 25000000
965382 7098 7 1000000
689278 7760 7 50000000
860952 7098 7 1000000
888288 7760 7 50000000
1089009 7760 7 50000000
8597999 7840 10 10000
945999 7056 7 10000000
665638 7056 7 10000000
1371502 7457 7 25000000
2216448 7717 8 5000000
6888228 7077 9 3125
2194881 7429 8 312500
7064362 7686 9 6250
1390527 7760 7 50000000
6207949 7757 9 25000
4229584 7056 9 10000
10013535 7249 10 5000
514176 7457 7 25000000
502491 7153 7 12500000
5017480 7294 9 4000
2073811 7298 8 250000
4713496 7757 9 25000
1077721 7457 7 25000000
5194728 7928 9 31250
25866706 7600 11 500
841359 7924 7 5000000
2762302 7605 9 100000
1041786 7166 8 200000
24770312 7873 11 625
228677 7056 7 10000000
3844272 7226 9 12500
1841564 7924 7 5000000
715154 7760 7 50000000
1255575 7705 8 500000
8668796 7840 10 10000
913160 7056 7 10000000
3480985 7991 8 125000
906536 7840 8 100000
195430 7056 7 10000000
3815672 7147 9 50000
519500 7760 7 50000000
862135 7924 7 5000000
379972 7568 7 2500000
1040887 7683 7 3125000
2579901 7298 8 250000
2541182 7166 8 200000
4215763 7605 9 100000
567586 7359 7 20000000
647543 7457 7 25000000
1960124 7298 8 250000
3130248 7705 8 500000
603671 7056 7 10000000
1978135 7166 8 200000
1132364 7056 7 10000000
613613 7457 7 25000000
2424317 7705 8 500000
361850 7760 7 50000000
1200050 7760 7 50000000
1107399 7056 7 10000000
14035064 7928 10 1250
682193 7568 7 2500000
2108231 7840 8 100000
246685 7056 7 10000000
1669182 7298 8 250000
944843 7166 8 200000
7104435 7757 9 25000
1116021 7056 7 10000000
346882 7760 7 50000000
582845 7098 7 1000000
27741341 7314 11 200
1804902 7023 8 1250000
479061 7359 7 20000000
707270 7098 7 1000000
870466 7098 7 1000000
850053 7153 7 12500000
705918 7056 7 10000000
3944119 7587 9 20000
875460 7760 7 50000000
5372857 7490 9 5000
535885 7760 7 50000000
675425 7760 7 50000000
2063707 7705 8 500000
2038739 7258 8 2000000
678706 7153 7 12500000
1271087 7760 7 50000000
1430064 7454 7 2000000
603465 7760 7 50000000
4885933 7056 9 10000
1037240 7098 7 1000000
4984851 7056 9 10000
1881599 7298 8 250000
3071599 7840 8 100000
1995272 7367 8 50000
1839145 7166 8 200000
