242372 7153 7 12500000
500654 7560 8 390625
237602 7760 7 50000000
370095 7359 7 20000000
312613 7760 7 50000000
407107 7717 8 5000000
260768 7457 7 25000000
768331 7047 8 31250
496405 7056 7 10000000
1854434 7056 9 10000
286613 7760 7 50000000
265646 7760 7 50000000
1910314 7457 9 80000
864029 7166 8 200000
1795589 7490 9 5000
677339 7705 8 500000
417302 7568 7 2500000
672661 7166 8 200000
336642 7056 7 10000000
224221 7457 7 25000000
387749 7760 7 50000000
361778 7359 7 20000000
291053 7760 7 50000000
224569 7760 7 50000000
750237 7840 8 100000
255545 7760 7 50000000
225514 7056 7 10000000
387869 7924 7 5000000
2390295 7757 9 25000
1397439 7605 9 100000
825326 7370 8 2500000
198313 7056 7 10000000
1174949 7226 9 12500
213782 7457 7 25000000
393505 7056 7 10000000
203632 7056 7 10000000
278434 7359 7 20000000
1392245 7056 9 10000
672441 7705 8 500000
258923 7056 7 10000000
323074 7056 7 10000000
284842 7153 7 12500000
269049 7098 7 1000000
409886 7258 8 2000000
359429 7705 8 500000
731759 7840 8 100000
192999 7098 7 1000000
328404 7098 7 1000000
383504 7098 7 1000000
780447 7705 8 500000
301370 7568 7 2500000
556428 7359 7 20000000
1292425 7298 8 250000
415184 7098 7 1000000
492611 7457 7 25000000
358239 7457 7 25000000
692298 7840 8 100000
939527 7519 8 62500
4487361 7645 10 2500
541782 7568 7 2500000
911649 7717 8 5000000
1534382 7605 9 100000
192679 7457 7 25000000
744318 7840 8 100000
415826 7153 7 12500000
596781 7717 8 5000000
1238008 7367 8 50000
4028934 7680 10 1000
422555 7760 7 50000000
370401 7457 7 25000000
1303412 7056 9 10000
349119 7457 7 25000000
121843 7760 7 50000000
227586 7457 7 25000000
149928 7760 7 50000000
2463756 7490 9 5000
258395 7760 7 50000000
322292 7153 7 12500000
3322401 7840 10 10000
2662742 7757 9 25000
2954357 7645 10 2500
309461 7056 7 10000000
824116 7056 7 10000000
177088 7457 7 25000000
2270494 7056 9 10000
277825 7457 7 25000000
392700 7457 7 25000000
2428179 7587 9 20000
497947 7098 7 1000000
780797 7991 8 125000
2956467 7056 9 10000
354015 7457 7 25000000
747942 7098 7 1000000
1013758 7166 8 200000
832470 7298 8 250000
1185798 7840 8 100000
737774 7098 7 1000000
1552146 7519 8 62500
328841 7153 7 12500000
591869 7153 7 12500000
601946 7454 7 2000000
3645993 7645 10 2500
3765907 7686 9 6250
716806 7359 7 20000000
690744 7760 7 50000000
4262984 7490 9 5000
1715808 7717 8 5000000
889558 7924 7 5000000
476575 7760 7 50000000
633830 7717 8 5000000
319153 7098 7 1000000
1578618 7717 8 5000000
8296637 7840 10 10000
1306544 7166 8 200000
515352 7056 7 10000000
291406 7056 7 10000000
1036921 7298 8 250000
652058 7568 7 2500000
130522 7760 7 50000000
160832 7457 7 25000000
484526 7760 7 50000000
628289 7924 7 5000000
632458 7840 8 100000
781784 7098 7 1000000
1915415 7166 8 200000
1923317 7367 8 50000
423359 7056 7 10000000
577695 7153 7 12500000
173881 7359 7 20000000
958847 7056 7 10000000
934756 7056 7 10000000
1627239 7840 8 100000
923259 7924 7 5000000
486892 7760 7 50000000
696267 7359 7 20000000
1145504 7840 8 100000
762495 7056 7 10000000
846403 7359 7 20000000
4193687 7147 9 50000
2853505 7828 8 6250000
284848 7359 7 20000000
391461 7153 7 12500000
1250889 7840 8 100000
2285234 7367 8 50000
645295 7359 7 20000000
551558 7153 7 12500000
6060164 7427 10 2000
675064 7568 7 2500000
1952691 7258 8 2000000
929267 7098 7 1000000
3607525 7147 9 50000
3616755 7752 9 125000
1004782 7367 8 50000
2365441 7705 8 500000
395617 7056 7 10000000
7036303 7587 9 20000
11031444 7427 10 2000
451000 7457 7 25000000
572765 7760 7 50000000
980965 7056 7 10000000
967240 7760 7 50000000
535317 7056 7 10000000
4513146 7056 9 10000
1544755 7840 8 100000
536994 7056 7 10000000
670372 7056 7 10000000
1543282 7840 8 100000
4539530 7757 9 25000
518124 7098 7 1000000
2003435 7035 8 160000
442573 7457 7 25000000
3447755 7056 9 10000
2015322 7705 8 500000
2226096 7047 8 31250
772670 7568 7 2500000
1126239 7098 7 1000000
726997 7924 7 5000000
2181341 7367 8 50000
540926 7760 7 50000000
1669280 7298 8 250000
5131188 7490 9 5000
1728956 7688 8 80000
14440498 7427 10 2000
688470 7212 7 1250000
3776381 7605 9 100000
1407036 7760 7 50000000
2209360 7298 8 250000
723685 7098 7 1000000
699846 7056 7 10000000
785240 7924 7 5000000
999389 7760 7 50000000
682072 7359 7 20000000
8362751 7680 10 1000
6045963 7490 9 5000
1750974 7568 7 2500000
9203408 7645 10 2500
199164 7056 7 10000000
1313945 7924 7 5000000
2060842 7370 8 2500000
1427799 7056 7 10000000
1182891 7760 7 50000000
2091115 7840 8 100000
5774234 7605 9 100000
715208 7153 7 12500000
354387 7760 7 50000000
1539117 7153 7 12500000
327209 7454 7 2000000
596886 7760 7 50000000
1500967 7056 7 10000000
1589439 7098 7 1000000
5988613 7840 10 10000
2098612 7298 8 250000
781176 7924 7 5000000
1223889 7760 7 50000000
1698228 7166 8 200000
614139 7056 7 10000000
1202972 7760 7 50000000
895115 7098 7 1000000
1125825 7056 7 10000000
993311 7098 7 1000000
880782 7056 7 10000000
2664283 7258 8 2000000
1402353 7457 7 25000000
5081775 7587 9 20000
9022667 7840 10 10000
4484762 7519 8 62500
554309 7056 7 10000000
1751802 7370 8 2500000
5993857 7490 9 5000
1153234 7924 7 5000000
2981580 7367 8 50000
6225848 7490 9 5000
543979 7153 7 12500000
2133819 7298 8 250000
25486652 7623 11 250
1341497 7258 8 2000000
1238772 7760 7 50000000
969595 7810 7 4000000
13970020 7863 10 3125
3241144 7056 9 10000
2269778 7705 8 500000
734498 7457 7 25000000
747784 7098 7 1000000
1327991 7098 7 1000000
3100722 7836 8 625000
588802 7056 7 10000000
1023886 7688 8 80000
868492 7457 7 25000000
2005613 7135 8 1562500
2618218 7294 9 62500
