537502 7705 8 500000
334779 7568 7 2500000
4441986 7209 10 1600
613728 7705 8 500000
241616 7457 7 25000000
2110380 7928 9 31250
411534 7056 7 10000000
285190 7056 7 10000000
393236 7098 7 1000000
262834 7760 7 50000000
1039559 7705 8 500000
526387 7454 7 2000000
336186 7760 7 50000000
1942269 7226 9 12500
2284308 7490 9 5000
996507 7367 8 50000
521863 7056 7 10000000
338877 7457 7 25000000
747590 7840 8 100000
378270 7457 7 25000000
305754 7924 7 5000000
190126 7760 7 50000000
276867 7760 7 50000000
848809 7298 8 250000
1600358 7757 9 25000
2142321 7056 9 10000
264697 7098 7 1000000
2087986 7056 9 10000
411513 7056 7 10000000
236843 7056 7 10000000
5345701 7863 10 3125
5488998 7427 10 2000
411918 7457 7 25000000
461849 7098 7 1000000
380854 7056 7 10000000
930458 7367 8 50000
1416580 7605 9 100000
1933791 7490 9 5000
1301458 7056 9 10000
610288 7840 8 100000
2059323 7056 9 10000
647664 7098 7 1000000
463061 7991 8 125000
688476 7836 8 625000
147967 7056 7 10000000
134132 7760 7 50000000
260680 7760 7 50000000
1001545 7717 8 5000000
1703577 7077 9 3125
863768 7705 8 500000
516080 7457 7 25000000
1073034 7454 7 2000000
927021 7705 8 500000
342304 7924 7 5000000
351297 7760 7 50000000
318230 7760 7 50000000
1577710 7367 8 50000
1399823 7587 9 20000
964905 7717 8 5000000
1537661 7047 8 31250
831552 7482 8 3125000
180604 7098 7 1000000
562264 7605 8 4000000
410877 7056 7 10000000
1464800 7605 9 100000
553051 7457 7 25000000
621502 7047 8 31250
286150 7327 7 1562500
763641 7840 8 100000
203645 7098 7 1000000
1403659 7840 8 100000
293528 7760 7 50000000
414788 7457 7 25000000
1581997 7056 9 10000
8856798 7327 11 400
290828 7760 7 50000000
448204 7760 7 50000000
1946838 7056 9 10000
6711103 7427 10 2000
758656 7705 8 500000
1165852 7370 8 2500000
2496516 7490 9 5000
1527646 7840 8 100000
3516058 7056 9 10000
477784 7457 7 25000000
1374874 7298 8 250000
1264140 7840 8 100000
5295640 7645 10 2500
2178736 7490 9 5000
914099 7153 7 12500000
1187777 7056 7 10000000
3967880 7056 9 10000
900004 7568 7 2500000
797781 7457 7 25000000
3041405 7147 9 50000
3548275 7757 9 25000
442777 7056 7 10000000
631150 7760 7 50000000
4124248 7056 9 10000
5210933 7928 9 31250
3073519 7056 9 10000
4995611 7294 9 4000
10927329 7928 10 1250
630289 7760 7 50000000
848707 7056 7 10000000
4734743 7490 9 5000
435972 7367 8 50000
4907279 7056 9 10000
1450977 7705 8 500000
3825780 7587 9 20000
1285188 7098 7 1000000
1623153 7258 8 2000000
592722 7760 7 50000000
1639069 7760 7 50000000
3023950 7298 8 250000
2132720 7717 8 5000000
2683338 7840 8 100000
420238 7098 7 1000000
468359 7454 7 2000000
330123 7056 7 10000000
2283222 7298 8 250000
844890 7457 7 25000000
608207 7098 7 1000000
1400019 7810 7 4000000
582995 7359 7 20000000
646255 7760 7 50000000
642215 7924 7 5000000
5089027 7490 9 5000
1242292 7298 8 250000
5394582 7605 9 100000
3923252 7056 9 10000
2853865 7717 8 5000000
2744741 7166 8 200000
1514585 7226 9 12500
1041848 7840 8 100000
1117986 7098 7 1000000
1676375 7457 7 25000000
8713335 7060 10 4000
715656 7457 7 25000000
1371497 7840 8 100000
2380248 7836 8 625000
436110 7359 7 20000000
182574 7760 7 50000000
674296 7098 7 1000000
693754 7760 7 50000000
626813 7056 7 10000000
1601630 7840 8 100000
1024476 7056 7 10000000
3142493 7705 8 500000
5987571 7056 9 10000
7719110 7645 10 2500
11558104 7840 10 10000
4590209 7605 9 100000
824959 7359 7 20000000
1551407 7924 7 5000000
27119578 7873 11 625
2281288 7840 8 100000
850481 7056 7 10000000
3025303 7056 9 10000
445688 7760 7 50000000
14763644 7157 10 625
1415547 7056 7 10000000
2089135 7683 7 3125000
678752 7760 7 50000000
1034599 7056 7 10000000
223790 7056 7 10000000
1652818 7023 8 1250000
1837695 7056 9 10000
2072471 7705 8 500000
814001 7056 7 10000000
1628899 7370 8 2500000
2474371 7705 8 500000
1941426 7047 8 31250
492538 7056 7 10000000
2590943 7298 8 250000
607957 7056 7 10000000
9270603 7840 10 10000
2825339 7166 8 200000
5786633 7056 9 10000
891267 7359 7 20000000
2369914 7429 8 312500
10480774 7840 10 10000
394453 7056 7 10000000
4791111 7056 9 10000
1440667 7924 7 5000000
2835761 7166 8 200000
1079685 7367 8 50000
7073677 7840 10 10000
1408488 7166 8 200000
1107092 7056 7 10000000
3260829 7840 8 100000
1101732 7056 7 10000000
1189792 7760 7 50000000
1108096 7924 7 5000000
647775 7098 7 1000000
4949668 7056 9 10000
1045096 7056 7 10000000
5044826 7056 9 10000
689742 7212 7 1250000
379271 7098 7 1000000
525443 7457 7 25000000
1134387 7098 7 1000000
644836 7098 7 1000000
4587905 7490 9 5000
1274202 7924 7 5000000
1105112 7056 7 10000000
1931603 7482 8 3125000
2151263 7056 7 10000000
2056189 7840 8 100000
1208969 7760 7 50000000
701585 7457 7 25000000
1209108 7098 7 1000000
822563 7056 7 10000000
17003708 7873 11 625
2182998 7573 8 400000
211441 7924 7 5000000
5440218 7899 9 156250
562053 7760 7 50000000
546827 7153 7 12500000
736213 7056 7 10000000
4795455 7605 9 100000
759444 7153 7 12500000
935064 7098 7 1000000
998122 7056 7 10000000
440929 7056 7 10000000
1583410 7098 7 1000000
708542 7760 7 50000000
1021801 7760 7 50000000
1585887 7022 8 156250
3738754 7056 9 10000
1242923 7056 7 10000000
714865 7683 7 3125000
575097 7056 7 10000000
5089556 7587 9 20000
560241 7924 7 5000000
661181 7056 7 10000000
4398957 7605 9 100000
665485 7056 7 10000000
1538699 7519 8 62500
4305258 7056 9 10000
947552 7056 7 10000000
4131158 7587 9 20000
1360005 7056 7 10000000
717009 7098 7 1000000
631935 7153 7 12500000
1578120 7760 7 50000000
836036 7457 7 25000000
774103 7098 7 1000000
775159 7760 7 50000000
946693 7098 7 1000000
