638960 8650 8 2500000
1733653 8288 9 50000
407404 8281 7 10000000
1533427 8820 9 100000
444486 8064 7 100000000
519008 8112 8 1000000
3948302 8322 10 5000
1536205 8296 9 12500
1290555 8459 9 62500
1522230 8100 9 10000
518701 8281 7 10000000
833620 8112 8 1000000
628353 8751 7 25000000
737978 8281 7 10000000
2637537 8100 9 10000
11987906 8448 11 1000
649239 8064 7 100000000
2166804 8100 9 10000
1233500 8112 8 1000000
2530606 8668 9 500000
2567795 8820 9 100000
931418 8925 8 4000000
646932 8064 7 100000000
3093025 8820 9 100000
3410740 8905 9 25000
1655313 8064 8 10000000
572734 8395 7 12500000
623310 8064 7 100000000
1666324 8709 9 20000
652592 8869 8 50000000
701602 8637 7 20000000
342277 8064 7 100000000
308986 8064 7 100000000
14409842 8170 11 2000
783542 8518 8 2000000
3023112 8288 9 50000
772640 8112 8 1000000
3120150 8100 9 10000
12388897 8888 11 625
660045 8064 7 100000000
1360877 8281 7 10000000
1312557 8112 8 1000000
4231226 8100 9 10000
704889 8064 7 100000000
1078900 8522 8 25000000
3457805 8820 9 100000
644830 8637 7 20000000
3499374 8062 9 200000
5037684 8322 10 5000
13468560 8946 10 3125
881825 8751 7 25000000
28870427 8720 11 1250
4809350 8905 9 25000
1833747 8650 8 2500000
772008 8064 7 100000000
3908843 8100 9 10000
2244911 8820 9 100000
347662 8281 7 10000000
6286247 8820 9 100000
773470 8064 7 100000000
249289 8064 7 100000000
2368403 8112 8 1000000
2110931 8112 8 1000000
4002049 8112 8 1000000
4201393 8459 9 62500
807808 8064 7 100000000
2906959 8820 9 100000
886948 8064 8 10000000
1823051 8064 7 100000000
1280640 8637 7 20000000
10974418 8322 10 5000
529190 8064 7 100000000
4432682 8990 9 125000
1763994 8112 8 1000000
744068 8281 7 10000000
810592 8637 7 20000000
8628457 8668 9 500000
2683928 8463 8 250000
734108 8064 7 100000000
10049617 8322 10 5000
1714329 8637 7 20000000
978499 8064 7 100000000
3094838 8668 9 500000
1623997 8751 7 25000000
508812 8064 7 100000000
677638 8064 7 100000000
1755303 8410 8 20000000
357315 8064 7 100000000
1607755 8064 7 100000000
4670414 8288 9 50000
3087789 8935 8 500000
4259858 8296 9 12500
23409407 8175 11 800
1888657 8650 8 2500000
1106848 8064 7 100000000
174303 8064 7 100000000
6495654 8905 9 25000
1095883 8064 7 100000000
1545205 8064 7 100000000
4327132 8463 8 250000
1360646 8064 7 100000000
15899447 8720 11 1250
1400292 8243 8 1250000
3289944 8869 8 50000000
5269696 8820 9 100000
2753205 8820 9 100000
464054 8064 7 100000000
858427 8281 7 10000000
1649355 8463 8 250000
3926327 8668 9 500000
1003057 8395 7 12500000
3580068 8100 9 10000
1929482 8112 8 1000000
3602901 8100 9 10000
1325414 8869 8 50000000
917572 8064 8 10000000
3406574 8820 9 100000
1145352 8395 7 12500000
12140883 8619 10 25000
3734159 8100 9 10000
2638606 8518 8 2000000
2072308 8064 8 10000000
5629789 8288 9 50000
3908377 8112 8 1000000
1260353 8064 7 100000000
1078204 8064 8 10000000
5072211 8100 9 10000
1759693 8518 8 2000000
393998 8064 7 100000000
2007189 8112 8 1000000
966753 8281 7 10000000
3353402 8781 8 3125000
2184794 8522 8 25000000
2990418 8869 8 50000000
3041937 8820 9 100000
5246909 8100 9 10000
814795 8039 7 6250000
1080486 8637 7 20000000
12511031 8698 10 2500
1556858 8637 7 20000000
956172 8064 7 100000000
357607 8064 7 100000000
4083502 8935 8 500000
505514 8281 7 10000000
798090 8064 7 100000000
922466 8281 7 10000000
4016734 8100 9 10000
4173704 8820 9 100000
452063 8064 7 100000000
2478435 8463 8 250000
1641405 8064 8 10000000
5638332 8668 9 500000
1159965 8281 7 10000000
3075047 8112 8 1000000
2006071 8112 8 1000000
529901 8064 7 100000000
1883113 8312 8 200000
759252 8281 7 10000000
4960047 8820 9 100000
2951968 8615 8 312500
1914419 8650 8 2500000
2681709 8518 8 2000000
951718 8637 7 20000000
529982 8064 7 100000000
3860600 8820 9 100000
538387 8281 7 10000000
1357903 8112 8 1000000
4774869 8288 9 50000
510568 8281 7 10000000
1359668 8064 7 100000000
5283561 8820 9 100000
1169716 8281 7 10000000
3438196 8100 9 10000
4837378 8100 9 10000
2062255 8064 7 100000000
2041159 8064 8 10000000
715945 8064 7 100000000
5748333 8709 9 20000
4208072 8100 9 10000
5919068 8100 9 10000
1815005 8518 8 2000000
596413 8281 7 10000000
389337 8064 7 100000000
3291005 8100 9 10000
761115 8064 7 100000000
866956 8281 7 10000000
826052 8112 8 1000000
980968 8064 7 100000000
4635340 8709 9 20000
1993996 8064 8 10000000
4306200 8820 9 100000
1135328 8064 7 100000000
608191 8064 7 100000000
4067975 8709 9 20000
1815102 8410 8 20000000
1324840 8637 7 20000000
703149 8064 7 100000000
1508901 8518 8 2000000
5354397 8820 9 100000
1449558 8175 8 12500000
2040310 8522 8 25000000
1752211 8410 8 20000000
1132445 8064 7 100000000
2705319 8935 8 500000
463989 8064 7 100000000
634300 8064 7 100000000
4686491 8709 9 20000
1734273 8112 8 1000000
946653 8751 7 25000000
1781637 8112 8 1000000
601905 8064 7 100000000
3423880 8288 9 50000
4283825 8288 9 50000
793740 8281 7 10000000
1093886 8281 7 10000000
1078249 8064 7 100000000
800972 8064 7 100000000
2350020 8463 8 250000
3672659 8820 9 100000
583986 8064 7 100000000
2524082 8935 8 500000
3253619 8175 8 12500000
2275257 8112 8 1000000
1462626 8281 7 10000000
4740914 8288 9 50000
1183747 8064 8 10000000
1317190 8751 7 25000000
1793350 8312 8 200000
583273 8281 7 10000000
7147577 8100 9 10000
1362448 8751 7 25000000
1668152 8064 8 10000000
1365726 8064 8 10000000
1414977 8243 8 1250000
3063335 8459 9 62500
2852878 8112 8 1000000
880453 8395 7 12500000
964408 8751 7 25000000
405411 8064 7 100000000
2176389 8112 8 1000000
1227822 8650 8 2500000
3943419 8100 9 10000
7856915 8322 10 5000
1662984 8112 8 1000000
9251067 8698 10 2500
5190343 8062 9 200000
2260169 8869 8 50000000
1905391 8869 8 50000000
1144890 8395 7 12500000
1001272 8637 7 20000000
