584011 8312 8 200000
335953 8064 7 100000000
9651680 8170 11 2000
2175755 8100 9 10000
339469 8039 7 6250000
252961 8751 7 25000000
2845440 8288 9 50000
4782935 8104 10 4000
600288 8637 7 20000000
5223668 8104 10 4000
3059132 8296 9 12500
207023 8064 7 100000000
903492 8112 8 1000000
3151422 8709 9 20000
829066 8112 8 1000000
1362798 8463 8 250000
983613 8650 8 2500000
838774 8869 8 50000000
819722 8395 7 12500000
899881 8522 8 25000000
307892 8064 7 100000000
1185894 8064 8 10000000
3689573 8100 9 10000
439931 8751 7 25000000
832141 8064 7 100000000
279649 8751 7 25000000
1314319 8112 8 1000000
439612 8064 7 100000000
1879570 8650 8 2500000
825465 8112 8 1000000
1897816 8990 9 125000
417281 8281 7 10000000
18431145 8580 11 500
3116126 8820 9 100000
941124 8281 7 10000000
1027532 8650 8 2500000
9240320 8322 10 5000
2463760 8820 9 100000
3431109 8288 9 50000
5574972 8698 10 2500
830115 8064 7 100000000
1295906 8935 8 500000
2656197 8905 9 25000
3431057 8820 9 100000
1534888 8869 8 50000000
848673 8112 8 1000000
1146687 8112 8 1000000
2591520 8668 9 500000
593671 8064 7 100000000
4293609 8062 9 200000
10998889 8450 10 2000
1214790 8064 8 10000000
1015145 8637 7 20000000
1224649 8650 8 2500000
683121 8064 7 100000000
6387526 8322 10 5000
369630 8064 7 100000000
3925315 8288 9 50000
1618657 8410 8 20000000
1180149 8869 8 50000000
644567 8064 7 100000000
865126 8064 7 100000000
1126879 8064 7 100000000
522188 8064 7 100000000
516369 8281 7 10000000
1646846 8112 8 1000000
1472138 8784 8 400000
4409832 8820 9 100000
851344 8064 7 100000000
541206 8064 7 100000000
601284 8064 7 100000000
845198 8064 7 100000000
6999660 8698 10 2500
7449410 8450 10 2000
1181534 8751 7 25000000
2757574 8518 8 2000000
1520085 8463 8 250000
2418635 8869 8 50000000
1209902 8064 7 100000000
1024404 8112 8 1000000
2966283 8935 8 500000
3232190 8100 9 10000
8983708 8322 10 5000
4343194 8062 9 200000
1381452 8281 7 10000000
349823 8064 7 100000000
7913359 8820 9 100000
994439 8637 7 20000000
12154040 8322 10 5000
1343047 8243 8 1250000
568214 8281 7 10000000
5133691 8288 9 50000
2285361 8522 8 25000000
2498749 8112 8 1000000
711781 8064 7 100000000
666584 8637 7 20000000
2731241 8925 8 4000000
2280420 8175 8 12500000
1542670 8522 8 25000000
1066729 8064 7 100000000
12094031 8322 10 5000
509078 8064 7 100000000
1832923 8935 8 500000
4002142 8492 9 15625
2987047 8463 8 250000
10261379 8698 10 2500
1559026 8064 7 100000000
4558476 8820 9 100000
4857139 8288 9 50000
4406297 8905 9 25000
1718230 8650 8 2500000
2227037 8312 8 200000
1260079 8112 8 1000000
6408990 8100 9 10000
1142126 8064 7 100000000
11050478 8219 10 15625
2228795 8112 8 1000000
900413 8064 7 100000000
438740 8064 7 100000000
63398579 8946 12 200
1986880 8064 8 10000000
8705326 8450 10 2000
789865 8064 7 100000000
10959588 8322 10 5000
646988 8064 7 100000000
561462 8637 7 20000000
4861528 8905 9 25000
1957757 8869 8 50000000
3004500 8869 8 50000000
568225 8064 7 100000000
3518701 8935 8 500000
2395958 8112 8 1000000
673738 8064 7 100000000
761890 8064 7 100000000
1128961 8064 7 100000000
3450049 8820 9 100000
1286234 8312 8 200000
447469 8281 7 10000000
4875524 8100 9 10000
934987 8869 8 50000000
1485452 8112 8 1000000
802996 8395 7 12500000
1054238 8395 7 12500000
1983515 8522 8 25000000
1596507 8064 8 10000000
3195102 8118 9 40000
4284918 8100 9 10000
1116298 8064 7 100000000
268078 8751 7 25000000
1161974 8064 7 100000000
1202704 8925 8 4000000
4820599 8288 9 50000
2785361 8288 9 50000
844943 8064 7 100000000
5439947 8288 9 50000
1041853 8064 7 100000000
1412002 8112 8 1000000
1072755 8064 7 100000000
849747 8637 7 20000000
10652270 8322 10 5000
2126340 8935 8 500000
5644888 8820 9 100000
332038 8064 7 100000000
1338214 8064 7 100000000
796275 8064 7 100000000
1145785 8522 8 25000000
442509 8064 7 100000000
1114493 8751 7 25000000
3807730 8820 9 100000
1130361 8064 7 100000000
638012 8281 7 10000000
1406166 8112 8 1000000
1125429 8637 7 20000000
1406984 8281 7 10000000
2479449 8112 8 1000000
1747670 8064 7 100000000
2340014 8312 8 200000
638727 8281 7 10000000
1069050 8637 7 20000000
2791244 8650 8 2500000
864011 8064 7 100000000
4441670 8905 9 25000
1452685 8064 7 100000000
1532920 8064 7 100000000
7461840 8709 9 20000
1044209 8410 8 20000000
2017595 8112 8 1000000
1547124 8243 8 1250000
1751626 8112 8 1000000
1164886 8064 7 100000000
2260753 8935 8 500000
375276 8064 7 100000000
1553406 8869 8 50000000
883490 8064 7 100000000
1853492 8869 8 50000000
1502963 8112 8 1000000
221956 8064 7 100000000
5141688 8100 9 10000
2045885 8784 8 400000
2213560 8650 8 2500000
615379 8064 7 100000000
8685191 8698 10 2500
535943 8281 7 10000000
8275693 8322 10 5000
899400 8064 8 10000000
1457918 8112 8 1000000
1711340 8112 8 1000000
10693412 8322 10 5000
4622763 8990 9 125000
2748908 8064 8 10000000
1425944 8064 8 10000000
2688477 8709 9 20000
2882391 8767 8 390625
2398071 8781 8 3125000
1077483 8064 7 100000000
891120 8064 7 100000000
1195630 8410 8 20000000
226701 8281 7 10000000
38409864 8291 12 500
1725405 8112 8 1000000
16915651 8448 11 1000
2458771 8112 8 1000000
11886666 8322 10 5000
1268762 8064 7 100000000
790722 8518 8 2000000
639160 8039 7 6250000
882853 8751 7 25000000
1705277 8935 8 500000
4005880 8668 9 500000
714273 8281 7 10000000
4841322 8820 9 100000
677698 8064 7 100000000
2685918 8518 8 2000000
2296694 8064 8 10000000
678787 8064 7 100000000
2758201 8935 8 500000
6059678 8100 9 10000
4952095 8100 9 10000
20207483 8448 11 1000
3153704 8820 9 100000
1519213 8112 8 1000000
1566644 8935 8 500000
2132512 8668 9 500000
1226427 8781 8 3125000
1247639 8112 8 1000000
389011 8064 7 100000000
729411 8064 7 100000000
456897 8751 7 25000000
2093321 8784 8 400000
501945 8064 7 100000000
