1101080 8112 8 1000000
495557 8064 7 100000000
197748 8064 7 100000000
776057 8312 8 200000
4389062 8540 10 6250
1485146 8668 9 500000
1592833 8112 8 1000000
735346 8410 8 20000000
388334 8064 7 100000000
192246 8637 7 20000000
1506535 8990 9 125000
1449036 8820 9 100000
1758369 8100 9 10000
8850880 8720 11 1250
384622 8064 7 100000000
1235568 8288 9 50000
243914 8064 7 100000000
1834776 8820 9 100000
4340876 8450 10 2000
1029441 8518 8 2000000
6121366 8322 10 5000
1264361 8518 8 2000000
902878 8781 8 3125000
866785 8312 8 200000
2067098 8459 9 62500
1017451 8064 7 100000000
673924 8935 8 500000
1228357 8112 8 1000000
488073 8064 7 100000000
214047 8064 7 100000000
1229356 8869 8 50000000
13133753 8720 11 1250
388199 8064 7 100000000
513939 8395 7 12500000
645575 8637 7 20000000
666672 8064 7 100000000
3466882 8820 9 100000
5742333 8322 10 5000
972897 8112 8 1000000
2671607 8820 9 100000
489091 8281 7 10000000
1563248 8935 8 500000
636625 8064 7 100000000
1641071 8112 8 1000000
1436843 8112 8 1000000
1613975 8935 8 500000
940682 8935 8 500000
1217307 8064 8 10000000
1729689 8935 8 500000
547113 8064 7 100000000
335524 8064 7 100000000
525372 8064 7 100000000
2440081 8100 9 10000
1844448 8112 8 1000000
606710 8064 7 100000000
1434303 8410 8 20000000
672496 8064 7 100000000
976814 8175 8 12500000
1737820 8935 8 500000
555727 8064 7 100000000
681648 8281 7 10000000
2640619 8668 9 500000
550244 8064 7 100000000
2785679 8990 9 125000
666750 8751 7 25000000
583497 8064 7 100000000
3056461 8820 9 100000
1400761 8869 8 50000000
317735 8064 7 100000000
2855266 8668 9 500000
1295472 8395 7 12500000
1249669 8869 8 50000000
1552040 8112 8 1000000
2155504 8518 8 2000000
483792 8281 7 10000000
1848374 8935 8 500000
501547 8064 7 100000000
679184 8751 7 25000000
1246317 8395 7 12500000
4389159 8520 9 400000
5194113 8100 9 10000
692689 8869 8 50000000
1119866 8064 7 100000000
515615 8064 7 100000000
618472 8395 7 12500000
4205405 8709 9 20000
330635 8064 7 100000000
9633006 8540 10 6250
2361806 8112 8 1000000
10293965 8104 10 4000
573729 8064 7 100000000
3097761 8459 9 62500
7604316 8540 10 6250
6118217 8820 9 100000
7246087 8905 9 25000
25068435 8649 11 3125
2557861 8312 8 200000
775383 8395 7 12500000
12389555 8322 10 5000
893593 8064 7 100000000
6244200 8322 10 5000
582360 8281 7 10000000
916200 8064 7 100000000
2413582 8112 8 1000000
5105393 8709 9 20000
879041 8410 8 20000000
980690 8281 7 10000000
2196651 8064 8 10000000
3358623 8784 8 400000
7335581 8820 9 100000
1269063 8064 7 100000000
1773819 8518 8 2000000
1649501 8650 8 2500000
1661692 8781 8 3125000
2467665 8820 9 100000
3088562 8935 8 500000
1799823 8112 8 1000000
833302 8064 7 100000000
2179503 8925 8 4000000
1821258 8064 8 10000000
7981010 8619 10 25000
907323 8751 7 25000000
1155559 8064 7 100000000
4832661 8709 9 20000
5531351 8459 9 62500
2003145 8112 8 1000000
13873903 8698 10 2500
4038972 8820 9 100000
2158851 8312 8 200000
1383950 8064 7 100000000
746616 8064 7 100000000
2309783 8112 8 1000000
26938736 8175 11 800
6203188 8820 9 100000
1396464 8869 8 50000000
912357 8281 7 10000000
607620 8064 7 100000000
1688845 8112 8 1000000
1045360 8064 7 100000000
2791110 8112 8 1000000
2743859 8459 9 62500
1466228 8518 8 2000000
789362 8064 7 100000000
1323267 8064 7 100000000
14850274 8322 10 5000
1808368 8112 8 1000000
4252292 8100 9 10000
1515827 8751 7 25000000
4205597 8288 9 50000
1479009 8243 8 1250000
4761785 8100 9 10000
5412172 8820 9 100000
3702955 8112 8 1000000
2063547 8820 9 100000
5004183 8709 9 20000
1733864 8637 7 20000000
2766482 8112 8 1000000
4262419 8210 9 250000
1597804 8312 8 200000
444816 8281 7 10000000
1179208 8064 8 10000000
1728078 8064 7 100000000
2305226 8935 8 500000
2258727 8112 8 1000000
5716830 8459 9 62500
2657771 8243 8 1250000
2365568 8650 8 2500000
889847 8064 7 100000000
5639600 8288 9 50000
665511 8281 7 10000000
2389763 8869 8 50000000
1770811 8312 8 200000
1686645 8935 8 500000
14612118 8322 10 5000
4719695 8100 9 10000
2942254 8668 9 500000
12327621 8322 10 5000
9482131 8698 10 2500
1193905 8281 7 10000000
902069 8064 7 100000000
763990 8281 7 10000000
2944927 8112 8 1000000
6258047 8322 10 5000
1081712 8064 7 100000000
2232972 8668 9 500000
1636548 8518 8 2000000
1238872 8112 8 1000000
1315364 8064 7 100000000
747747 8064 7 100000000
1784868 8463 8 250000
3821085 8100 9 10000
533047 8395 7 12500000
751194 8064 7 100000000
1995940 8112 8 1000000
3063484 8463 8 250000
900294 8064 7 100000000
803691 8281 7 10000000
7657566 8905 9 25000
4192999 8288 9 50000
482341 8064 7 100000000
570085 8064 7 100000000
524920 8064 7 100000000
1255592 8522 8 25000000
2892830 8820 9 100000
899704 8064 7 100000000
977661 8395 7 12500000
279715 8064 7 100000000
1176707 8064 7 100000000
1797938 8281 7 10000000
1590035 8112 8 1000000
615080 8064 7 100000000
5793686 8322 10 5000
3440601 8820 9 100000
1203176 8064 7 100000000
318156 8637 7 20000000
10787752 8540 10 6250
380892 8064 7 100000000
4026230 8100 9 10000
4923151 8288 9 50000
645184 8522 8 25000000
1340476 8518 8 2000000
745108 8064 7 100000000
5697868 8820 9 100000
1027966 8751 7 25000000
609888 8637 7 20000000
369678 8064 7 100000000
2470087 8064 8 10000000
3361199 8820 9 100000
3472414 8668 9 500000
3003728 8210 9 250000
1191343 8522 8 25000000
1383203 8281 7 10000000
2506839 8650 8 2500000
1516175 8395 7 12500000
3165427 8064 8 10000000
3331795 8288 9 50000
1548976 8522 8 25000000
613614 8395 7 12500000
5231628 8820 9 100000
4948884 8100 9 10000
1085836 8112 8 1000000
760531 8064 7 100000000
2699427 8869 8 50000000
2270000 8112 8 1000000
1745193 8112 8 1000000
1005376 8064 7 100000000
18460743 8580 11 500
3347029 8062 9 200000
893228 8637 7 20000000
1729494 8374 8 1562500
