2118524 8210 9 250000
673919 8064 7 100000000
577694 8243 8 1250000
1500709 8820 9 100000
1505025 8820 9 100000
1418906 8905 9 25000
1770158 8820 9 100000
281649 8064 7 100000000
1665155 8288 9 50000
786265 8112 8 1000000
1271558 8650 8 2500000
3842841 8322 10 5000
245993 8064 7 100000000
1454427 8905 9 25000
2053368 8820 9 100000
419547 8637 7 20000000
979384 8925 8 4000000
977801 8112 8 1000000
4599618 8322 10 5000
4330562 8698 10 2500
627252 8650 8 2500000
1212798 8243 8 1250000
509330 8637 7 20000000
385056 8064 7 100000000
789788 8650 8 2500000
1355136 8112 8 1000000
699728 8650 8 2500000
609203 8522 8 25000000
2472447 8905 9 25000
1252744 8650 8 2500000
1331196 8112 8 1000000
938910 8112 8 1000000
2935318 8459 9 62500
1072821 8650 8 2500000
1251321 8064 8 10000000
703972 8064 7 100000000
1204418 8312 8 200000
1144642 8112 8 1000000
2908987 8820 9 100000
1454549 8112 8 1000000
696534 8064 7 100000000
711018 8064 7 100000000
27667757 8588 12 625
1733706 8112 8 1000000
1418162 8175 8 12500000
1727896 8312 8 200000
776534 8064 7 100000000
5137882 8288 9 50000
1250704 8869 8 50000000
824575 8751 7 25000000
1001407 8064 7 100000000
2459832 8459 9 62500
621672 8064 7 100000000
1308789 8064 8 10000000
5423930 8540 10 6250
495598 8064 7 100000000
3812427 8288 9 50000
6599084 8322 10 5000
4349688 8100 9 10000
4156193 8820 9 100000
3956984 8288 9 50000
793469 8637 7 20000000
786890 8281 7 10000000
493173 8064 7 100000000
11023808 8698 10 2500
2678041 8064 8 10000000
2761923 8288 9 50000
4088310 8288 9 50000
758626 8064 7 100000000
1440846 8312 8 200000
613843 8064 7 100000000
982208 8395 7 12500000
6852714 8100 9 10000
512103 8281 7 10000000
1226816 8064 7 100000000
2639401 8650 8 2500000
1124903 8064 7 100000000
1077658 8112 8 1000000
5160321 8288 9 50000
1351895 8637 7 20000000
2018134 8112 8 1000000
3546476 8112 8 1000000
2168538 8518 8 2000000
1242192 8751 7 25000000
16038753 8720 11 1250
1383080 8281 7 10000000
1867510 8243 8 1250000
3994404 8650 8 2500000
2344689 8243 8 1250000
6145745 8820 9 100000
3677308 8820 9 100000
2047833 8395 7 12500000
6247327 8288 9 50000
4092251 8100 9 10000
5445831 8820 9 100000
13061410 8450 10 2000
824058 8064 7 100000000
1069125 8281 7 10000000
666204 8064 7 100000000
1383194 8064 7 100000000
3606968 8668 9 500000
1303989 8064 7 100000000
2513309 8243 8 1250000
3169408 8518 8 2000000
12095177 8322 10 5000
1687933 8112 8 1000000
2741421 8935 8 500000
3678131 8820 9 100000
4478419 8459 9 62500
2169532 8935 8 500000
160697 8064 7 100000000
7800508 8820 9 100000
2530516 8112 8 1000000
1503538 8064 7 100000000
1494801 8869 8 50000000
899150 8064 7 100000000
4335081 8296 9 12500
15959120 8322 10 5000
5233278 8100 9 10000
974884 8064 7 100000000
2651978 8518 8 2000000
4592988 8288 9 50000
1303386 8064 7 100000000
12109131 8698 10 2500
1324439 8064 7 100000000
878341 8281 7 10000000
1078262 8281 7 10000000
4515612 8905 9 25000
3598571 8990 9 125000
4378418 8288 9 50000
6004415 8100 9 10000
806208 8064 7 100000000
2706634 8243 8 1250000
7924130 8322 10 5000
485581 8281 7 10000000
4730149 8100 9 10000
1494092 8395 7 12500000
2926026 8100 9 10000
1523340 8522 8 25000000
1778229 8112 8 1000000
1152340 8064 7 100000000
1083256 8637 7 20000000
1607756 8064 7 100000000
614025 8064 7 100000000
4402744 8990 9 125000
798319 8064 7 100000000
358635 8064 7 100000000
2534271 8175 8 12500000
3696038 8990 9 125000
992400 8064 8 10000000
655601 8064 7 100000000
5662497 8100 9 10000
4310395 8100 9 10000
779780 8869 8 50000000
1650361 8869 8 50000000
1792926 8112 8 1000000
1290172 8395 7 12500000
936047 8281 7 10000000
4304785 8820 9 100000
729696 8064 7 100000000
2105137 8064 7 100000000
2538419 8650 8 2500000
4695981 8210 9 250000
1962321 8637 7 20000000
929812 8064 7 100000000
19923109 8720 11 1250
2805053 8210 9 250000
1950769 8312 8 200000
1265311 8064 7 100000000
2585594 8112 8 1000000
1048015 8518 8 2000000
489085 8064 7 100000000
1691375 8935 8 500000
20112476 8409 11 2500
2424354 8064 8 10000000
721446 8064 7 100000000
431268 8064 7 100000000
750556 8281 7 10000000
2715546 8463 8 250000
674176 8064 7 100000000
2817256 8288 9 50000
10203588 8322 10 5000
2477053 8820 9 100000
746694 8064 7 100000000
11576837 8698 10 2500
1102781 8064 7 100000000
3672857 8990 9 125000
620342 8281 7 10000000
547535 8064 7 100000000
1222127 8935 8 500000
6589789 8322 10 5000
715173 8064 7 100000000
3177462 8820 9 100000
867382 8395 7 12500000
1284001 8650 8 2500000
33365742 8720 11 1250
1575098 8281 7 10000000
2269714 8374 8 1562500
5604865 8668 9 500000
1836149 8518 8 2000000
2752453 8112 8 1000000
3495907 8100 9 10000
4339282 8820 9 100000
1542974 8650 8 2500000
350396 8064 7 100000000
1258568 8281 7 10000000
4002216 8296 9 12500
1662127 8650 8 2500000
3916310 8820 9 100000
2011400 8374 8 1562500
1907734 8243 8 1250000
11199427 8809 10 31250
4816485 8100 9 10000
2523731 8312 8 200000
990536 8281 7 10000000
1941174 8175 8 12500000
1669560 8820 9 100000
352069 8064 7 100000000
1402314 8781 8 3125000
5449996 8820 9 100000
989974 8312 8 200000
2101645 8064 8 10000000
975289 8064 7 100000000
2433332 8112 8 1000000
2579366 8410 8 20000000
1278946 8281 7 10000000
1215513 8112 8 1000000
2992773 8820 9 100000
2730742 8374 8 1562500
484105 8064 7 100000000
1565552 8869 8 50000000
953688 8374 8 1562500
1949593 8869 8 50000000
1461384 8112 8 1000000
2118028 8112 8 1000000
1103099 8410 8 20000000
960444 8650 8 2500000
1372900 8064 8 10000000
1049566 8410 8 20000000
1504938 8112 8 1000000
2081086 8243 8 1250000
1042733 8112 8 1000000
969154 8064 7 100000000
1941918 8374 8 1562500
1243529 8751 7 25000000
1182944 8925 8 4000000
1267753 8112 8 1000000
5666815 8100 9 10000
2965350 8767 8 390625
1045109 8281 7 10000000
