372628 9720 6 100000 372525 0 372514
1204741 9347 7 5000 1204731 0 1204712
775479 9720 6 100000 774654 0 774638
488528 9245 5 2500000 488518 1 488514
133864 9680 5 5000000 133856 1 133854
4556030 9517 9 250 4556011 1 4556009
295124 9680 5 5000000 295113 1 295112
19024821 9680 10 100 19024002 0 19023991
234337 9680 5 5000000 234322 1 234318
3379243 9600 8 1000 3379236 0 3379221
1025189 9347 7 5000 1025194 0 1025175
901612 9720 6 100000 901050 0 901029
1107503 9134 6 50000 1107492 1 1107489
3547093 9600 8 1000 3547080 1 3547077
28802178 9680 10 100 28801166 0 28801154
19489648 9680 10 100 19488853 0 19488845
4215436 9600 8 1000 4215418 1 4215415
1863826 9347 7 5000 1863811 0 1863806
16522711 9680 10 100 16522691 0 16522684
769194 9134 6 50000 769182 1 769178
542096 9680 5 5000000 541295 0 541288
560951 9680 5 5000000 560940 1 560938
4137861 9600 8 1000 4137062 0 4137053
165845 9680 5 5000000 165830 1 165826
1449054 9720 6 100000 1448288 0 1448278
1261041 9134 6 50000 1261038 1 1261037
692410 9134 6 50000 691562 0 691556
268309 9680 5 5000000 267397 0 267389
1458916 9134 6 50000 1458907 1 1458906
1055365 9720 6 100000 1054624 0 1054618
347010 9134 6 50000 346997 1 346994
3776810 9600 8 1000 3776795 1 3776792
4826359 9600 8 1000 4825478 0 4825470
1016039 9720 6 100000 1016023 1 1016020
269654 9245 5 2500000 269639 1 269636
1490123 9720 6 100000 1490109 1 1490106
6384704 9600 8 1000 6384692 1 6384690
934511 9720 6 100000 933239 0 933230
325935 9680 5 5000000 325108 0 325100
204414 9385 5 3125000 204399 1 204397
245312 9680 5 5000000 245296 1 245295
1972517 9347 7 5000 1972506 1 1972504
483186 9720 6 100000 482373 0 482362
4495107 9600 8 1000 4494273 0 4494265
527889 9720 6 100000 527875 1 527872
4416544 9600 8 1000 4416525 1 4416524
1693942 9347 7 5000 1693931 1 1693929
4180005 9600 8 1000 4179990 1 4179988
18010073 9680 10 100 18010063 0 18010057
20465263 9680 10 100 20465246 1 20465243
3433006 9600 8 1000 3432993 1 3432989
3523094 9600 8 1000 3523081 1 3523079
84179 9680 5 5000000 84161 1 84158
420899 9680 5 5000000 420880 1 420877
3220211 9600 8 1000 3220200 1 3220198
17145757 9680 10 100 17145738 1 17145737
17868209 9680 10 100 17868194 1 17868191
381596 9720 6 100000 381580 1 381577
4599222 9600 8 1000 4598322 0 4598314
1462121 9347 7 5000 1460262 0 1460256
18907669 9680 10 100 18907656 1 18907654
2797857 9347 7 5000 2797840 0 2797835
464348 9680 5 5000000 464336 1 464334
733410 9680 5 5000000 733393 1 733391
583228 9680 5 5000000 582766 0 582757
1094403 9720 6 100000 1094386 1 1094384
172265 9680 5 5000000 171518 0 171510
1305839 9720 6 100000 1305825 1 1305823
3829352 9600 8 1000 3829337 1 3829335
1282860 9134 6 50000 1282848 1 1282846
3631364 9600 8 1000 3631350 1 3631347
425273 9720 6 100000 425256 1 425253
2791643 9600 8 1000 2791616 0 2791609
776710 9720 6 100000 776669 0 776663
640380 9680 5 5000000 640366 1 640363
539332 9245 5 2500000 538470 0 538464
3876874 9910 8 1250 3876861 1 3876858
169031 9680 5 5000000 168243 0 168236
3181055 9600 8 1000 3181038 1 3181036
559185 9720 6 100000 559168 1 559166
713607 9720 6 100000 713592 1 713589
140506 9680 5 5000000 139658 0 139653
747708 9680 5 5000000 747696 1 747694
17858723 9680 10 100 17858705 1 17858704
797313 9720 6 100000 797298 1 797298
276294 9720 6 100000 276276 1 276275
310742 9245 5 2500000 310730 1 310729
2673035 9347 7 5000 2672273 0 2672269
874772 9720 6 100000 874761 1 874760
15199065 9680 10 100 15199018 0 15199015
1015508 9720 6 100000 1015489 1 1015487
3346216 9600 8 1000 3346199 0 3346191
26946143 9680 10 100 26946125 1 26946123
3759679 9600 8 1000 3759671 1 3759671
472666 9720 6 100000 472656 1 472655
3355155 9600 8 1000 3355141 1 3355140
18106820 9680 10 100 18106806 1 18106805
20988432 9680 10 100 20988411 1 20988410
1053772 9134 6 50000 1053755 1 1053754
1549765 9720 6 100000 1548975 0 1548969
733684 9720 6 100000 732988 0 732984
767678 9134 6 50000 767666 0 767665
14953331 9680 10 100 14953314 1 14953314
499165 9720 6 100000 499154 1 499153
552689 9134 6 50000 552672 1 552671
385219 9720 6 100000 385208 1 385207
1196678 9720 6 100000 1196662 1 1196661
310664 9720 6 100000 310646 1 310645
6073776 9600 8 1000 6073762 1 6073761
15496351 9680 10 100 15496335 1 15496333
607867 9720 6 100000 607855 1 607855
754340 9720 6 100000 753511 0 753507
917103 9720 6 100000 917086 1 917085
14411811 9680 10 100 14411789 0 14411784
415468 9720 6 100000 414707 0 414704
547010 9720 6 100000 546999 1 546998
1262449 9720 6 100000 1262434 1 1262433
1641816 9134 6 50000 1641803 1 1641802
291870 9680 5 5000000 291858 1 291857
727120 9720 6 100000 654657 0 654653
2811612 9600 8 1000 2811594 1 2811593
15458941 9680 10 100 15458930 1 15458929
874459 9720 6 100000 874441 1 874440
19309453 9680 10 100 19309408 0 19309404
17891533 9680 10 100 17891517 1 17891516
1299722 9720 6 100000 1299704 1 1299704
3511516 9600 8 1000 3511500 1 3511499
1317075 9720 6 100000 1317057 1 1317056
1404996 9720 6 100000 1404984 1 1404984
804142 9720 6 100000 803054 0 803049
7519084 9517 9 250 7518587 0 7518583
278685 9720 6 100000 278669 1 278668
1800951 9720 6 100000 1800934 1 1800933
4775678 9600 8 1000 4775661 1 4775660
752503 9720 6 100000 752496 1 752496
793040 9720 6 100000 791907 0 791903
532504 9720 6 100000 532106 0 532101
1527601 9720 6 100000 1526832 0 1526828
311997 9245 5 2500000 311981 1 311980
578759 9720 6 100000 578673 0 578669
18480151 9680 10 100 18480137 0 18480134
15115907 9680 10 100 15115894 1 15115893
3497754 9600 8 1000 3497736 1 3497734
13226430 9680 10 100 13226412 0 13226409
768907 9720 6 100000 768891 1 768890
294233 9720 6 100000 294221 1 294220
3509622 9600 8 1000 3484997 0 3484993
862145 9720 6 100000 862129 1 862127
559467 9134 6 50000 559455 1 559455
356282 9104 5 2000000 356269 1 356268
589295 9720 6 100000 589016 0 589012
1889153 9347 7 5000 1889131 0 1889128
603725 9720 6 100000 603009 0 603006
377241 9245 5 2500000 377223 0 377218
910531 9720 6 100000 910521 1 910520
72411 9680 5 5000000 72399 1 72398
578435 9720 6 100000 578424 1 578424
631201 9720 6 100000 631189 1 631187
766223 9720 6 100000 766209 1 766208
2962111 9600 8 1000 2962069 0 2962064
551999 9720 6 100000 551985 1 551984
3288517 9600 8 1000 3288501 1 3288500
2614434 9600 8 1000 2614416 0 2614412
447771 9720 6 100000 447754 1 447753
3148155 9600 8 1000 3043756 0 3043749
612642 9134 6 50000 612630 1 612630
645678 9134 6 50000 644592 0 644589
312791 9720 6 100000 311994 0 311991
2233640 9600 8 1000 2233622 0 2233619
12094248 9680 10 100 12093091 0 12093088
207879 9720 6 100000 206861 0 206858
599637 9720 6 100000 599621 0 599618
489283 9720 6 100000 489172 0 489169
1008237 9720 6 100000 1008225 1 1008225
865004 9347 7 5000 864994 1 864993
1463983 9347 7 5000 1463283 0 1463280
2509422 9600 8 1000 2509224 0 2509220
1778607 9600 8 1000 1778597 1 1778595
526651 9720 6 100000 526641 1 526639
16883428 9680 10 100 16883415 1 16883414
11051022 9680 10 100 11051009 1 11051008
1049069 9720 6 100000 1048211 0 1048207
547466 9720 6 100000 547454 1 547452
647205 9720 6 100000 647199 1 647190
1002302 9347 7 5000 1002289 1 1002289
1021347 9347 7 5000 1020517 0 1020514
72035 9680 5 5000000 72019 0 72015
571091 9720 6 100000 571077 1 571074
2807839 9600 8 1000 2807828 1 2807827
236922 9680 5 5000000 236913 1 236912
544771 9720 6 100000 544759 1 544757
2326210 9600 8 1000 2326172 0 2326169
5172176 9600 8 1000 5172159 0 5172156
379305 9720 6 100000 379289 1 379288
2684288 9600 8 1000 2684267 0 2684263
2611332 9600 8 1000 2574569 0 2574565
2663169 9600 8 1000 2663150 0 2663144
258873 9245 5 2500000 258859 1 258858
2545559 9600 8 1000 2545545 1 2545544
138960 9104 5 2000000 138947 1 138946
2749552 9600 8 1000 2749541 1 2749540
5745162 9132 9 200 5744906 0 5744901
3177994 9600 8 1000 3177968 1 3177968
3289677 9600 8 1000 3289661 1 3289655
1822152 9600 8 1000 1821314 0 1821311
10865423 9680 10 100 10865370 0 10865367
540192 9720 6 100000 539783 0 539779
2887920 9600 8 1000 2887905 1 2887904
