91906 715 4 5 89697 1 89696
24978 675 3 10 17806 0 17792
35932 715 4 5 35922 1 35921
30254 715 4 5 30244 1 30243
14606 943 3 25 14593 1 14592
26046 715 4 5 26020 1 26020
12666 878 3 20 12634 1 12633
9392 675 3 10 9361 1 9360
12729 471 3 5 10261 0 10249
13192 943 3 25 10533 0 10519
10426 471 3 5 10417 1 10415
13337 471 3 5 11885 0 11874
8439 675 3 10 8368 1 8367
13078 675 3 10 9531 0 9519
23919 715 4 5 23860 1 23859
7233 675 3 10 7211 1 7210
16563 715 4 5 16551 1 16550
10731 675 3 10 10719 1 10718
6874 471 3 5 6868 1 6867
8008 471 3 5 7997 1 7995
21201 715 4 5 21191 1 21190
4656 878 3 20 4645 1 4644
12819 715 4 5 12807 1 12806
8195 943 3 25 8161 1 8160
9306 943 3 25 5746 0 5722
7341 471 3 5 6109 0 6100
13321 715 4 5 13311 1 13309
4545 675 3 10 4536 1 4535
5981 943 3 25 4404 0 4395
14873 715 4 5 14863 1 14861
17362 715 4 5 17353 1 17352
17422 471 3 5 17394 1 17394
12868 675 3 10 12862 1 12862
18050 471 3 5 18046 1 18046
51901 715 4 5 51896 1 51895
17956 878 3 20 17950 1 17950
37001 715 4 5 36996 1 36995
7974 675 3 10 7971 1 7971
4802 675 3 10 4798 1 4797
12485 715 4 5 11984 0 11974
8564 675 3 10 8560 1 8558
16337 715 4 5 16334 1 16332
5860 943 3 25 5344 0 5335
4567 943 3 25 4565 1 4565
6520 471 3 5 6047 0 6033
5382 675 3 10 4912 0 4902
8924 878 3 20 8375 0 8363
5138 675 3 10 5136 1 5135
4470 675 3 10 4157 0 4148
12135 715 4 5 12122 1 12121
4810 675 3 10 4793 1 4793
5097 675 3 10 5079 1 5079
21935 715 4 5 20755 0 20745
7106 943 3 25 5872 0 5858
4598 675 3 10 4585 1 4583
476953 963 8 2 476948 1 476947
6123 471 3 5 6118 1 6117
5594 675 3 10 5330 0 5312
5590 675 3 10 5587 1 5587
6984 471 3 5 6981 1 6979
4982 943 3 25 4980 1 4980
6620 675 3 10 6190 0 6154
13458 715 4 5 13454 1 13452
3357 471 3 5 3354 1 3353
13165 715 4 5 13161 1 13159
15407 715 4 5 15403 1 15402
5309 675 3 10 5303 1 5301
4702 675 3 10 4698 1 4696
6368 203 3 2 5907 0 5897
189724 760 7 2 189717 1 189715
5400 675 3 10 4953 0 4944
4084 471 3 5 4083 1 4082
4771 471 3 5 4766 1 4765
5649 675 3 10 5645 1 5644
27731 434 5 2 27726 1 27724
5504 675 3 10 5500 1 5497
15377 715 4 5 15374 1 15373
16372 715 4 5 16368 1 16364
4878 471 3 5 4876 1 4876
13273 308 4 2 12819 0 12810
7575 471 3 5 7578 1 7570
5974 675 3 10 5971 1 5968
6443 675 3 10 5987 0 5976
4770 675 3 10 4319 0 4315
5484 675 3 10 5481 1 5480
4738 471 3 5 4737 0 4728
12960 715 4 5 12954 1 12952
4880 203 3 2 4417 0 4409
4409 471 3 5 4407 1 4406
4019 203 3 2 4018 1 4017
5132 675 3 10 5128 1 5126
13544 715 4 5 13543 1 13542
7374 675 3 10 6926 0 6913
16664 308 4 2 16661 1 16660
5577 675 3 10 4592 0 4572
5904 675 3 10 5900 1 5899
6751 878 3 20 6749 1 6747
10628 715 4 5 10622 1 10620
5281 943 3 25 5278 1 5277
9360 471 3 5 9356 1 9354
3959 675 3 10 3954 1 3953
30954 434 5 2 30955 0 30940
6597 675 3 10 6115 0 6108
14288 308 4 2 13821 0 13810
5197 878 3 20 5191 1 5184
6261 943 3 25 6258 1 6257
14578 308 4 2 14576 1 14575
5634 675 3 10 5167 0 5160
12489 715 4 5 12483 1 12480
6233 675 3 10 5768 0 5754
21036 308 4 2 21028 1 21025
21724 308 4 2 19741 0 19723
15244 715 4 5 14728 0 14715
13957 715 4 5 13958 0 13942
8830 943 3 25 8827 1 8827
5495 943 3 25 5489 1 5485
24898 715 4 5 24897 1 24888
15811 715 4 5 15813 1 15804
6176 675 3 10 6050 0 6021
7580 675 3 10 7581 1 7576
5973 471 3 5 5973 1 5966
6861 471 3 5 6382 0 6355
14991 715 4 5 14986 1 14983
7386 471 3 5 7389 1 7377
17499 715 4 5 16989 0 16958
15799 715 4 5 15798 1 15796
19230 715 4 5 19234 0 19220
26073 715 4 5 26074 1 26066
5321 943 3 25 5320 1 5319
7896 943 3 25 7928 1 7889
6685 471 3 5 6688 1 6677
5270 471 3 5 5270 1 5262
8318 471 3 5 7824 0 7795
10316 715 4 5 10315 1 10308
5196 471 3 5 5199 1 5186
5121 675 3 10 5115 1 5110
17721 308 4 2 17722 1 17714
5293 943 3 25 5296 1 5287
8268 471 3 5 8272 1 8260
8771 471 3 5 8772 1 8763
6634 943 3 25 6631 1 6626
13601 715 4 5 13604 1 13593
7326 878 3 20 6668 0 6630
6773 675 3 10 6774 1 6764
5197 675 3 10 4930 0 4911
5602 471 3 5 5604 1 5593
12057 715 4 5 12058 1 12049
5901 943 3 25 5770 0 5738
6646 943 3 25 6652 1 6637
17762 715 4 5 16613 0 16591
5311 675 3 10 5313 1 5303
4152 675 3 10 4150 1 4148
6830 675 3 10 6831 1 6819
8368 203 3 2 8371 1 8360
6692 675 3 10 6186 0 6163
18596 715 4 5 18599 1 18588
7886 675 3 10 7405 0 7375
4050 943 3 25 4049 1 4049
92513 585 6 2 92510 1 92509
5805 943 3 25 5326 0 5323
15601 715 4 5 15596 1 15595
6362 203 3 2 5807 0 5797
6078 471 3 5 6074 1 6074
6168 943 3 25 5665 0 5654
19325 715 4 5 19321 1 19320
5932 943 3 25 5924 1 5923
7930 406 3 4 7925 1 7923
5246 675 3 10 5239 1 5239
14135 715 4 5 13615 0 13606
5087 878 3 20 5081 1 5079
14533 715 4 5 14527 1 14524
26962 715 4 5 26415 0 26410
8751 471 3 5 8740 1 8739
6004 675 3 10 5999 1 5998
7384 471 3 5 7377 1 7376
5585 675 3 10 5578 1 5577
37771 434 5 2 37768 1 37767
4166 675 3 10 4161 0 4158
8796 471 3 5 8788 1 8787
18750 715 4 5 18746 1 18746
40809 434 5 2 40789 0 40774
6012 675 3 10 5477 0 5466
16164 715 4 5 16162 1 16162
5087 878 3 20 5081 1 5081
7460 471 3 5 6785 0 6774
6112 675 3 10 6103 1 6102
7334 471 3 5 7331 1 7331
8695 675 3 10 8689 1 8687
8374 471 3 5 8367 1 8366
5100 675 3 10 5096 1 5096
556140 963 8 2 555870 0 555861
6935 943 3 25 6926 1 6925
5745 943 3 25 5211 0 5201
4815 675 3 10 4807 1 4806
6688 471 3 5 6685 1 6685
16209 715 4 5 16206 1 16205
23186 715 4 5 23182 1 23181
5615 675 3 10 5608 1 5605
13990 715 4 5 13986 1 13986
8815 675 3 10 8808 1 8806
15226 715 4 5 14699 0 14695
5583 471 3 5 5579 1 5579
23333 715 4 5 23321 1 23319
92514 585 6 2 92437 0 92428
7903 675 3 10 7894 1 7893
16547 715 4 5 16016 0 16008
5524 471 3 5 5514 1 5512
19362 715 4 5 19353 1 19351
5459 471 3 5 5453 1 5452
6550 675 3 10 6548 1 6547
