17691 675 3 10 17398 0 17389
9759 203 3 2 9754 1 9754
21692 715 4 5 21131 0 21121
10406 675 3 10 9731 0 9717
6226 943 3 25 6223 1 6223
5445 471 3 5 5437 1 5435
15104 308 4 2 15099 0 15091
16027 715 4 5 16023 1 16022
8840 471 3 5 8303 0 8293
6209 943 3 25 6207 1 6207
5447 471 3 5 5435 1 5433
7600 471 3 5 7596 1 7595
5635 471 3 5 5630 1 5629
5059 675 3 10 5054 1 5052
7112 675 3 10 7105 1 7103
8204 943 3 25 8198 1 8197
5360 675 3 10 5354 1 5353
9177 675 3 10 9175 1 9174
17115 715 4 5 17107 1 17106
4195 943 3 25 4189 1 4188
24919 715 4 5 24911 1 24911
6667 471 3 5 6665 1 6665
6724 471 3 5 6719 1 6718
15697 715 4 5 15692 1 15691
24367 715 4 5 23819 0 23808
18196 715 4 5 18190 1 18189
14050 715 4 5 14041 1 14039
5615 675 3 10 5612 1 5612
4385 675 3 10 4383 1 4383
5245 943 3 25 5235 1 5233
5034 943 3 25 5029 1 5029
4449 203 3 2 4163 0 4152
6849 675 3 10 6845 1 6845
8304 471 3 5 8295 1 8294
16029 715 4 5 16025 1 16025
8196 675 3 10 8192 1 8191
7918 203 3 2 7915 1 7915
27155 715 4 5 27148 1 27147
23192 715 4 5 23186 1 23185
10424 675 3 10 10417 1 10416
26465 715 4 5 25947 0 25937
15517 715 4 5 15510 1 15509
5460 675 3 10 5451 1 5449
21311 715 4 5 21305 1 21302
4763 675 3 10 4750 1 4749
23596 715 4 5 23580 1 23578
8126 675 3 10 7578 0 7569
15995 715 4 5 15988 1 15987
8272 471 3 5 8262 1 8261
23778 715 4 5 23770 1 23768
6966 203 3 2 6957 1 6956
7136 471 3 5 7126 1 7125
14971 715 4 5 14962 1 14961
16200 715 4 5 16193 1 16191
5597 943 3 25 5592 1 5591
6950 675 3 10 6941 1 6940
5682 675 3 10 5156 0 5146
23440 715 4 5 22744 0 22733
17171 616 4 4 17157 1 17155
23433 715 4 5 22885 0 22875
6289 406 3 4 5714 0 5705
6570 471 3 5 6568 1 6567
4800 675 3 10 4798 1 4797
18375 715 4 5 18371 1 18370
14561 715 4 5 14555 1 14553
7614 471 3 5 7605 1 7604
6568 675 3 10 4879 0 4870
4792 878 3 20 4789 1 4787
6736 471 3 5 6730 1 6728
44930 434 5 2 44617 0 44603
14383 715 4 5 14380 1 14379
8716 675 3 10 8709 1 8708
17282 715 4 5 17279 1 17269
12915 715 4 5 12907 1 12906
6607 471 3 5 6604 1 6603
21425 715 4 5 20872 0 20861
18821 715 4 5 18814 1 18813
14226 715 4 5 13931 0 13920
4844 675 3 10 4842 1 4842
6326 943 3 25 6316 1 6315
6406 203 3 2 6400 1 6388
5123 675 3 10 5121 1 5120
4986 675 3 10 4983 1 4982
6947 203 3 2 6941 1 6940
12828 308 4 2 12822 1 12821
4745 203 3 2 4742 1 4742
7848 943 3 25 7841 1 7840
7261 675 3 10 7252 1 7250
6196 943 3 25 6193 1 6193
60717 675 3 10 4901 0 4889
9950 715 4 5 9948 1 9947
6859 471 3 5 6853 1 6852
4643 675 3 10 4641 1 4641
5098 675 3 10 5095 1 5094
49062 434 5 2 49055 1 49055
4123 675 3 10 4119 1 4118
5248 203 3 2 5246 1 5246
3592 471 3 5 3589 1 3589
6129 406 3 4 6122 1 6121
6002 406 3 4 5515 0 5507
13648 715 4 5 13379 0 13370
6216 406 3 4 6213 1 6213
6018 471 3 5 5489 0 5480
6866 471 3 5 6860 1 6859
7921 675 3 10 7916 1 7916
16767 715 4 5 16218 0 16206
4579 675 3 10 4576 1 4576
5427 943 3 25 5424 1 5424
8357 675 3 10 8351 1 8350
5308 675 3 10 5306 1 5306
5021 675 3 10 5019 1 5019
6945 203 3 2 6940 1 6939
5652 943 3 25 5648 1 5648
4541 943 3 25 4084 0 4078
4606 675 3 10 4601 1 4600
4980 943 3 25 4977 1 4977
4596 471 3 5 4351 0 4344
9779 715 4 5 9773 1 9772
6367 943 3 25 5902 0 5896
6037 878 3 20 5566 0 5560
5994 471 3 5 5524 0 5521
14565 715 4 5 14559 1 14558
3762 471 3 5 3760 1 3760
5818 675 3 10 5369 0 5363
6404 675 3 10 6397 1 6396
5881 471 3 5 5426 0 5420
4469 471 3 5 4468 1 4467
6736 675 3 10 6263 0 6256
5003 878 3 20 5001 1 5001
3884 675 3 10 3882 1 3882
3540 471 3 5 3534 1 3533
6412 675 3 10 5929 0 5920
4667 471 3 5 4661 1 4661
4991 675 3 10 4986 1 4985
4298 675 3 10 4291 1 4290
3819 878 3 20 3816 1 3815
4983 878 3 20 4976 1 4975
5567 675 3 10 5562 1 5562
4914 471 3 5 4907 1 4906
17303 715 4 5 16830 0 16822
6111 943 3 25 6104 1 6104
7689 675 3 10 7684 1 7683
5529 203 3 2 5525 1 5518
4920 675 3 10 4917 1 4916
4693 675 3 10 4691 1 4691
12129 715 4 5 12124 1 12123
5913 675 3 10 5911 1 5911
6805 675 3 10 6324 0 6318
11380 715 4 5 11373 1 11372
5098 675 3 10 5094 1 5094
12723 715 4 5 12257 0 12251
16210 715 4 5 15726 0 15717
5338 675 3 10 5336 1 5336
5945 943 3 25 5942 1 5942
4304 675 3 10 4296 1 4295
101672 585 6 2 101668 1 101668
13641 943 3 25 13148 0 13141
19345 943 3 25 19341 1 19340
18985 675 3 10 18980 1 18979
58267 715 4 5 58262 1 58261
17200 406 3 4 16945 0 16935
15412 675 3 10 15406 1 15405
13273 715 4 5 13267 1 13266
4630 471 3 5 4626 1 4626
6081 675 3 10 6077 1 6076
5847 675 3 10 5845 1 5845
31650 434 5 2 31644 1 31643
18031 715 4 5 18026 1 18025
3986 471 3 5 3982 1 3981
4858 471 3 5 4855 1 4855
4851 471 3 5 4849 1 4849
6184 943 3 25 6179 1 6178
11775 715 4 5 11772 1 11772
4254 675 3 10 3791 0 3784
9946 715 4 5 9944 1 9944
18055 715 4 5 18049 1 18048
3940 675 3 10 3934 1 3933
3858 471 3 5 3853 1 3853
4907 471 3 5 4903 1 4902
11365 715 4 5 11361 1 11360
4524 675 3 10 4059 0 4052
4275 675 3 10 4273 1 4273
5581 675 3 10 5574 1 5573
6233 675 3 10 5778 0 5771
3830 675 3 10 3828 1 3828
33936 434 5 2 33456 0 33448
5325 943 3 25 4698 0 4684
20096 308 4 2 20091 1 20090
4654 675 3 10 4586 0 4580
13806 715 4 5 13801 1 13800
5247 675 3 10 5164 0 5161
197725 760 7 2 197719 1 197718
12848 715 4 5 12842 1 12841
4004 675 3 10 4001 1 4001
4710 675 3 10 4708 1 4708
79076 585 6 2 78608 0 78601
6228 471 3 5 6224 1 6224
4881 675 3 10 4879 1 4879
11918 715 4 5 11913 1 11913
9793 471 3 5 9239 0 9232
12250 715 4 5 12246 1 12246
3651 471 3 5 3649 1 3649
12960 715 4 5 12821 0 12819
12782 715 4 5 12538 0 12532
13148 715 4 5 13144 1 13144
4173 675 3 10 4171 1 4171
4876 471 3 5 4874 1 4874
6353 471 3 5 6348 1 6347
18443 715 4 5 17982 0 17974
14550 715 4 5 14547 1 14546
5627 943 3 25 5163 0 5158
10726 715 4 5 10258 0 10251
4299 675 3 10 4298 1 4298
13012 715 4 5 13009 1 13008
5420 878 3 20 5417 1 5416
4123 471 3 5 4121 1 4121
4194 943 3 25 4191 1 4191
11308 715 4 5 11300 1 11299
4517 943 3 25 4515 1 4515
8594 878 3 20 8592 1 8591
5399 203 3 2 4937 0 4932
4624 943 3 25 4166 0 4159
15407 308 4 2 15405 1 15405
