573079 9720 6 100000 573068 1 573065
295699 9680 5 5000000 295690 1 295688
520961 9720 6 100000 520949 1 520946
663668 9134 6 50000 663650 1 663648
2883622 9600 8 1000 2883610 1 2883607
495555 9720 6 100000 495540 1 495537
1460945 9347 7 5000 1460930 1 1460928
69389 9104 5 2000000 69377 1 69375
407809 9720 6 100000 407798 1 407797
10594639 9680 10 100 10594633 0 10594615
514316 9720 6 100000 513169 0 513157
10315077 9680 10 100 10315067 0 10315051
460995 9680 5 5000000 460206 0 460189
3690594 9600 8 1000 3690580 1 3690578
218555 9720 6 100000 217457 0 217442
4955897 9600 8 1000 4955882 1 4955879
279207 9720 6 100000 279196 1 279193
33996935 9886 11 50 33996924 1 33996921
757156 9720 6 100000 757145 0 757136
578207 9134 6 50000 578195 1 578191
502966 9720 6 100000 502954 1 502952
7371135 9517 9 250 7371116 1 7371114
842661 9720 6 100000 842651 1 842648
1608572 9347 7 5000 1608288 0 1608281
467772 9820 5 6250000 466963 0 466956
526097 9720 6 100000 526089 1 526086
255552 9680 5 5000000 255531 1 255526
759124 9720 6 100000 758090 0 758081
628276 9245 5 2500000 628267 1 628265
1096709 9720 6 100000 1096701 1 1096700
1767008 9134 6 50000 1766192 0 1766184
14206125 9680 10 100 14206113 1 14206110
839434 9720 6 100000 839397 1 839393
2535270 9720 6 100000 2535260 1 2535257
603887 9134 6 50000 603786 0 603779
23532479 9680 10 100 23532469 1 23532468
879877 9347 7 5000 879863 1 879861
83336 9680 5 5000000 83319 1 83318
776681 9134 6 50000 776665 1 776664
468092 9720 6 100000 468078 1 468077
3454156 9600 8 1000 3454137 1 3454136
1873197 9347 7 5000 1871781 0 1871776
391517 9680 5 5000000 391510 1 391510
2189336 9600 8 1000 2189324 1 2189323
689704 9720 6 100000 688861 0 688851
604453 9720 6 100000 604444 1 604442
17115482 9680 10 100 17115469 1 17115468
298497 9720 6 100000 298488 1 298487
2627378 9600 8 1000 2627366 1 2627365
657307 9720 6 100000 657295 1 657294
2478912 9600 8 1000 2478904 1 2478903
453648 9720 6 100000 453607 0 453604
315648 9720 6 100000 315640 1 315638
239338 9680 5 5000000 239323 1 239321
2564513 9600 8 1000 2564504 1 2564503
594302 9720 6 100000 593473 0 593468
390621 9134 6 50000 390606 1 390605
13404938 9680 10 100 13404904 0 13404900
355125 9104 5 2000000 355115 1 355114
18353708 9680 10 100 18353692 1 18353691
460506 9720 6 100000 460494 1 460493
286364 9134 6 50000 286354 1 286353
10681047 9680 10 100 10680809 0 10680805
634196 9720 6 100000 633479 0 633475
683752 9720 6 100000 683629 0 683625
2439501 9600 8 1000 2439107 0 2439102
97494 9245 5 2500000 97479 1 97478
746905 9720 6 100000 746889 1 746888
383072 9134 6 50000 383059 1 383058
2258534 9600 8 1000 2258520 1 2258519
343888 9720 6 100000 343039 0 343036
213257 9680 5 5000000 213244 1 213242
2069210 9600 8 1000 2069195 1 2069195
2361959 9600 8 1000 2361182 0 2361177
691561 9720 6 100000 690755 0 690749
379161 9720 6 100000 379145 1 379144
473738 9720 6 100000 473720 1 473719
276912 9720 6 100000 276889 0 276885
11144472 9680 10 100 11144459 1 11144458
1811125 9600 8 1000 1811109 0 1811106
6866599 9517 9 250 6864976 0 6864972
1733137 9600 8 1000 1733125 1 1733124
1664996 9600 8 1000 1664977 0 1664974
353785 9720 6 100000 353772 1 353771
495098 9720 6 100000 495084 1 495083
2166140 9600 8 1000 2166129 1 2166128
280313 9134 6 50000 280300 1 280299
183371 9245 5 2500000 183361 1 183360
590620 9347 7 5000 590609 1 590608
8402996 9680 10 100 8402982 1 8402981
276339 9720 6 100000 276329 1 276329
1657264 9600 8 1000 1657254 1 1657253
5850086 9680 10 100 5850069 1 5850068
253549 9720 6 100000 253537 1 253536
1339633 9600 8 1000 1339611 0 1339607
334485 9720 6 100000 334474 1 334474
147261 9680 5 5000000 147248 1 147248
7565364 9680 10 100 7565351 1 7565350
284977 9720 6 100000 284112 0 284109
262858 9134 6 50000 262847 1 262846
448434 9134 6 50000 448424 1 448424
299642 9720 6 100000 299634 1 299633
100705 9680 5 5000000 100703 1 100695
1600683 9600 8 1000 1600666 1 1600665
1927472 9600 8 1000 1927459 1 1927458
157598 9134 6 50000 156858 0 156854
280370 9720 6 100000 280144 0 280140
439710 9720 6 100000 439698 1 439697
136887 9680 5 5000000 136876 1 136875
123222 9245 5 2500000 89309 0 89303
258590 9720 6 100000 258574 1 258573
383142 9720 6 100000 383129 1 383127
243097 9134 6 50000 242865 0 242862
146203 9245 5 2500000 145414 0 145411
1280521 9600 8 1000 1280510 1 1280509
5407736 9680 10 100 5407721 1 5407720
1274809 9600 8 1000 1274797 1 1274796
286607 9720 6 100000 286389 0 286385
1657633 9600 8 1000 1657618 1 1657616
131236 9680 5 5000000 131221 1 131220
483513 9134 6 50000 483503 1 483502
6057697 9680 10 100 6056600 0 6056595
395404 9720 6 100000 395392 1 395391
152315 9680 5 5000000 152304 1 152303
225805 9134 6 50000 225764 0 225761
583062 9347 7 5000 583053 1 583051
220158 9104 5 2000000 220145 1 220144
304742 9908 6 125000 304728 1 304727
335510 9720 6 100000 335485 0 335483
608047 9347 7 5000 607035 0 607031
130920 9245 5 2500000 130911 1 130910
6997983 9680 10 100 6997968 1 6997968
143496 9680 5 5000000 143481 1 143480
210606 9680 5 5000000 210595 1 210594
348997 9720 6 100000 348987 1 348985
350931 9720 6 100000 350916 1 350915
521145 9720 6 100000 520754 0 520749
358263 9720 6 100000 358253 1 358252
6372808 9680 10 100 6372784 0 6372780
266576 9134 6 50000 265756 0 265752
413644 9134 6 50000 413631 1 413630
237327 9720 6 100000 237315 1 237314
170706 9680 5 5000000 169889 0 169884
8543992 9680 10 100 8543981 1 8543980
1153108 9600 8 1000 1153093 1 1153092
1226331 9600 8 1000 1226329 1 1226317
233857 9720 6 100000 233845 1 233845
11165285 9680 10 100 11164204 0 11164198
468233 9347 7 5000 468219 1 468218
448955 9720 6 100000 448123 0 448119
275529 9720 6 100000 275517 1 275516
234656 9720 6 100000 234642 1 234641
2175839 9600 8 1000 2175822 0 2175818
1450742 9600 8 1000 1450734 1 1450733
378051 9720 6 100000 378037 1 378035
403662 9720 6 100000 403650 1 403649
1639875 9600 8 1000 1639666 0 1639662
122970 9680 5 5000000 122957 1 122956
518559 9347 7 5000 517802 0 517799
513705 9720 6 100000 512875 0 512869
216698 9720 6 100000 216685 1 216684
1490627 9600 8 1000 1489811 0 1489808
141276 9720 6 100000 141264 1 141263
9723692 9680 10 100 9723661 0 9723658
240582 9134 6 50000 240571 1 240570
154693 9680 5 5000000 154682 1 154681
194264 9134 6 50000 194257 1 194256
230714 9720 6 100000 230489 0 230482
498509 9720 6 100000 498494 1 498493
712460 9347 7 5000 712447 1 712447
300839 9134 6 50000 300825 1 300825
194901 9680 5 5000000 194886 1 194885
278410 9720 6 100000 278398 1 278397
190298 9720 6 100000 190286 1 190285
398061 9720 6 100000 398047 1 398046
1306742 9600 8 1000 1306724 1 1306723
184520 9104 5 2000000 184508 1 184507
141859 9720 6 100000 141844 1 141842
101179 9820 5 6250000 101167 1 101166
386076 9720 6 100000 386067 1 386066
285284 9134 6 50000 285272 1 285271
149976 9680 5 5000000 149165 0 149159
99550 9245 5 2500000 99541 1 99540
271251 9134 6 50000 270456 0 270451
81395 9680 5 5000000 81385 1 81385
149157 9680 5 5000000 148331 0 148326
193416 9720 6 100000 193401 1 193400
11443300 9680 10 100 11443290 1 11443289
5703566 9680 10 100 5703502 0 5703499
7369603 9680 10 100 7369139 0 7369136
216592 9720 6 100000 216577 1 216576
1109619 9600 8 1000 1108845 0 1108840
426362 9908 6 125000 426348 1 426348
9985016 9680 10 100 9984998 0 9984995
577545 9134 6 50000 577532 1 577531
241618 9720 6 100000 241606 1 241605
330577 9720 6 100000 330567 1 330565
2096364 9600 8 1000 2096345 1 2096345
7905375 9680 10 100 7905360 0 7905357
487092 9720 6 100000 487076 1 487075
281392 9720 6 100000 281373 0 281369
247453 9720 6 100000 247441 0 247437
354075 9720 6 100000 353253 0 353249
504747 9134 6 50000 504737 1 504736
1259985 9600 8 1000 1259971 1 1259969
205320 9720 6 100000 205310 1 205309
186726 9720 6 100000 186711 1 186710
420437 9720 6 100000 420426 1 420425
5702982 9680 10 100 5702971 1 5702970
157269 9720 6 100000 157256 1 157256
489627 9720 6 100000 489612 1 489611
7513776 9680 10 100 7513765 1 7513764
1080199 9600 8 1000 1080186 1 1080185
