7101 471 3 5 7094 1 7092
7012 675 3 10 7005 1 7003
4378 943 3 25 4375 1 4375
12468 715 4 5 11976 0 11961
5183 675 3 10 5180 1 5180
14762 715 4 5 14742 1 14738
4885 471 3 5 4404 0 4395
18963 715 4 5 18959 1 18955
6019 675 3 10 5529 0 5514
6839 471 3 5 6366 0 6359
6675 471 3 5 6189 0 6172
4763 675 3 10 4762 1 4761
6389 471 3 5 5915 0 5911
4458 406 3 4 4447 1 4443
16015 715 4 5 16009 1 16006
6420 675 3 10 6413 1 6411
5205 471 3 5 5203 1 5202
13050 715 4 5 13044 1 13041
15319 715 4 5 15315 1 15313
12611 715 4 5 12535 0 12530
13803 715 4 5 13800 1 13799
7574 675 3 10 7046 0 7030
9293 878 3 20 8750 0 8738
5221 675 3 10 5217 1 5215
5655 471 3 5 5649 1 5642
15495 675 3 10 15493 1 15485
13615 675 3 10 13614 1 13607
5212 675 3 10 5213 1 5205
20746 715 4 5 20279 0 20255
17686 715 4 5 17160 0 17146
5371 471 3 5 5368 1 5363
5104 675 3 10 5107 1 5097
5662 675 3 10 5660 1 5654
20795 715 4 5 20519 0 20488
16565 715 4 5 16287 0 16272
8015 943 3 25 8014 1 8008
7598 471 3 5 7242 0 7221
7291 675 3 10 6788 0 6774
27251 715 4 5 26595 0 26561
6775 675 3 10 6776 1 6767
6997 943 3 25 6996 1 6988
9185 943 3 25 9185 1 9178
9636 675 3 10 9644 1 9628
38512 715 4 5 37490 0 37466
15076 715 4 5 15075 1 15069
6462 675 3 10 6461 1 6460
16380 715 4 5 16381 1 16371
5563 675 3 10 5563 1 5556
16775 715 4 5 16774 1 16768
6653 471 3 5 6657 1 6642
14685 715 4 5 14687 1 14677
5013 203 3 2 4506 0 4483
4791 675 3 10 4790 1 4787
20912 715 4 5 20912 1 20904
15618 715 4 5 15618 1 15612
7444 943 3 25 7443 1 7441
6567 471 3 5 5434 0 5413
23478 715 4 5 23478 1 23468
18595 308 4 2 18595 1 18589
20993 715 4 5 20991 1 20990
5481 471 3 5 5480 1 5478
6752 471 3 5 6750 1 6748
5890 675 3 10 5889 1 5883
4688 675 3 10 4717 1 4686
7032 878 3 20 7026 1 7025
4840 878 3 20 4836 1 4836
5681 203 3 2 4996 0 4989
5300 471 3 5 5295 1 5294
45219 434 5 2 44445 0 44431
14637 715 4 5 14633 1 14633
18014 715 4 5 17035 0 17025
5172 675 3 10 5169 1 5169
4849 675 3 10 4384 0 4377
29725 434 5 2 29723 1 29722
5371 471 3 5 5367 1 5367
7154 471 3 5 7146 1 7145
11749 715 4 5 11736 0 11724
6740 203 3 2 6735 1 6735
20641 308 4 2 20637 1 20636
17967 715 4 5 17961 1 17961
9269 203 3 2 9260 1 9258
9069 675 3 10 9062 1 9060
7187 675 3 10 6650 0 6641
7969 675 3 10 7959 1 7958
19070 715 4 5 19062 1 19060
16470 308 4 2 16460 1 16458
15621 715 4 5 15615 1 15613
20173 715 4 5 20166 1 20165
5058 675 3 10 5052 1 5051
5234 675 3 10 5225 1 5224
8855 878 3 20 8314 0 8304
6916 943 3 25 6909 1 6908
5057 471 3 5 4758 0 4749
19361 715 4 5 19355 1 19355
17506 715 4 5 16687 0 16678
4611 675 3 10 4603 1 4602
8950 471 3 5 8388 0 8382
5560 471 3 5 5556 1 5556
55017 434 5 2 55009 1 55007
8777 675 3 10 8769 1 8768
951666 963 8 2 951189 0 951180
13229 715 4 5 13226 1 13226
12219 715 4 5 12217 1 12217
5846 675 3 10 5844 1 5844
6223 471 3 5 6217 1 6216
13761 715 4 5 13271 0 13263
7833 878 3 20 7324 0 7316
16518 715 4 5 16022 0 16014
15532 715 4 5 15529 1 15527
5507 675 3 10 5505 1 5505
582878 963 8 2 582873 1 582871
4452 943 3 25 4450 1 4450
5261 675 3 10 5256 1 5255
4448 675 3 10 4445 1 4445
3890 675 3 10 3889 1 3889
15687 308 4 2 15220 0 15213
3239 675 3 10 3237 1 3236
4299 203 3 2 4297 1 4297
6747 675 3 10 6740 1 6740
4492 471 3 5 4485 1 4484
6893 675 3 10 6391 0 6370
4697 471 3 5 4692 1 4691
3794 471 3 5 3787 1 3787
8939 675 3 10 8935 1 8935
24438 943 3 25 24433 1 24432
22352 943 3 25 22350 1 22349
22464 203 3 2 22011 0 22004
62350 715 4 5 62347 1 62346
24745 675 3 10 24740 1 24739
16321 471 3 5 16315 1 16314
8602 471 3 5 8598 1 8598
14520 715 4 5 14515 1 14513
11281 715 4 5 11274 1 11273
13164 715 4 5 13160 1 13160
4863 675 3 10 4859 1 4858
4910 675 3 10 4907 1 4907
4488 471 3 5 4486 1 4479
84543 585 6 2 84540 1 84539
6145 471 3 5 6139 1 6138
18073 715 4 5 18068 1 18067
4490 471 3 5 4483 1 4482
5985 943 3 25 5981 1 5981
14456 715 4 5 14453 1 14453
5001 675 3 10 4998 1 4998
15067 308 4 2 15059 1 15058
3672 675 3 10 3667 1 3667
5201 471 3 5 5195 1 5195
4446 471 3 5 4440 1 4440
6280 471 3 5 6272 1 6270
14074 308 4 2 14071 1 14069
5762 471 3 5 5243 0 5236
4076 943 3 25 4068 1 4068
11869 715 4 5 11866 1 11865
5927 471 3 5 5370 0 5361
18287 715 4 5 17815 0 17809
3876 675 3 10 3874 1 3874
13808 715 4 5 13800 1 13799
13503 715 4 5 13035 0 13021
18595 616 4 4 18590 1 18589
13759 715 4 5 13753 0 13747
6386 203 3 2 6381 1 6380
14503 715 4 5 14495 1 14493
6034 471 3 5 5581 0 5576
5789 471 3 5 5787 1 5787
6874 203 3 2 6867 1 6866
14850 715 4 5 14354 0 14345
3681 675 3 10 3679 1 3679
7231 675 3 10 6754 0 6747
11626 715 4 5 11620 1 11619
3586 675 3 10 3586 0 3580
5610 675 3 10 5604 1 5602
4248 943 3 25 4245 1 4245
3840 471 3 5 3838 1 3838
30977 434 5 2 30973 1 30973
3915 675 3 10 3911 1 3911
4060 675 3 10 4058 1 4058
4781 203 3 2 4779 1 4779
37172 434 5 2 37165 1 37163
4747 943 3 25 4745 1 4745
5793 943 3 25 5791 1 5791
11281 715 4 5 11276 1 11275
3931 675 3 10 3929 1 3929
4672 471 3 5 4667 1 4665
4276 675 3 10 4274 1 4274
11026 715 4 5 11023 1 11023
4474 471 3 5 4472 1 4472
16432 715 4 5 16426 1 16425
12101 715 4 5 12097 1 12096
6028 943 3 25 5567 0 5561
3315 471 3 5 3065 0 3063
12918 715 4 5 12915 1 12914
5468 943 3 25 5464 1 5462
12644 308 4 2 12641 1 12641
3876 675 3 10 3869 1 3868
5316 471 3 5 5314 1 5314
5643 943 3 25 5641 1 5641
8475 471 3 5 8469 1 8469
10134 715 4 5 10127 1 10126
4602 943 3 25 4599 1 4599
5537 943 3 25 5079 0 5072
15815 715 4 5 15811 1 15811
5632 675 3 10 5627 1 5626
4716 471 3 5 4714 1 4714
11864 308 4 2 11859 1 11857
33748 434 5 2 33742 1 33741
13637 308 4 2 13631 1 13630
5491 675 3 10 5488 1 5487
5383 878 3 20 5382 1 5382
10507 715 4 5 10502 1 10501
15542 715 4 5 15086 0 15079
3750 675 3 10 3748 1 3748
4326 675 3 10 4324 1 4324
4443 675 3 10 4440 1 4440
14492 715 4 5 13330 0 13323
5571 675 3 10 5569 1 5568
11676 715 4 5 11671 1 11670
18492 308 4 2 17964 0 17958
5090 471 3 5 5089 1 5088
5618 203 3 2 5614 1 5614
5287 203 3 2 4824 0 4818
11336 715 4 5 11333 1 11333
4024 675 3 10 4023 1 4022
6621 943 3 25 6617 1 6616
4739 471 3 5 4285 0 4279
