6058 878 3 20 5494 0 5481
8326 943 3 25 8312 1 8310
8730 943 3 25 7426 0 7413
5822 471 3 5 4668 0 4656
5814 675 3 10 5802 1 5801
5346 675 3 10 5336 1 5333
8365 878 3 20 6932 0 6908
11850 675 3 10 11836 1 11835
5607 675 3 10 5602 1 5602
4530 675 3 10 4526 1 4525
5684 471 3 5 5670 1 5668
17208 715 4 5 17197 1 17196
7088 878 3 20 6586 0 6576
5119 471 3 5 5117 1 5117
7366 878 3 20 7361 1 7359
8596 878 3 20 8592 1 8591
23257 715 4 5 23252 1 23251
9947 943 3 25 9942 1 9941
11679 715 4 5 11676 1 11674
400791 963 8 2 400414 0 400404
3806 675 3 10 3801 1 3799
12390 715 4 5 12386 1 12383
5758 471 3 5 5753 1 5750
6316 943 3 25 6312 1 6310
9912 715 4 5 9904 1 9902
5145 471 3 5 5141 1 5139
4609 675 3 10 4603 1 4601
6141 471 3 5 5667 0 5655
4660 471 3 5 4659 1 4659
45331 434 5 2 45325 1 45323
5433 675 3 10 5429 1 5428
4811 203 3 2 4806 1 4805
11542 715 4 5 11539 1 11537
4061 675 3 10 4057 1 4056
4348 675 3 10 4344 1 4342
5601 471 3 5 5595 1 5593
5370 675 3 10 4916 0 4907
14618 715 4 5 14614 1 14611
5738 203 3 2 5285 0 5277
13906 715 4 5 13904 1 13903
6177 943 3 25 5700 0 5690
6501 675 3 10 6039 0 6034
5842 675 3 10 5840 1 5839
3898 471 3 5 3894 1 3893
6309 943 3 25 6307 1 6306
4781 675 3 10 4779 1 4778
6121 943 3 25 6112 1 6109
57867 675 3 10 5320 0 5305
12998 715 4 5 12995 1 12993
4862 471 3 5 4861 1 4860
3515 471 3 5 3513 1 3512
5721 471 3 5 5717 1 5716
4430 471 3 5 4427 1 4427
14346 715 4 5 14341 1 14339
5309 471 3 5 5303 1 5301
4935 471 3 5 4931 1 4930
5828 471 3 5 5823 1 5821
3673 675 3 10 3671 1 3670
4138 471 3 5 4137 1 4136
11726 715 4 5 11272 0 11262
5033 471 3 5 4898 0 4895
6775 675 3 10 6770 1 6769
6750 675 3 10 6748 1 6745
5899 203 3 2 5896 1 5896
6123 878 3 20 6119 1 6117
5904 675 3 10 5447 0 5437
13532 715 4 5 13528 1 13527
3965 878 3 20 3963 1 3962
14065 715 4 5 14061 1 14060
3810 675 3 10 3808 1 3808
7560 471 3 5 7005 0 6987
13069 715 4 5 13062 1 13059
4615 675 3 10 4613 1 4612
5180 878 3 20 5177 1 5177
51294 434 5 2 51292 1 51291
3949 675 3 10 3947 1 3947
21595 715 4 5 21593 1 21591
5731 471 3 5 5727 1 5726
4394 471 3 5 4392 1 4390
5917 471 3 5 5415 0 5404
27498 434 5 2 27424 0 27412
5974 675 3 10 5969 1 5965
5131 675 3 10 5131 1 5126
6986 943 3 25 6508 0 6494
11954 715 4 5 11950 1 11946
21150 715 4 5 20657 0 20645
7323 675 3 10 7318 1 7313
15362 715 4 5 15363 1 15354
9385 675 3 10 9382 1 9377
12484 878 3 20 12484 1 12477
5137 471 3 5 5135 1 5131
6428 675 3 10 6430 1 6417
8215 675 3 10 7746 0 7726
5412 471 3 5 5413 1 5409
8809 203 3 2 8322 0 8299
15005 715 4 5 14261 0 14244
5273 943 3 25 5272 1 5266
58316 434 5 2 58318 1 58309
18468 715 4 5 18471 1 18459
7707 675 3 10 7705 1 7699
9140 675 3 10 8638 0 8627
23058 715 4 5 23058 1 23051
28867 715 4 5 28867 1 28860
10931 943 3 25 10933 1 10917
8020 675 3 10 8019 1 8012
5898 943 3 25 5291 0 5269
6862 471 3 5 6860 1 6857
5049 406 3 4 5047 1 5046
6181 471 3 5 5905 0 5877
7479 203 3 2 6958 0 6939
15889 715 4 5 15892 1 15882
20532 308 4 2 20529 1 20527
18551 715 4 5 18550 1 18548
9464 203 3 2 8991 0 8964
6907 675 3 10 6419 0 6400
5852 471 3 5 5352 0 5325
5930 675 3 10 5441 0 5421
10899 715 4 5 10898 1 10890
7193 675 3 10 7190 1 7181
17127 715 4 5 17131 1 17119
6801 471 3 5 6799 1 6796
6753 471 3 5 6751 1 6746
6108 675 3 10 6111 1 6100
19883 715 4 5 19886 1 19875
4941 675 3 10 4938 1 4934
6247 675 3 10 6248 1 6237
12999 715 4 5 12740 0 12719
5867 675 3 10 5869 1 5848
6194 471 3 5 6196 1 6187
7554 471 3 5 6945 0 6930
7251 471 3 5 6751 0 6740
18320 715 4 5 17521 0 17509
6768 471 3 5 6054 0 6009
6841 675 3 10 6839 1 6838
6900 471 3 5 6889 1 6888
5924 943 3 25 5779 0 5776
4685 675 3 10 4209 0 4206
7303 878 3 20 6823 0 6815
6840 943 3 25 6833 1 6832
5075 675 3 10 5067 1 5066
6404 943 3 25 6397 1 6396
4409 675 3 10 4402 1 4402
5648 675 3 10 5165 0 5156
13273 715 4 5 13265 1 13264
16753 715 4 5 16747 1 16747
5603 675 3 10 5131 0 5108
16819 715 4 5 16323 0 16320
5168 471 3 5 5162 1 5162
4290 471 3 5 4281 1 4281
5658 675 3 10 5153 0 5146
13766 715 4 5 13760 1 13759
16073 715 4 5 16070 1 16070
5373 675 3 10 5369 1 5368
6667 203 3 2 6660 1 6660
14707 715 4 5 14702 1 14701
6052 471 3 5 6047 1 6046
8526 943 3 25 8516 1 8515
5360 675 3 10 5353 1 5352
8308 203 3 2 8001 0 7989
6864 675 3 10 6856 1 6855
18911 308 4 2 18903 1 18902
9562 878 3 20 9011 0 8995
6366 203 3 2 5824 0 5816
13599 308 4 2 13596 1 13596
19765 715 4 5 19762 1 19762
7042 471 3 5 7034 1 7033
5455 471 3 5 4885 0 4877
16051 715 4 5 16041 1 16040
4991 943 3 25 4987 1 4986
4751 675 3 10 4745 1 4744
5477 943 3 25 5191 0 5181
6301 471 3 5 6293 1 6292
7625 675 3 10 7618 1 7617
7972 943 3 25 7964 1 7963
8451 471 3 5 8444 1 8443
6085 471 3 5 6082 1 6081
7396 943 3 25 7388 1 7386
8500 675 3 10 7969 0 7964
14823 715 4 5 14294 0 14289
8444 203 3 2 8433 1 8431
19740 715 4 5 19736 1 19736
5231 675 3 10 5228 1 5228
6968 471 3 5 6960 1 6959
21688 715 4 5 21681 1 21680
7983 943 3 25 7974 1 7973
5373 675 3 10 4830 0 4822
5945 943 3 25 5936 1 5936
6781 471 3 5 6770 1 6770
25230 715 4 5 25223 1 25221
13606 471 3 5 13600 1 13599
7657 675 3 10 7652 1 7650
9226 675 3 10 8717 0 8707
517908 963 8 2 517905 1 517905
7086 675 3 10 6537 0 6527
3600 471 3 5 3595 1 3595
6170 471 3 5 6166 1 6164
5065 675 3 10 5063 1 5063
21231 715 4 5 20706 0 20697
17142 715 4 5 17134 1 17133
17646 715 4 5 17641 1 17640
6665 675 3 10 5822 0 5811
236646 760 7 2 236645 0 236635
7621 943 3 25 7616 1 7616
4880 471 3 5 4878 1 4878
18505 308 4 2 18499 1 18499
7065 471 3 5 6560 0 6553
5216 471 3 5 5214 1 5214
15417 308 4 2 15413 1 15413
6964 675 3 10 6961 1 6960
7118 203 3 2 7115 1 7115
15844 715 4 5 15356 0 15353
3433 675 3 10 3431 1 3430
4451 471 3 5 4448 1 4448
5114 471 3 5 5112 1 5111
13868 715 4 5 13865 1 13865
17640 715 4 5 17636 1 17635
6258 471 3 5 6251 1 6249
5841 675 3 10 5361 0 5358
6276 203 3 2 6274 1 6273
17930 715 4 5 17442 0 17433
5014 675 3 10 5010 1 5009
8410 943 3 25 8407 1 8407
5603 471 3 5 5601 1 5600
5402 471 3 5 5396 1 5394
