2729361 9600 8 1000 2729342 1 2729339
2601308 9347 7 5000 2601297 1 2601296
598182 9134 6 50000 597833 0 597821
568750 9720 6 100000 568739 1 568735
1364383 9720 6 100000 1364372 1 1364367
297834 9245 5 2500000 297826 1 297824
968952 9720 6 100000 968941 1 968939
2430942 9600 8 1000 2429899 0 2429881
3999003 9600 8 1000 3998993 1 3998990
119284 9245 5 2500000 119265 1 119263
396788 9680 5 5000000 395958 0 395946
1787530 9347 7 5000 1787315 0 1787307
21703156 9680 10 100 21703136 0 21703132
830127 9134 6 50000 830113 1 830112
4878632 9600 8 1000 4878615 1 4878614
1121746 9720 6 100000 1121730 1 1121729
4141060 9600 8 1000 4141043 1 4141042
1386591 9720 6 100000 1386571 1 1386569
1355638 9720 6 100000 1355623 1 1355622
2321636 9600 8 1000 2321621 1 2321620
5710546 9517 9 250 5709735 0 5709731
354115 9134 6 50000 353712 0 353708
300993 9245 5 2500000 300974 1 300973
765921 9720 6 100000 765902 1 765901
4132630 9600 8 1000 4132615 1 4132614
682032 9720 6 100000 681546 0 681541
1155295 9720 6 100000 1154403 0 1154400
4004734 9600 8 1000 4004522 0 4004518
5808272 9600 8 1000 5808257 1 5808257
363096966 9464 14 10 363096950 0 363096945
479527 9720 6 100000 479514 1 479513
710066 9720 6 100000 710054 1 710053
384611 9245 5 2500000 384590 1 384589
1159055 9720 6 100000 1158260 0 1158256
275359 9680 5 5000000 275337 0 275333
15977388 9680 10 100 15977374 1 15977373
3269054 9600 8 1000 3269026 0 3269022
2089998 9600 8 1000 2089983 1 2089982
336786 9720 6 100000 334606 0 334603
1221109 9347 7 5000 1221094 1 1221092
2468524 9600 8 1000 2468510 1 2468509
2346209 9600 8 1000 2346192 1 2346191
1912430 9347 7 5000 1912417 1 1912416
958187 9720 6 100000 958174 1 958173
14681551 9680 10 100 14681538 1 14681536
525978 9720 6 100000 525966 1 525965
67371 9680 5 5000000 67356 1 67355
834035 9720 6 100000 834020 1 834019
274411 9680 5 5000000 274401 1 274400
2402967 9600 8 1000 2402962 1 2402961
402506 9720 6 100000 402491 1 402490
463549 9908 6 125000 463538 1 463537
166710 9680 5 5000000 166698 1 166697
14438514 9680 10 100 14438501 1 14438500
176336 9104 5 2000000 176325 1 176324
738250 9134 6 50000 738237 1 738236
314908 9720 6 100000 314891 1 314890
2271542 9600 8 1000 2271524 0 2271522
663004 9720 6 100000 662992 1 662991
284967 9104 5 2000000 284951 1 284949
1627537 9600 8 1000 1627089 0 1627085
817048 9720 6 100000 816219 0 816215
2433569 9600 8 1000 2432734 0 2432730
840697 9347 7 5000 840683 1 840682
10640328 9680 10 100 10640311 0 10640308
304616 9720 6 100000 304591 0 304587
308731 9245 5 2500000 307721 0 307717
34031736 9886 11 50 34031723 1 34031722
288729 9134 6 50000 287927 0 287923
319420 9539 5 4000000 319405 0 319402
8457816 9680 10 100 8457804 1 8457803
2155037 9600 8 1000 2155020 1 2155018
386522 9720 6 100000 386515 1 386515
364620 9134 6 50000 363791 0 363788
217235 9680 5 5000000 217222 1 217221
822398 9720 6 100000 821502 0 821497
1807109 9600 8 1000 1807097 1 1807096
10660728 9680 10 100 10660717 1 10660717
1853446 9600 8 1000 1853434 1 1853434
2560765 9600 8 1000 2559706 0 2559703
610622 9720 6 100000 610608 1 610608
3043191 9600 8 1000 3043175 1 3043175
1672391 9600 8 1000 1672377 1 1672376
171003 9820 5 6250000 170986 1 170985
12354275 9680 10 100 12354263 1 12354263
3347889 9600 8 1000 3347072 0 3347067
1638371 9600 8 1000 1638357 1 1638356
424262 9720 6 100000 424245 0 424241
565730 9347 7 5000 565710 0 565707
271654 9720 6 100000 270804 0 270799
127677 9680 5 5000000 127665 1 127664
116800 9720 6 100000 116582 0 116577
1625079 9600 8 1000 1625056 0 1625052
2633498 9600 8 1000 2633484 1 2633483
369056 9134 6 50000 369042 1 369041
6617198 9680 10 100 6617184 1 6617183
1843414 9600 8 1000 1843403 1 1843402
69950 9245 5 2500000 69161 0 69157
2362324 9600 8 1000 2362315 1 2362314
422421 9720 6 100000 421441 0 421437
9110132 9680 10 100 9110118 1 9110117
467269 9720 6 100000 466445 0 466441
6718374 9680 10 100 6718358 0 6718354
284466 9720 6 100000 284452 1 284452
2198227 9600 8 1000 2198204 1 2198203
1538800 9600 8 1000 1538787 1 1538785
12539428 9680 10 100 12539417 1 12539415
2138663 9600 8 1000 2138651 1 2138650
7157720 9680 10 100 7157705 1 7157705
2790851 9600 8 1000 2770405 0 2770395
350106 9720 6 100000 350098 1 350097
1126018 9347 7 5000 1126003 1 1126002
329546 9720 6 100000 329534 1 329533
195095 9245 5 2500000 195085 1 195083
438505 9720 6 100000 438496 1 438496
1305932 9600 8 1000 1305922 1 1305922
1546251 9600 8 1000 1546242 1 1546242
497791 9134 6 50000 497779 1 497778
2034709 9600 8 1000 2034700 1 2034699
199987985 9464 14 10 199987972 1 199987970
122143491 9464 14 10 122143477 1 122143475
271721 9720 6 100000 271710 1 271710
148535 9134 6 50000 148523 1 148522
83411 9680 5 5000000 83401 1 83400
69052 9680 5 5000000 69029 1 69029
259350 9134 6 50000 258560 0 258555
204717 9720 6 100000 204701 1 204700
103364 9245 5 2500000 102689 0 102686
10505347 9886 11 50 10505306 0 10505301
194517 9720 6 100000 194508 1 194507
145327 9720 6 100000 145314 1 145314
4032517 9680 10 100 4032506 1 4032505
192079 9720 6 100000 191002 0 190996
115371 9245 5 2500000 115359 1 115359
6410746 9680 10 100 6409953 0 6409949
4123201 9680 10 100 4123190 1 4123190
189885 9720 6 100000 188133 0 188129
866018 9600 8 1000 866004 1 866003
158664 9720 6 100000 158640 0 158636
151992 9720 6 100000 151982 1 151981
69585 9245 5 2500000 69213 0 69211
190901 9720 6 100000 190891 1 190890
882105 9600 8 1000 881914 0 881909
775967 9600 8 1000 775950 1 775950
138372 9720 6 100000 138363 1 138362
4366091 9680 10 100 4365083 0 4365079
160356 9134 6 50000 160344 1 160342
144178 9720 6 100000 144165 1 144164
164802 9720 6 100000 164788 1 164787
135090 9720 6 100000 135078 1 135077
132972 9134 6 50000 132960 1 132959
129069 9720 6 100000 128350 0 128346
119951 9720 6 100000 119627 0 119622
61060 9245 5 2500000 61049 1 61049
121850 9720 6 100000 121841 1 121840
133620 9720 6 100000 133606 1 133605
261859 9720 6 100000 261845 1 261844
718120 9600 8 1000 718108 1 718107
3246248 9680 10 100 3246237 1 3246236
1021405 9600 8 1000 1021394 1 1021394
384873 9347 7 5000 384861 1 384860
301736 9347 7 5000 301725 1 301724
647388 9600 8 1000 646031 0 646028
806699 9600 8 1000 806336 0 806331
769166 9600 8 1000 769154 1 769153
154878 9134 6 50000 154865 1 154864
4394128 9680 10 100 4394115 1 4394114
3281886 9680 10 100 3281872 1 3281870
63771 9680 5 5000000 63761 1 63760
126895 9720 6 100000 126885 1 126884
727011 9600 8 1000 726999 1 726998
66105 9680 5 5000000 65563 0 65560
141667 9720 6 100000 141652 0 141650
70652 9680 5 5000000 70644 1 70643
3710719 9680 10 100 3710711 1 3710710
239408 9134 6 50000 189082 0 189078
63406 9680 5 5000000 63401 1 63400
75062 9245 5 2500000 75048 1 75047
616585 9600 8 1000 616568 0 616566
3637917 9680 10 100 3637899 0 3637896
124048 9720 6 100000 124026 0 124023
161031 9134 6 50000 160507 0 160504
149125 9720 6 100000 149112 1 149111
483789 9347 7 5000 482989 0 482985
245999 9134 6 50000 245991 1 245990
4401029 9680 10 100 4400284 0 4400279
115073 9134 6 50000 114331 0 114325
1101106 9600 8 1000 1101096 1 1101095
137367 9720 6 100000 137354 1 137353
3556113 9680 10 100 3556101 1 3556100
135638 9720 6 100000 135626 1 135625
2104039 9517 9 250 2103365 0 2103362
836153 9600 8 1000 836143 1 836142
182961 9720 6 100000 182944 0 182940
122601 9134 6 50000 122589 1 122588
703398 9600 8 1000 703386 1 703385
307863 9592 7 6250 307852 1 307852
110658 9720 6 100000 110648 1 110647
705806 9600 8 1000 705796 1 705795
231006 9720 6 100000 230996 1 230995
211293 9720 6 100000 211284 1 211283
116638 9720 6 100000 116620 0 116616
