182483 10115 5 10000000 182474 1 182472
1277270 10108 7 10000 1277258 1 1277256
67527 10690 5 25000000 67517 1 67516
5033283 10712 9 500 5033270 1 5033266
68887 10115 5 10000000 68882 1 68881
119131 10115 5 10000000 119127 1 119114
257145 10115 5 10000000 257133 1 257131
179092 10115 5 10000000 178149 0 178133
1847199 10108 7 10000 1847186 1 1847184
1669671 10108 7 10000 1669661 0 1669651
454291 10115 5 10000000 453875 0 453859
543864 10115 5 10000000 543854 1 543852
2108774 10108 7 10000 2108768 0 2108756
808560 10493 6 250000 808555 1 808554
1117955 10108 7 10000 1117932 1 1117929
1216814 10108 7 10000 1216809 1 1216807
484225 10115 5 10000000 484216 1 484213
8763902 10712 9 500 8763886 1 8763882
145302 10115 5 10000000 145287 1 145285
503129 10115 5 10000000 502169 0 502152
7369759 10712 9 500 7369742 1 7369739
713476 10690 5 25000000 713079 0 713071
1049631 10108 7 10000 1049620 1 1049617
646960 10108 7 10000 646948 1 646946
348753 10115 5 10000000 348738 1 348736
1772220 10108 7 10000 1772205 1 1772203
76351 10115 5 10000000 74736 0 74729
141561 10690 5 25000000 141547 1 141544
67258 10115 5 10000000 67238 1 67236
1059730 10108 7 10000 1059714 1 1059711
1737083 10108 7 10000 1737066 1 1737064
1061955 10108 7 10000 1061941 0 1061932
732239 10115 5 10000000 732228 1 732225
1400012 10108 7 10000 1399183 0 1399175
501633 10115 5 10000000 501619 1 501615
3059595 10108 7 10000 3058769 0 3058758
413730 10690 5 25000000 413723 1 413719
1465908 10108 7 10000 1465897 1 1465890
1196913 10108 7 10000 1196893 1 1196891
57660 10115 5 10000000 57650 1 57648
85875 10115 5 10000000 85864 1 85862
207867 10115 5 10000000 206237 0 206230
444183 10115 5 10000000 443319 0 443309
92474 10115 5 10000000 92463 1 92460
1296815 10108 7 10000 1296800 1 1296797
835910 10108 7 10000 835900 1 835898
198746 10115 5 10000000 198735 1 198733
173396 10115 5 10000000 173380 1 173378
1441749 10108 7 10000 1440933 0 1440926
79296 10690 5 25000000 79286 1 79283
676055 10115 5 10000000 676039 1 676036
499410 10115 5 10000000 499398 1 499394
322208 10115 5 10000000 322192 1 322189
495184 10255 5 12500000 494412 0 494405
3223198 10108 7 10000 3223187 1 3223184
2627923 10108 7 10000 2627909 1 2627907
65185 10115 5 10000000 64591 0 64585
1822632 10108 7 10000 1820984 0 1820975
260294 10115 5 10000000 260282 1 260278
1582805 10108 7 10000 1582795 1 1582792
438279 10115 5 10000000 438267 1 438265
247898 10115 5 10000000 247889 1 247886
1605743 10108 7 10000 1605542 0 1605536
1356681 10108 7 10000 1356665 0 1356656
289774 10690 5 25000000 289759 1 289756
263215 10115 5 10000000 263204 1 263202
1929560 10108 7 10000 1929524 0 1929518
231129 10115 5 10000000 231121 1 231119
919166 10108 7 10000 919143 1 919142
274756 10115 5 10000000 274747 1 274745
354219 10115 5 10000000 354200 0 354192
557954 10690 5 25000000 557942 1 557939
1738763 10868 7 20000 1738749 1 1738746
396452 10115 5 10000000 396438 1 396435
1441648 10108 7 10000 1441633 1 1441631
60322 10115 5 10000000 60309 1 60307
1712659 10108 7 10000 1712627 1 1712623
1864931 10108 7 10000 1864917 1 1864913
717114 10115 5 10000000 716213 0 716201
1709702 10108 7 10000 1709690 1 1709688
298254 10115 5 10000000 298242 1 298240
1242654 10108 7 10000 1242640 1 1242636
363010 10115 5 10000000 362996 1 362994
7911790 10712 9 500 7911773 1 7911770
409311 10115 5 10000000 409301 1 409299
597167 10115 5 10000000 597155 0 597151
615851 10115 5 10000000 615833 1 615831
1255602 10108 7 10000 1255584 1 1255580
3073053 10108 7 10000 3073042 1 3073039
1457922 10108 7 10000 1456502 0 1456493
16001175 10712 9 500 16001162 1 16001159
58244 10115 5 10000000 58231 0 58223
463284 10115 5 10000000 463274 1 463271
16666683 10149 10 125 16666667 1 16666665
1205976 10108 7 10000 1205964 1 1205961
68779 10690 5 25000000 68769 1 68766
1065200 10108 7 10000 1065177 1 1065174
206095 10115 5 10000000 206080 1 206077
670349 10493 6 250000 670333 1 670330
139125 10115 5 10000000 139119 1 139118
405816 10115 5 10000000 405792 0 405786
2353819 10868 7 20000 2353803 1 2353801
289335 10690 5 25000000 289321 1 289318
386956 10115 5 10000000 386941 1 386939
523250 10115 5 10000000 523239 1 523237
1929864 10108 7 10000 1929847 1 1929845
77220 10115 5 10000000 77205 1 77203
1266757 10108 7 10000 1266737 1 1266734
1953040 10108 7 10000 1953027 1 1953024
1873664 10108 7 10000 1873650 1 1873649
492633 10549 5 20000000 492617 1 492615
3054427 10108 7 10000 3054408 1 3054405
1663830 10108 7 10000 1663814 1 1663811
218578 10115 5 10000000 218564 1 218561
1222194 10115 5 10000000 1222176 1 1222173
463810 10115 5 10000000 462987 0 462980
780053 10108 7 10000 780043 1 780040
211863 10115 5 10000000 211745 0 211738
8175129 10712 9 500 8174717 0 8174708
1482557 10108 7 10000 1482545 1 1482544
80640 10549 5 20000000 80626 1 80623
2438558 10108 7 10000 2438062 0 2438052
9884759 10115 5 10000000 242139 0 242135
992541 10108 7 10000 992530 1 992529
1201948 10108 7 10000 1201933 1 1201932
273891 10115 5 10000000 273880 1 273879
201573 10115 5 10000000 201555 1 201554
75975 10115 5 10000000 75964 1 75962
743120 10493 6 250000 743051 1 743050
136571 10115 5 10000000 136557 1 136556
2053041 10108 7 10000 2052034 0 2052029
268366 10115 5 10000000 268351 1 268350
288613 10549 5 20000000 288600 1 288598
379777 10493 6 250000 379770 1 379769
198413 10690 5 25000000 198406 1 198405
311049 10549 5 20000000 310249 0 310245
263709 10115 5 10000000 262957 0 262954
1059534 10108 7 10000 1058700 0 1058697
154984 10115 5 10000000 154151 0 154146
2401534 10108 7 10000 2401522 1 2401521
346634 10115 5 10000000 346623 1 346622
1203836 10108 7 10000 1203819 1 1203819
1175665 10108 7 10000 1174837 0 1174832
251289 10115 5 10000000 249752 0 249748
520650 10115 5 10000000 520635 1 520634
242946 10690 5 25000000 242928 1 242927
938771 10108 7 10000 938758 1 938756
10556365 10712 9 500 10556356 1 10556355
319900 10549 5 20000000 319702 0 319699
171881 10115 5 10000000 171050 0 171046
988061 10493 6 250000 987288 0 987284
366860 10549 5 20000000 366850 1 366850
245481 10115 5 10000000 245467 1 245466
1502380 10108 7 10000 1502366 1 1502365
1609591 10108 7 10000 1609579 1 1609578
331749 10690 5 25000000 331735 1 331735
888912 10108 7 10000 888890 0 888886
109309 10115 5 10000000 109298 1 109297
232567 10115 5 10000000 232552 0 232548
247396 10115 5 10000000 246563 0 246560
1192961 10108 7 10000 1192938 1 1192937
915427 10108 7 10000 915411 1 915410
246743 10115 5 10000000 246731 1 246730
4161036 10712 9 500 4161021 1 4161020
280342 10549 5 20000000 280325 1 280324
166050 10690 5 25000000 166036 1 166035
1073401 10352 7 12500 1073392 1 1073391
146719 10115 5 10000000 146704 1 146703
330097 10305 6 200000 329880 0 329876
131946 10115 5 10000000 131477 0 131471
229250 10115 5 10000000 229236 1 229234
1128848 10108 7 10000 1128626 0 1128623
162815 10255 5 12500000 162804 1 162803
1363354 10108 7 10000 1361702 0 1361697
129120 10115 5 10000000 129105 1 129104
218630 10115 5 10000000 218608 0 218604
943823 10108 7 10000 943808 1 943807
433078 10549 5 20000000 432293 0 432289
1974856 10108 7 10000 1974842 1 1974841
237600 10690 5 25000000 236902 0 236899
166617 10115 5 10000000 166601 1 166600
2057319 10108 7 10000 2056557 0 2056553
142044 10115 5 10000000 142034 1 142033
204173 10115 5 10000000 204160 1 204159
246176 10115 5 10000000 246163 1 246163
440726 10115 5 10000000 440709 1 440708
1381906 10108 7 10000 1381891 1 1381890
204074 10690 5 25000000 203207 0 203203
202735 10115 5 10000000 202724 1 202722
201381 10690 5 25000000 201363 1 201362
313320 10115 5 10000000 313306 1 313305
2397934 10563 8 2000 2397693 0 2397689
172100 10115 5 10000000 172087 1 172086
195084 10115 5 10000000 195073 1 195072
309006 10115 5 10000000 308992 1 308991
1653975 10108 7 10000 1653956 1 1653955
341512 10115 5 10000000 341497 1 341496
225850 10115 5 10000000 225839 1 225837
134028 10115 5 10000000 134011 0 134007
1175351 10108 7 10000 1174937 0 1174933
1434614 10108 7 10000 1434597 1 1434596
247876 10115 5 10000000 247863 1 247861
940500 10108 7 10000 940489 1 940488
103987 10115 5 10000000 102952 0 102946
1050875 10108 7 10000 1050189 0 1050185
466285 10305 6 200000 466274 1 466273
1183515 10108 7 10000 1183501 1 1183500
346897 10115 5 10000000 346882 1 346881
396516 10115 5 10000000 395711 0 395708
1268996 10108 7 10000 1268982 1 1268981
408658 10305 6 200000 408647 1 408646
1063286 10868 7 20000 1063272 1 1063272
543889 10690 5 25000000 543063 0 543059
289611 10549 5 20000000 289585 1 289583
