165342 10549 5 20000000 164946 0 164931
953265 10108 7 10000 953251 1 953249
195375 10115 5 10000000 195361 1 195360
503109 10549 5 20000000 502729 0 502710
1916619 10108 7 10000 1916604 1 1916600
3790944 10563 8 2000 3790489 0 3790474
464850 10690 5 25000000 464020 0 463990
1204995 10108 7 10000 1204990 0 1204977
209948 10115 5 10000000 209939 1 209935
8801135 10712 9 500 8800358 0 8800349
1297101 10108 7 10000 1297090 1 1297088
146213 10690 5 25000000 146204 1 146202
413599 10115 5 10000000 413587 1 413585
423882 10115 5 10000000 423871 1 423869
334622 10115 5 10000000 334500 0 334484
321247 10115 5 10000000 320878 0 320868
146381 10115 5 10000000 145683 0 145673
1380452 10108 7 10000 1380438 1 1380435
659012422 10935 15 10 659012406 1 659012406
125670 10115 5 10000000 125658 1 125656
530874174 10935 15 10 530874145 0 530874141
450808 10108 7 10000 450793 1 450792
639166 10493 6 250000 638428 0 638425
71927 10115 5 10000000 71910 1 71909
117772 10115 5 10000000 117002 0 116998
668789 10108 7 10000 668772 1 668771
490221 10108 7 10000 490105 0 490101
97053 10115 5 10000000 96358 0 96352
609660 10108 7 10000 609645 0 609641
572135 10108 7 10000 571370 0 571365
533973 10108 7 10000 533955 1 533955
180388 10115 5 10000000 180377 1 180376
55511 10115 5 10000000 55496 1 55495
487399 10108 7 10000 487385 1 487385
130911 10690 5 25000000 130898 1 130897
99505 10690 5 25000000 99487 0 99484
195254 10690 5 25000000 195244 1 195243
120994 10115 5 10000000 120984 1 120983
205374 10115 5 10000000 205362 1 205361
137897 10115 5 10000000 136813 0 136810
110107 10690 5 25000000 110096 1 110095
944263 10108 7 10000 944250 1 944249
183785 10255 5 12500000 182981 0 182977
610749 10108 7 10000 610738 1 610738
73123 10115 5 10000000 73113 1 73112
66699 10115 5 10000000 66689 1 66688
58561 10115 5 10000000 58549 1 58548
536464 10108 7 10000 536452 1 536451
135504 10115 5 10000000 135485 1 135484
118254 10115 5 10000000 117407 0 117395
69755 10115 5 10000000 69744 1 69743
150887 10115 5 10000000 150874 1 150873
300507877 10935 15 10 300507863 1 300507862
75195 10549 5 20000000 74475 0 74471
58656 10690 5 25000000 58642 1 58641
81466 10115 5 10000000 81124 0 81121
90659 10115 5 10000000 89618 0 89614
304171 10108 7 10000 304159 1 304158
388125 10108 7 10000 388113 1 388112
114643 10115 5 10000000 114631 1 114631
81648 10115 5 10000000 81633 1 81632
63167 10115 5 10000000 62473 0 62470
528268 10108 7 10000 527473 0 527470
371442 10108 7 10000 371428 1 371427
373100 10108 7 10000 373084 1 373083
354976 10108 7 10000 354813 0 354810
48777 10115 5 10000000 48767 1 48766
62604 10549 5 20000000 62592 1 62591
61267 10115 5 10000000 61240 1 61240
293087 10108 7 10000 292106 0 292102
154555 10305 6 200000 154546 1 154545
58899 10115 5 10000000 58109 0 58105
313323 10108 7 10000 313314 1 313313
101082 10549 5 20000000 100230 0 100226
282430 10108 7 10000 281197 0 281193
102187 10115 5 10000000 102176 1 102175
88664 10115 5 10000000 88654 1 88652
294012 10108 7 10000 294000 1 294000
108232 10115 5 10000000 107451 0 107448
169927 10493 6 250000 169915 1 169914
96513 10115 5 10000000 96503 1 96502
2893045 10149 10 125 2893033 1 2893032
102876 10255 5 12500000 102863 1 102863
406229 10108 7 10000 406217 1 406216
71435 10115 5 10000000 71065 0 71062
1695555 10712 9 500 1695531 0 1695528
353532 10108 7 10000 353405 0 353403
348398 10108 7 10000 348392 1 348391
93725 10115 5 10000000 93714 1 93713
70831 10115 5 10000000 70819 1 70819
367999 10108 7 10000 367989 1 367988
102688 10115 5 10000000 102678 1 102677
82323 10115 5 10000000 81328 0 81325
62260 10115 5 10000000 62247 1 62246
86358 10115 5 10000000 86347 1 86346
85522 10115 5 10000000 85506 1 85505
72133 10115 5 10000000 72120 1 72120
71981 10115 5 10000000 71968 1 71967
344600 10108 7 10000 344589 1 344588
59809 10115 5 10000000 59798 1 59797
69665 10115 5 10000000 69652 1 69651
57562 10115 5 10000000 57362 0 57358
419981 10108 7 10000 419971 1 419970
563170 10108 7 10000 563160 1 563159
356085 10108 7 10000 356071 1 356069
57272 10690 5 25000000 57234 0 57229
439466 10108 7 10000 439454 1 439453
62935 10115 5 10000000 62553 0 62550
329084 10108 7 10000 329060 0 329057
579255 10563 8 2000 579245 1 579244
60950 10115 5 10000000 60673 0 60669
71692 10115 5 10000000 71676 1 71672
68074 10115 5 10000000 67320 0 67316
633508 10108 7 10000 633496 1 633495
95226 10115 5 10000000 95216 1 95215
388360 10108 7 10000 388351 1 388350
236213 10108 7 10000 236201 1 236200
64153 10115 5 10000000 64144 1 64143
351002 10493 6 250000 350992 1 350992
70346 10115 5 10000000 70302 1 70301
98643 10115 5 10000000 98633 1 98632
155051 10493 6 250000 154408 0 154405
358434 10108 7 10000 358426 1 358426
56540 10115 5 10000000 56531 1 56530
84546 10255 5 12500000 84538 1 84537
56443 10115 5 10000000 56435 1 56434
57160 10255 5 12500000 57146 1 57146
285563 10108 7 10000 285555 1 285554
1807073 10327 9 400 1807061 1 1807060
77288 10549 5 20000000 77278 1 77278
57131 10690 5 25000000 56810 0 56808
54678 10690 5 25000000 54011 0 54008
362635 10108 7 10000 291883 0 291880
315361 10352 7 12500 315351 1 315350
50288 10115 5 10000000 49400 0 49398
55537 10115 5 10000000 55529 1 55528
225744 10108 7 10000 225734 1 225732
55051 10115 5 10000000 55043 1 55043
50724 10690 5 25000000 50714 1 50713
54393 10690 5 25000000 54384 1 54384
56036 10690 5 25000000 56021 0 56019
693821 10873 8 2500 693813 1 693812
82890 10115 5 10000000 82881 1 82880
82879 10115 5 10000000 82280 0 82277
240797 10108 7 10000 240788 1 240787
57055 10115 5 10000000 57047 1 57046
41218 10115 5 10000000 41209 1 41209
614966 10563 8 2000 614955 1 614954
50072 10115 5 10000000 50063 1 50062
342604 10108 7 10000 342595 1 342594
269688 10108 7 10000 269679 1 269678
46408 10115 5 10000000 46398 1 46398
49618 10115 5 10000000 49611 1 49610
242895 10108 7 10000 242886 1 242885
78120 10115 5 10000000 77429 0 77427
301927 10108 7 10000 301601 0 301598
134984 10493 6 250000 134971 1 134970
350255 10108 7 10000 350245 1 350245
212754 10108 7 10000 212744 1 212743
51267 10115 5 10000000 51257 1 51256
145600 10305 6 200000 144924 0 144923
51875 10255 5 12500000 51248 0 51246
236109 10108 7 10000 236100 0 236096
82580 10115 5 10000000 82570 1 82569
48372 10115 5 10000000 48361 1 48361
50094 10115 5 10000000 50084 1 50083
283275 10108 7 10000 283251 0 283249
53290 10115 5 10000000 52672 0 52668
48021 10115 5 10000000 48012 1 48011
80978 10115 5 10000000 80351 0 80348
77600 10115 5 10000000 77591 1 77590
229891 10108 7 10000 229880 0 229877
80714 10115 5 10000000 80706 1 80704
57814 10115 5 10000000 57804 1 57803
55837 10115 5 10000000 55830 1 55830
136671 10493 6 250000 136662 1 136661
54327 10115 5 10000000 54321 1 54320
64814 10115 5 10000000 64178 0 64176
78180 10115 5 10000000 78171 1 78171
45440 10549 5 20000000 45432 1 45432
68953 10115 5 10000000 68328 0 68325
78757 10549 5 20000000 78130 0 78127
63966 10115 5 10000000 63958 1 63958
441333 10108 7 10000 441325 1 441325
261814 10108 7 10000 261806 1 261805
211246 10108 7 10000 211238 1 211237
743943 10563 8 2000 743933 1 743933
316641 10108 7 10000 315992 0 315989
75915 10115 5 10000000 75300 0 75297
54501 10115 5 10000000 54493 1 54493
336325 10868 7 20000 336294 0 336291
277761 10108 7 10000 277753 1 277752
300687 10108 7 10000 275601 0 275599
44939 10115 5 10000000 44588 0 44585
925265 10563 8 2000 925251 1 925248
622945 10873 8 2500 622457 0 622454
59973 10115 5 10000000 59963 1 59962
1300474 10712 9 500 1300466 1 1300465
46646 10255 5 12500000 46637 1 46637
58124 10115 5 10000000 58115 1 58114
52920 10115 5 10000000 52911 1 52911
252262 10108 7 10000 251544 0 251541
47558 10115 5 10000000 46941 0 46939
48402 10115 5 10000000 48229 0 48226
55837 10115 5 10000000 55826 1 55826
285029 10108 7 10000 285019 1 285018
79766 10115 5 10000000 79759 1 79758
271788 10108 7 10000 271779 1 271779
242118 10868 7 20000 242110 1 242109
77029 10115 5 10000000 77022 1 77021
250100 10108 7 10000 250092 1 250091
264437 10108 7 10000 264428 1 264427
41375 10115 5 10000000 41366 1 41365
83436 10115 5 10000000 83426 1 83425
