231046 10115 5 10000000 231029 1 231028
796008 10108 7 10000 796000 1 795999
323818 10549 5 20000000 323804 1 323802
1760966 10108 7 10000 1760955 1 1760953
1219525 10108 7 10000 1219511 1 1219508
427477 10305 6 200000 427465 1 427463
426518 10690 5 25000000 426504 1 426500
274246 10549 5 20000000 274235 1 274232
503300 10115 5 10000000 503286 1 503284
176618 10115 5 10000000 176602 1 176601
7037076 10712 9 500 7037064 1 7037062
1563466 10108 7 10000 1563456 1 1563454
1569914 10108 7 10000 1569884 0 1569874
256520 10690 5 25000000 255539 0 255527
1046872 10108 7 10000 1046860 1 1046856
554164 10115 5 10000000 554148 1 554146
1818503 10108 7 10000 1818490 1 1818488
1403821 10868 7 20000 1403814 1 1403813
1236583 10108 7 10000 1235192 0 1235182
1438197 10108 7 10000 1437994 0 1437982
599265 10115 5 10000000 599246 1 599243
250953 10115 5 10000000 250941 1 250939
185215 10115 5 10000000 185201 1 185198
1882012 10352 7 12500 1882000 0 1881989
1731917 10108 7 10000 1731500 0 1731490
2240119 10108 7 10000 2240104 1 2240101
70581 10115 5 10000000 70566 1 70563
5324067 10108 7 10000 5324051 1 5324046
336370 10255 5 12500000 335538 0 335520
475533 10690 5 25000000 475519 1 475517
758629 10115 5 10000000 758617 1 758615
712434 10493 6 250000 711577 0 711569
662577 10255 5 12500000 662566 1 662562
1949436 10108 7 10000 1949421 1 1949419
77025 10115 5 10000000 77017 1 77013
1257049 10108 7 10000 1256642 0 1256633
298573 10115 5 10000000 297794 0 297785
1510688 10493 6 250000 1510676 1 1510674
340964 10115 5 10000000 340955 1 340953
146068 10115 5 10000000 146057 1 146054
429784 10115 5 10000000 429766 1 429763
170235 10115 5 10000000 169845 0 169837
235025 10115 5 10000000 235014 1 235011
2658056 10108 7 10000 2658050 1 2658047
1042136 10108 7 10000 1042124 0 1042118
1736689 10108 7 10000 1736677 1 1736675
7635081 10712 9 500 7635072 1 7635070
1548005 10108 7 10000 1547209 0 1547200
2316123 10108 7 10000 2316111 1 2316109
1652001 10108 7 10000 1651988 1 1651986
303556 10549 5 20000000 303091 0 303084
5170251 10108 7 10000 5170236 1 5170233
486908 10115 5 10000000 486895 1 486892
2038222 10108 7 10000 2038214 1 2038212
697998 10493 6 250000 697267 0 697261
1202545 10108 7 10000 1202534 1 1202531
1174991 10108 7 10000 1174979 1 1174977
812990 10108 7 10000 812976 1 812974
2689061 10108 7 10000 2689048 1 2689045
73486 10115 5 10000000 73473 1 73471
808390 10690 5 25000000 808379 1 808376
6284122 10712 9 500 6284112 1 6284108
1996039 10108 7 10000 1996024 1 1996023
3723108 10108 7 10000 3723094 1 3723092
161423 10690 5 25000000 161416 1 161414
181393 10690 5 25000000 181378 0 181371
1484949 10108 7 10000 1484940 1 1484938
342078 10115 5 10000000 342063 1 342060
1935798 10108 7 10000 1935776 1 1935774
1696283 10108 7 10000 1696272 1 1696264
7646799 10712 9 500 7646784 1 7646783
1163724 10108 7 10000 1163704 1 1163700
657604 10115 5 10000000 657591 1 657589
1995276 10108 7 10000 1995265 1 1995261
1243458 10108 7 10000 1243441 1 1243439
497660 10115 5 10000000 497644 1 497641
2604858 10108 7 10000 2604847 1 2604843
1017365 10690 5 25000000 1016511 0 1016504
608350 10115 5 10000000 608338 1 608335
150714 10549 5 20000000 150701 1 150700
2449020 10108 7 10000 1839505 0 1839494
116500 10115 5 10000000 115619 0 115612
2483299 10108 7 10000 2483280 0 2483272
1972457 10108 7 10000 1971435 0 1971425
182605 10690 5 25000000 181840 0 181829
281478 10115 5 10000000 281466 1 281463
223594 10115 5 10000000 223583 1 223579
3248022 10873 8 2500 3248010 1 3248006
296100 10115 5 10000000 295228 0 295218
619168 10255 5 12500000 619156 1 619153
1839767 10108 7 10000 1839330 0 1839322
563522 10115 5 10000000 563507 1 563505
7974461 10327 9 400 7974445 1 7974442
1190144 10108 7 10000 1190128 0 1190122
2028535 10868 7 20000 2028517 1 2028514
1550431 10108 7 10000 1550419 0 1550409
2664938 10305 6 200000 2664923 1 2664921
430506 10115 5 10000000 429735 0 429725
1919620 10108 7 10000 1919603 1 1919600
363644 10115 5 10000000 363625 1 363622
1852007 10108 7 10000 1851987 1 1851984
575216 10115 5 10000000 575203 1 575201
283233 10115 5 10000000 283217 1 283214
677446 10690 5 25000000 677431 1 677428
557986 10115 5 10000000 556874 0 556865
180675 10115 5 10000000 180667 1 180664
572142 10115 5 10000000 571351 0 571340
78879 10115 5 10000000 78862 1 78859
77993 10115 5 10000000 77977 1 77974
1617023 10305 6 200000 1617009 1 1617006
2205352 10108 7 10000 2205338 1 2205336
1651425 10108 7 10000 1651411 0 1651402
1010673 10493 6 250000 1010657 1 1010654
81088 10690 5 25000000 81074 1 81072
374967 10690 5 25000000 374950 0 374944
390480 10115 5 10000000 390462 1 390459
444325 10115 5 10000000 444314 1 444311
384905 10115 5 10000000 384890 1 384888
185651 10115 5 10000000 185643 1 185641
8571988 10563 8 2000 8571965 0 8571957
580396 10115 5 10000000 580379 1 580377
84260 10115 5 10000000 82966 0 82963
2843048 10563 8 2000 2843035 0 2843030
1050584 10255 5 12500000 1050571 1 1050569
382292 10255 5 12500000 382278 1 382276
2582531 10108 7 10000 2582525 1 2582524
521009 10115 5 10000000 520996 1 520993
10686080 10712 9 500 10685254 0 10685247
1219569 10305 6 200000 1218778 0 1218772
94248 10255 5 12500000 94235 1 94233
1182674 10108 7 10000 1181183 0 1181176
917651 10115 5 10000000 917638 1 917635
2646564 10108 7 10000 2645724 0 2645715
178041 10115 5 10000000 178027 1 178023
567935 10115 5 10000000 567916 0 567908
2285337 10108 7 10000 2285324 1 2285323
1681586 10108 7 10000 1680759 0 1680750
538857 10115 5 10000000 538840 1 538836
1184685 10108 7 10000 1184667 1 1184665
448459 10549 5 20000000 447674 0 447667
1897402 10108 7 10000 1897392 1 1897390
172226 10115 5 10000000 172211 1 172210
1053530 10108 7 10000 1053515 0 1053507
2760119 10108 7 10000 2760108 0 2760102
460487 10115 5 10000000 460473 1 460470
1138439 10108 7 10000 1138416 0 1138409
212314 10115 5 10000000 212301 1 212297
3244213 10108 7 10000 3244199 1 3244196
1788460 10108 7 10000 1788233 0 1788227
562285 10115 5 10000000 562269 1 562267
12279630 10712 9 500 12279616 1 12279614
693911 10115 5 10000000 693895 1 693893
2008189 10108 7 10000 2008178 1 2008176
465112 10115 5 10000000 465097 1 465094
552031 10115 5 10000000 552023 1 552022
5623615 10712 9 500 5623604 1 5623601
284923 10115 5 10000000 284912 1 284909
1208877 10108 7 10000 1208049 0 1208041
3281589 10873 8 2500 3281573 1 3281571
1297713 10108 7 10000 1297701 1 1297699
901942 10352 7 12500 901382 0 901375
15506016 10712 9 500 15506002 1 15505999
225277 10549 5 20000000 225258 1 225254
197434 10115 5 10000000 197420 1 197418
5926839 10712 9 500 5926815 0 5926809
142469 10115 5 10000000 142458 1 142455
485118 10115 5 10000000 484192 0 484182
14408176 10149 10 125 14408161 0 14408155
400390 10549 5 20000000 400380 1 400377
405501 10115 5 10000000 405491 1 405489
306282 10690 5 25000000 306266 1 306263
1451463 10108 7 10000 1451452 1 1451450
290489 10115 5 10000000 290475 1 290473
746995637 10935 15 10 746995621 1 746995620
694679 10108 7 10000 694670 1 694669
141040 10115 5 10000000 141023 1 141022
62312 10115 5 10000000 62302 1 62301
248416 10115 5 10000000 248399 0 248395
609199 10108 7 10000 609190 1 609188
73087 10255 5 12500000 73075 1 73074
843937 10108 7 10000 843917 0 843914
2339548 10563 8 2000 2339535 1 2339534
310505 10549 5 20000000 310490 1 310489
120578 10690 5 25000000 120564 1 120563
94168 10115 5 10000000 93350 0 93346
247729 10549 5 20000000 247709 1 247708
933506 10108 7 10000 933490 1 933490
651868 10108 7 10000 651089 0 651085
305313 10115 5 10000000 305300 1 305299
677547 10108 7 10000 677528 1 677527
865172 10108 7 10000 865159 1 865158
196048 10115 5 10000000 196034 1 196033
327465 10115 5 10000000 327455 1 327453
133985 10115 5 10000000 133975 1 133973
195832 10115 5 10000000 195821 1 195820
351732 10493 6 250000 351714 1 351712
176191 10115 5 10000000 176178 1 176177
99858 10115 5 10000000 99847 1 99846
342307 10115 5 10000000 95222 0 95216
129195 10115 5 10000000 129184 1 129182
101897 10690 5 25000000 101883 1 101881
699335 10108 7 10000 699325 1 699323
655448 10108 7 10000 655437 1 655436
528229 10305 6 200000 527455 0 527452
203654 10305 6 200000 203641 1 203640
194385 10115 5 10000000 194377 1 194370
629361 10108 7 10000 629345 1 629343
288046 10115 5 10000000 288030 0 288026
143733 10115 5 10000000 143318 0 143314
598425 10108 7 10000 597995 0 597991
