400864 10549 5 20000000 400853 1 400850
3118566 10108 7 10000 3118551 1 3118549
1568737 10108 7 10000 1568006 0 1567990
1783546 10108 7 10000 1783538 0 1783521
1235209 10108 7 10000 1235199 1 1235195
2012882 10108 7 10000 2012166 0 2012147
1919495 10108 7 10000 1919486 1 1919484
137224 10690 5 25000000 137214 1 137212
290856 10549 5 20000000 290841 1 290838
112609 10115 5 10000000 111894 0 111876
1828510 10108 7 10000 1828119 0 1828101
328609 10115 5 10000000 328596 1 328593
1975208 10108 7 10000 1975052 0 1975000
898745 10108 7 10000 898727 0 898717
1456467 10108 7 10000 1456452 1 1456450
644379 10690 5 25000000 644367 1 644363
189325 10115 5 10000000 189313 1 189310
561217 10115 5 10000000 560511 0 560499
1280529 10108 7 10000 1280511 0 1280499
541415 10255 5 12500000 541402 1 541400
170121 10255 5 12500000 170105 1 170102
539331 10115 5 10000000 538459 0 538444
275854 10115 5 10000000 275842 1 275841
140131 10690 5 25000000 140120 1 140118
1353937 10305 6 200000 1353921 1 1353919
1296486 10108 7 10000 1296476 0 1296469
579665 10115 5 10000000 149168 0 149160
273927 10115 5 10000000 273918 1 273913
1064650 10108 7 10000 1064044 0 1064031
8168575 10712 9 500 8168563 1 8168561
226944 10549 5 20000000 226081 0 226071
1484030 10108 7 10000 1484016 1 1484013
74906 10115 5 10000000 74895 1 74892
905064 10108 7 10000 905050 1 905048
1804572 10108 7 10000 1804562 1 1804560
2076214 10108 7 10000 2076202 1 2076199
1963753 10108 7 10000 1962085 0 1962076
795822715 10935 15 10 795822702 1 795822700
1019923 10305 6 200000 1019910 1 1019908
1965645 10868 7 20000 1964679 0 1964675
1265650 10108 7 10000 1265635 1 1265634
84874 10115 5 10000000 84864 1 84863
1609148 10108 7 10000 1608766 0 1608762
1036607 10108 7 10000 1036594 1 1036593
913553 10108 7 10000 913142 0 913138
136578 10690 5 25000000 94958 0 94950
308459 10115 5 10000000 308450 1 308449
1889326 10108 7 10000 1889313 1 1889312
355437 10690 5 25000000 354495 0 354489
148720 10690 5 25000000 147899 0 147895
1395468 10108 7 10000 1395445 1 1395444
957697 10108 7 10000 957684 1 957683
212677 10115 5 10000000 212253 0 212249
363649 10690 5 25000000 361667 0 361662
1069835 10108 7 10000 1069820 1 1069819
1324668 10352 7 12500 1324198 0 1324194
1119527 10108 7 10000 1119509 1 1119508
1237935 10108 7 10000 1232790 0 1232788
302027 10115 5 10000000 302015 1 302014
156751 10115 5 10000000 155877 0 155875
946314 10108 7 10000 945508 0 945500
6086088 10712 9 500 6086074 1 6086073
1010381 10108 7 10000 1010369 1 1010368
277807 10549 5 20000000 276987 0 276983
861903 10108 7 10000 861889 1 861888
1054470 10868 7 20000 1054453 1 1054451
233819 10115 5 10000000 233803 1 233802
7899804 10712 9 500 7899791 1 7899790
185148 10115 5 10000000 185130 1 185127
1010609 10108 7 10000 1010463 0 1010459
72488 10115 5 10000000 72475 1 72475
375194 10493 6 250000 374368 0 374364
125310 10115 5 10000000 125296 1 125295
275992 10690 5 25000000 275957 1 275957
244148 10115 5 10000000 243296 0 243293
1575810 10108 7 10000 1575795 1 1575794
225995 10549 5 20000000 225981 1 225980
60518 10115 5 10000000 60503 1 60502
137963 10115 5 10000000 137953 1 137951
189955 10115 5 10000000 189938 1 189937
169853 10255 5 12500000 169840 0 169837
320868 10690 5 25000000 320034 0 320029
291919 10115 5 10000000 291900 1 291899
205093 10115 5 10000000 204289 0 204286
144501 10549 5 20000000 144491 1 144490
1254792 10108 7 10000 1254778 1 1254777
1018573 10108 7 10000 871927 0 871922
205905 10115 5 10000000 205896 1 205894
908243 10108 7 10000 908217 0 908214
286158 10549 5 20000000 286142 0 286139
229667 10115 5 10000000 228884 0 228881
202089 10549 5 20000000 202075 1 202074
373745 10108 7 10000 373734 1 373734
343606 10493 6 250000 343595 1 343595
157287 10115 5 10000000 157276 1 157274
73898 10690 5 25000000 73076 0 73073
181655 10690 5 25000000 181643 1 181641
141241 10115 5 10000000 140413 0 140408
193357 10115 5 10000000 193339 1 193338
95188 10115 5 10000000 95175 1 95174
842583 10108 7 10000 842468 0 842466
109520 10115 5 10000000 109508 1 109507
600316 10108 7 10000 599244 0 599241
128365 10115 5 10000000 127943 0 127940
1030137 10108 7 10000 1030126 1 1030125
80994 10690 5 25000000 80274 0 80271
3526149 10712 9 500 3525075 0 3525071
112327 10115 5 10000000 111552 0 111548
641834 10108 7 10000 641363 0 641357
105085 10115 5 10000000 104222 0 104218
560302 10108 7 10000 560240 0 560234
3625759 10712 9 500 3625745 1 3625744
639395 10108 7 10000 639383 1 639382
1075823 10108 7 10000 1075813 1 1075812
193006 10115 5 10000000 192995 1 192993
850494 10108 7 10000 849648 0 849644
117968 10115 5 10000000 117956 1 117956
102330 10115 5 10000000 102318 1 102318
595523 10108 7 10000 595513 1 595512
181581 10115 5 10000000 181566 1 181565
88773 10115 5 10000000 88764 1 88763
204107 10115 5 10000000 204092 1 204091
257636 10115 5 10000000 256661 0 256657
182453 10690 5 25000000 182445 1 182444
918576 10108 7 10000 918363 0 918358
633346 10108 7 10000 633331 0 633327
513043 10493 6 250000 513027 1 513026
207475 10115 5 10000000 206674 0 206670
273467 10493 6 250000 273451 1 273451
61585 10115 5 10000000 61572 1 61571
522862 10108 7 10000 522845 0 522842
513782 10108 7 10000 513771 1 513770
78017 10255 5 12500000 78003 1 78000
95433 10690 5 25000000 95421 1 95420
621187 10108 7 10000 621165 0 621162
669855 10108 7 10000 667672 0 667668
619222 10108 7 10000 619209 1 619208
5773311 10712 9 500 5773288 0 5773286
143587 10115 5 10000000 143579 1 143578
129753 10115 5 10000000 129742 1 129741
2312408 10873 8 2500 2310241 0 2310236
140383 10115 5 10000000 139957 0 139953
177362 10115 5 10000000 177345 1 177344
149214 10115 5 10000000 148395 0 148391
173508 10115 5 10000000 173493 1 173493
244590 10493 6 250000 244581 1 244581
624743 10108 7 10000 624728 1 624727
1059022 10108 7 10000 1059011 1 1059010
881691 10108 7 10000 881666 0 881663
138767 10690 5 25000000 138757 1 138757
596327 10108 7 10000 596316 1 596315
235600 10493 6 250000 235590 1 235589
75417 10115 5 10000000 75405 1 75404
158416 10115 5 10000000 158401 1 158400
1334614 10563 8 2000 1334598 1 1334597
225498 10115 5 10000000 224678 0 224674
94629 10115 5 10000000 94611 0 94606
191903 10115 5 10000000 191892 1 191891
146641 10115 5 10000000 146630 1 146629
2780196 10712 9 500 2780184 1 2780183
540740 10108 7 10000 539859 0 539855
85536 10115 5 10000000 85518 0 85515
118475 10115 5 10000000 118463 1 118461
358914 10305 6 200000 358904 1 358903
152696 10549 5 20000000 152684 1 152681
167468 10115 5 10000000 167454 1 167453
57006 10690 5 25000000 56993 1 56992
462927 10108 7 10000 462909 0 462906
637815 10108 7 10000 637801 1 637800
550074 10108 7 10000 550062 1 550062
600663 10108 7 10000 600648 1 600647
259175 10890 6 400000 259161 1 259160
1117874 10868 7 20000 1117864 1 1117863
2493297 10563 8 2000 2492421 0 2492418
64816 10115 5 10000000 64809 1 64809
69815 10115 5 10000000 69797 0 69794
60856 10690 5 25000000 60034 0 60029
63694 10690 5 25000000 63677 1 63676
1703752 10563 8 2000 1703736 1 1703736
548757 10108 7 10000 548743 1 548742
854108 10108 7 10000 853366 0 853362
70622 10115 5 10000000 68219 0 68215
159529 10115 5 10000000 159518 1 159518
1190973 10108 7 10000 1190957 1 1190956
546418 10108 7 10000 546408 1 546407
119261 10115 5 10000000 119251 1 119249
842225 10108 7 10000 842217 1 842216
2647802 10712 9 500 2647786 1 2647785
95654 10115 5 10000000 95641 1 95639
65214 10115 5 10000000 65205 1 65204
637872 10108 7 10000 637854 1 637853
540395 10108 7 10000 540367 0 540363
93843 10115 5 10000000 93828 1 93826
190121 10115 5 10000000 190111 1 190110
302601 10690 5 25000000 302590 1 302589
268858 10115 5 10000000 268850 1 268849
146830 10115 5 10000000 145520 0 145514
1616893 10563 8 2000 1616879 1 1616878
142264 10690 5 25000000 142247 1 142246
1425605 10873 8 2500 1425594 1 1425593
628813 10108 7 10000 628799 1 628798
125124 10549 5 20000000 125111 1 125110
90205 10690 5 25000000 90189 1 90187
1029332 10108 7 10000 1028535 0 1028531
1116611 10108 7 10000 1115801 0 1115798
83957 10549 5 20000000 83946 1 83946
2672858 10712 9 500 2672845 1 2672844
619886 10108 7 10000 619864 0 619859
469302 10108 7 10000 469285 0 469281
685828 10108 7 10000 685812 1 685811
111543 10115 5 10000000 111531 1 111529
1259302 10108 7 10000 1259288 1 1259287
2899432 10712 9 500 2899424 1 2899423
