544326 11125 5 50000000 544308 1 544305
318858 11078 6 500000 318840 1 318837
415585 11560 5 100000000 415575 1 415572
2162808 11113 7 25000 2162795 1 2162792
1155623 11852 6 1250000 1155611 1 1155608
1898536 11874 7 50000 1897773 0 1897763
480602 11560 5 100000000 480593 1 480591
73894 11560 5 100000000 73868 1 73866
557048 11125 5 50000000 557037 1 557035
9517740 11907 9 1000 9517726 0 9517719
8626793 11907 9 1000 8626777 1 8626775
10110879 11907 9 1000 10110863 1 10110861
38020864 11638 11 100 36473562 0 36473549
7817888 11907 9 1000 7817875 1 7817873
1522860 11664 6 1000000 1522845 1 1522839
1162975 11560 5 100000000 1162964 1 1162962
1006643 11664 6 1000000 1006629 1 1006627
1855957 11664 6 1000000 1855933 1 1855930
414698 11560 5 100000000 414690 1 414688
559291 11125 5 50000000 559275 1 559273
265191 11560 5 100000000 265175 1 265173
745858 11664 6 1000000 745843 1 745840
276172 11560 5 100000000 276162 1 276158
375367 11560 5 100000000 375357 1 375354
753883 11078 6 500000 753866 0 753858
39172309 11638 11 100 39172291 0 39172283
498914 11560 5 100000000 497825 0 497819
680587 11664 6 1000000 680577 1 680574
2095036 11113 7 25000 2095023 1 2095020
623387 11560 5 100000000 622614 0 622606
7327855 11907 9 1000 7327842 1 7327840
596868 11560 5 100000000 457552 1 457550
112619 11125 5 50000000 111821 0 111813
694728 11664 6 1000000 694719 1 694718
463785 11560 5 100000000 463770 1 463768
34215186 11638 11 100 34215170 1 34215168
8252006 11907 9 1000 8251988 1 8251985
299977 11560 5 100000000 299965 1 299963
578186 11664 6 1000000 578173 1 578170
625782 11560 5 100000000 625763 1 625760
117994 11560 5 100000000 117978 1 117974
90681 11125 5 50000000 90670 1 90666
73712 11560 5 100000000 73700 1 73698
11341295 11907 9 1000 11341279 1 11341276
412877 11560 5 100000000 412863 1 412862
810419 11664 6 1000000 810407 1 810405
634937 11664 6 1000000 634924 1 634923
349736 11560 5 100000000 349726 1 349724
10036911 11907 9 1000 10036903 0 10036898
139316 11125 5 50000000 138660 0 138647
288415 11125 5 50000000 288395 1 288392
1209482 11664 6 1000000 1209465 1 1209463
1910007 11874 7 50000 1909893 0 1909887
1267586 11664 6 1000000 1267573 1 1267569
9375988 11907 9 1000 9375972 1 9375969
1602064 11874 7 50000 1602041 0 1602033
36808014 11638 11 100 36807961 0 36807954
667678 11664 6 1000000 667668 1 667665
2075164 11874 7 50000 2075138 0 2075130
164403 11560 5 100000000 164157 0 164149
41009555 11638 11 100 41009542 1 41009540
1644823 11874 7 50000 1644805 1 1644802
1913780 11874 7 50000 1913762 1 1913758
174655 11560 5 100000000 174646 1 174645
211137 11560 5 100000000 210224 0 210215
4077331 11836 8 5000 4077316 1 4077314
1125727 11113 7 25000 1125711 1 1125707
1004452 11267 6 625000 1004440 1 1004437
316211 11078 6 500000 316204 1 316202
416691 11560 5 100000000 416676 1 416674
145972 11560 5 100000000 145968 1 145965
748928 11664 6 1000000 747696 0 747686
8938097 11907 9 1000 8937238 0 8937234
380091 11664 6 1000000 380073 1 380071
5047376 11836 8 5000 5047361 1 5047361
908508 11664 6 1000000 908493 1 908491
435997 11560 5 100000000 435983 1 435982
351472 11560 5 100000000 351454 1 351453
281953 11560 5 100000000 281942 1 281941
810155 11560 5 100000000 810141 1 810140
569857 11664 6 1000000 569847 0 569844
1464189 11664 6 1000000 1464145 1 1464144
138213 11125 5 50000000 138196 1 138195
406095 11560 5 100000000 405374 0 405371
536116 11560 5 100000000 535448 0 535445
1718168 11874 7 50000 1718158 1 1718158
520554 11125 5 50000000 520537 1 520536
44546104 11638 11 100 44545985 0 44545982
7988631 11907 9 1000 7988618 1 7988616
366138 11560 5 100000000 366112 1 366111
6166917 11907 9 1000 6166504 0 6166500
3346166 11836 8 5000 3346152 1 3346152
6498488 11907 9 1000 6498471 1 6498470
341899 11125 5 50000000 341883 1 341883
490874 11560 5 100000000 490856 1 490855
793881 11078 6 500000 792984 0 792980
6004386 11836 8 5000 6004367 1 6004366
145981 11560 5 100000000 145965 1 145964
643360 11078 6 500000 643348 1 643347
91784 11125 5 50000000 91757 1 91756
283403 11560 5 100000000 283389 1 283388
381439 11664 6 1000000 381421 0 381417
366859 11125 5 50000000 366843 1 366841
614652 11560 5 100000000 614638 1 614637
431729 11560 5 100000000 430815 0 430810
6227346 11907 9 1000 6227326 1 6227324
241245 11560 5 100000000 241230 1 241228
1338416 11078 6 500000 1338403 1 1338402
146523 11125 5 50000000 146507 1 146506
8660639 11907 9 1000 8471758 0 8471752
191057 11560 5 100000000 191038 1 191037
451398 11560 5 100000000 451380 1 451379
250811 11560 5 100000000 250791 1 250791
537672 11125 5 50000000 536823 0 536819
8048720 11907 9 1000 8047716 0 8047712
210340 11560 5 100000000 210327 1 210326
1247636 11078 6 500000 1247622 1 1247621
278690 11560 5 100000000 278677 1 278675
316826 11125 5 50000000 316813 1 316812
4696837 11907 9 1000 4696822 1 4696821
140224 11560 5 100000000 140205 1 140204
92576 11560 5 100000000 92557 1 92555
646790 11560 5 100000000 646772 1 646771
385659 11560 5 100000000 385640 1 385640
1380258 11113 7 25000 1380241 1 1380240
647710 11560 5 100000000 646890 0 646886
419148 11125 5 50000000 419141 1 419140
658961 11664 6 1000000 658058 0 658054
357632 11560 5 100000000 357619 1 357618
406938 11560 5 100000000 406922 1 406921
525732 11664 6 1000000 525716 1 525715
281757 11560 5 100000000 281740 1 281739
8521049 11907 9 1000 8519962 0 8519958
970880 11664 6 1000000 970166 0 970163
1753921 11664 6 1000000 1753909 1 1753909
663137 11560 5 100000000 662296 0 662290
128741 11125 5 50000000 128735 1 128712
166337 11560 5 100000000 166318 1 166317
720393 11560 5 100000000 720378 1 720377
560444 11125 5 50000000 560432 1 560432
392785 11560 5 100000000 392360 0 392355
204590 11125 5 50000000 204573 1 204572
849185 11664 6 1000000 849168 1 849167
9447914 11907 9 1000 9447906 1 9447906
365827 11125 5 50000000 365810 1 365808
7054459 11907 9 1000 7054440 1 7054439
405283 11125 5 50000000 405264 0 405261
533412 11560 5 100000000 533374 1 533372
413850 11125 5 50000000 413837 1 413836
6690348 11907 9 1000 6690331 1 6690330
7347559 11907 9 1000 7347550 1 7347549
807593 11560 5 100000000 807570 1 807569
1568153 11874 7 50000 1567273 0 1567270
822142 11125 5 50000000 822128 1 822127
842482 11078 6 500000 766843 0 766837
341348 11560 5 100000000 341333 1 341333
14047587 11907 9 1000 14047577 1 14047575
2018133 11874 7 50000 2018120 1 2018118
995082 11664 6 1000000 994243 0 994239
567327 11560 5 100000000 567311 1 567310
30258690 11638 11 100 30258675 1 30258674
571783 11560 5 100000000 570906 0 570901
1036768 11664 6 1000000 1036753 1 1036752
1535999 11113 7 25000 1535980 1 1535979
134949 11125 5 50000000 134533 0 134530
912572 11078 6 500000 912561 1 912560
398409 11125 5 50000000 397198 0 397196
479490 11560 5 100000000 479482 1 479481
686315 11078 6 500000 686290 0 686285
640305 11078 6 500000 638612 0 638608
314453 11560 5 100000000 314443 1 314442
134295 11125 5 50000000 134283 1 134283
1249418 11664 6 1000000 1249411 1 1249411
225847 11125 5 50000000 225025 0 225022
281201 11125 5 50000000 281183 1 281181
243728 11560 5 100000000 243707 0 243705
342406 11560 5 100000000 342398 1 342398
36302108 11638 11 100 36302083 0 36302079
127961 11560 5 100000000 127951 1 127950
303733 11125 5 50000000 303713 0 303710
209328 11560 5 100000000 208521 0 208516
805954 11664 6 1000000 805941 1 805939
8027657 11907 9 1000 8027641 1 8027640
284108 11560 5 100000000 284098 1 284098
781125 11664 6 1000000 781114 1 781113
170435 11560 5 100000000 170419 1 170418
1046953 11874 7 50000 1046937 1 1046936
181166 11560 5 100000000 181152 1 181151
395048 11560 5 100000000 395034 1 395033
243736 11560 5 100000000 243721 1 243720
549357 11664 6 1000000 549345 1 549344
341917 11560 5 100000000 341903 1 341902
30651194 11638 11 100 30650418 0 30650413
375077 11560 5 100000000 375064 1 375063
22938819 11638 11 100 22938806 1 22938806
137456 11125 5 50000000 137446 1 137444
32310201 11638 11 100 32310183 0 32310179
394348 11560 5 100000000 394332 1 394331
762791 11664 6 1000000 762776 1 762775
77315640 11743 12 50 77314816 0 77314812
445274 11664 6 1000000 444851 0 444848
1839414 11874 7 50000 1839399 1 1839398
208777 11560 5 100000000 208765 1 208764
624215 11078 6 500000 623438 0 623435
141606 11664 6 1000000 141596 1 141595
190641 11078 6 500000 190625 0 190622
22757184 11638 11 100 22757170 1 22757170
413634 11078 6 500000 413628 1 413627
74619 11560 5 100000000 74601 1 74600
731521 11113 7 25000 731506 1 731505
