288500 11560 5 100000000 288484 1 288481
294477 11560 5 100000000 293616 0 293605
66766 11560 5 100000000 66008 0 65997
542686 11125 5 50000000 541687 0 541626
903866 11664 6 1000000 903856 1 903853
8449931 11907 9 1000 8449919 1 8449916
218240 11125 5 50000000 218226 1 218223
78554 11560 5 100000000 78543 1 78540
322621 11560 5 100000000 322603 1 322600
389402 11664 6 1000000 389388 0 389379
943762 11125 5 50000000 942621 0 942613
205221 11560 5 100000000 205210 1 205208
153479 11560 5 100000000 153462 1 153458
1124456 11664 6 1000000 1123586 0 1123578
211798 11560 5 100000000 211055 0 211046
555404 11560 5 100000000 554408 0 554397
445210 11560 5 100000000 445198 1 445195
412734 11664 6 1000000 412720 1 412718
411507 11560 5 100000000 411498 1 411497
307455 11560 5 100000000 307447 1 307444
491600 11560 5 100000000 491591 1 491588
685215 11560 5 100000000 684446 0 684437
1250143 11664 6 1000000 1250129 1 1250126
1430713 11664 6 1000000 1430705 1 1430701
337270 11560 5 100000000 337256 1 337254
546744 11125 5 50000000 546734 1 546730
265443 11125 5 50000000 94426 0 94418
756081 11560 5 100000000 755309 0 755300
1044769 11664 6 1000000 1044764 1 1044764
497223 11560 5 100000000 497208 1 497205
502847 11560 5 100000000 502828 1 502825
138855 11560 5 100000000 138845 1 138843
466367 11664 6 1000000 466356 1 466353
5592161 11907 9 1000 5592146 1 5592143
838175 11560 5 100000000 838157 1 838155
394319 11125 5 50000000 394307 1 394305
60418 11125 5 50000000 60405 1 60403
1065418 11560 5 100000000 1064672 0 1064664
244115 11560 5 100000000 243982 0 243972
8924843 11907 9 1000 8924314 0 8924308
478318 11560 5 100000000 478305 1 478302
1406738 11664 6 1000000 1406723 1 1406722
10760447 11907 9 1000 10759361 0 10759355
371614 11664 6 1000000 371595 0 371586
336572 11078 6 500000 336555 1 336552
906211 11664 6 1000000 905398 0 905390
259120 11560 5 100000000 259107 1 259105
9461613 11907 9 1000 9461599 1 9461597
421683 11560 5 100000000 421670 1 421668
284087 11125 5 50000000 284074 1 284071
67282 11560 5 100000000 66900 0 66893
159211 11125 5 50000000 159198 1 159196
482139 11560 5 100000000 481674 0 481665
4552148 11836 8 5000 4552133 1 4552131
1467048 11664 6 1000000 1466175 0 1466168
1025659 11560 5 100000000 1024967 0 1024962
107746 11125 5 50000000 107734 1 107732
609386 11560 5 100000000 609370 1 609367
1012154 11560 5 100000000 1011277 0 1011268
367914 11560 5 100000000 367903 1 367901
42796104 11638 11 100 42796071 1 42796069
837547 11664 6 1000000 837487 0 837477
748425 11664 6 1000000 748318 0 748310
2509954 11113 7 25000 2509940 1 2509936
696386 11560 5 100000000 696371 1 696369
605351 11664 6 1000000 605334 0 605324
488423 11664 6 1000000 488409 1 488407
1290484 11664 6 1000000 1290468 1 1290465
3713630 11836 8 5000 3713611 1 3713607
671577 11560 5 100000000 671567 1 671565
26307468 11638 11 100 26307439 0 26307429
570018 11560 5 100000000 499037 0 499031
1005714 11664 6 1000000 1005701 1 1005699
649216 11560 5 100000000 184039 0 184032
639527 11560 5 100000000 639512 1 639509
100594 11125 5 50000000 99753 0 99746
514842 11560 5 100000000 514830 1 514826
70824 11125 5 50000000 70801 1 70798
1775968 11664 6 1000000 1775954 1 1775952
289514 11664 6 1000000 289494 1 289491
2009654 11874 7 50000 2009642 1 2009639
1347279 11664 6 1000000 1347266 1 1347264
586216 11560 5 100000000 586200 1 586198
279116 11125 5 50000000 279106 1 279104
2353807 11874 7 50000 2353792 1 2353790
316301 11560 5 100000000 316289 1 316287
1812666 11664 6 1000000 1812655 1 1812653
125148 11560 5 100000000 124165 0 124151
73449 11560 5 100000000 73435 1 73433
559928 11664 6 1000000 559913 1 559910
291214 11560 5 100000000 291201 1 291199
91574 11560 5 100000000 90731 0 90724
464557 11560 5 100000000 464172 0 464163
250537 11560 5 100000000 250405 0 250398
323012 11560 5 100000000 322892 0 322885
807127 11664 6 1000000 807109 1 807107
60594 11560 5 100000000 60581 1 60578
551066 11078 6 500000 551049 1 551046
7672361 11907 9 1000 7671529 0 7671518
527960 11560 5 100000000 527950 1 527948
615744 11664 6 1000000 615727 0 615721
525228 11078 6 500000 525214 1 525212
285978 11125 5 50000000 285551 0 285544
66635 11560 5 100000000 66623 1 66621
118385 11125 5 50000000 117967 0 117957
954920 11874 7 50000 954906 1 954901
128385 11125 5 50000000 127592 0 127586
1406946 11874 7 50000 1405979 0 1405970
146162 11560 5 100000000 145411 0 145402
114456 11560 5 100000000 114446 1 114444
940915 11078 6 500000 940901 1 940897
513633 11560 5 100000000 513611 1 513610
345396 11560 5 100000000 345385 1 345384
1482993 11664 6 1000000 1482982 1 1482980
580815 11560 5 100000000 580801 1 580799
473112 11664 6 1000000 473097 1 473095
967634 11664 6 1000000 966836 0 966825
480509 11560 5 100000000 480493 0 480486
7199358 11907 9 1000 7199333 0 7199325
671923 11078 6 500000 671909 1 671906
2381324 11874 7 50000 2381308 1 2381306
296698 11560 5 100000000 296688 1 296686
80746226 11743 12 50 80746209 1 80746208
150559 11125 5 50000000 150543 1 150542
7173581 11836 8 5000 7172622 0 7172617
676756 11560 5 100000000 676013 0 676008
725029 11078 6 500000 725010 1 725009
358555 11560 5 100000000 358535 1 358535
7223533 11907 9 1000 7223510 1 7223509
504558 11560 5 100000000 503677 0 503674
403307 11560 5 100000000 403293 1 403292
169869 11560 5 100000000 169082 0 169079
431491 11560 5 100000000 431477 1 431477
1169431 11078 6 500000 1169416 1 1169415
341239 11560 5 100000000 341225 1 341225
719483 11125 5 50000000 719466 1 719465
594822 11560 5 100000000 594808 1 594807
6744442 11907 9 1000 6744429 1 6744429
303655 11560 5 100000000 302890 0 302886
1436752 11113 7 25000 1436741 1 1436740
37055307 11638 11 100 37055291 1 37055290
719107 11078 6 500000 618229 1 618228
8000196 11907 9 1000 8000179 1 8000178
605875 11560 5 100000000 605863 1 605862
565035 11560 5 100000000 565025 1 565023
621591 11078 6 500000 621552 0 621550
847047 11664 6 1000000 846817 0 846812
242125 11560 5 100000000 242103 0 242100
9359863 11907 9 1000 9359836 0 9359832
664802 11664 6 1000000 664786 1 664785
209207 11560 5 100000000 209190 1 209189
985308 11664 6 1000000 984897 0 984892
1034812 11078 6 500000 1033982 0 1033978
571756 11852 6 1250000 571740 1 571739
134261 11560 5 100000000 134243 1 134242
356572 11560 5 100000000 356553 1 356552
719522 11664 6 1000000 719505 1 719504
210916 11560 5 100000000 209946 0 209942
799851 11664 6 1000000 798958 0 798953
1650894 11664 6 1000000 1650868 0 1650863
535758 11560 5 100000000 534843 0 534839
904190 11664 6 1000000 904173 1 904172
597467 11125 5 50000000 597402 1 597401
426448 11560 5 100000000 426436 1 426435
4282456 11183 8 3125 4282229 0 4282225
7031109 11907 9 1000 7030997 0 7030993
153961 11560 5 100000000 153947 1 153946
684287 11078 6 500000 684273 0 684270
288255 11560 5 100000000 288243 0 288240
212334 11560 5 100000000 211615 0 211612
590908 11664 6 1000000 590894 1 590893
382621 11560 5 100000000 382602 1 382601
199363 11125 5 50000000 198597 0 198594
885093 11664 6 1000000 885081 1 885077
9562236 11907 9 1000 9562219 1 9562217
233757 11560 5 100000000 233747 1 233746
231299 11560 5 100000000 231284 1 231283
172659 11560 5 100000000 172645 1 172643
546152 11560 5 100000000 545344 0 545341
398964 11560 5 100000000 398949 1 398949
638212 11078 6 500000 638148 0 638144
464483 11125 5 50000000 463436 0 463432
3209642 11836 8 5000 3209633 1 3209632
305088 11560 5 100000000 305072 1 305071
1320793 11078 6 500000 1320776 1 1320775
1233861 11078 6 500000 1233846 1 1233846
7809762 11907 9 1000 7809747 1 7809746
354231 11664 6 1000000 354210 1 354209
617090 11664 6 1000000 617068 1 617068
2582273 11836 8 5000 2582264 1 2582264
551060 11560 5 100000000 551045 1 551044
8492423 11907 9 1000 8492400 1 8492399
2916637 11836 8 5000 2915245 0 2915239
32741863 11638 11 100 32741851 0 32741847
871331 11664 6 1000000 871317 1 871316
249735 11560 5 100000000 247700 0 247694
209595 11560 5 100000000 209574 1 209573
6354700 11907 9 1000 6354682 1 6354681
134834 11125 5 50000000 134820 1 134819
1282142 11664 6 1000000 1281272 0 1281269
190075 11560 5 100000000 189715 0 189711
7424741 11907 9 1000 7424717 0 7424713
439604 11560 5 100000000 439589 1 439588
645989 11078 6 500000 645976 1 645974
120145 11560 5 100000000 120129 1 120128
10753969 11907 9 1000 10743443 0 10743438
83461 11560 5 100000000 83445 1 83444
233675 11560 5 100000000 233659 1 233658
334771 11560 5 100000000 334340 0 334335
14862591 11907 9 1000 14861536 0 14861533
7034929 11907 9 1000 6863155 0 6863149
2948511 11874 7 50000 2947577 0 2947574
1084741 11664 6 1000000 1083980 0 1083976
389903 11560 5 100000000 389889 1 389889
491783 11560 5 100000000 490984 0 490980
604428 11664 6 1000000 604416 1 604415
628088 11078 6 500000 628067 0 628064
1227181 11664 6 1000000 1226367 0 1226363
498592 11560 5 100000000 498371 0 498367
