473973 11664 6 1000000 473964 1 473963
39594271 11638 11 100 39594251 1 39594248
391425 11560 5 100000000 391408 1 391405
222500 11560 5 100000000 222487 1 222484
552751 11125 5 50000000 552030 0 552023
287995 11560 5 100000000 287979 1 287975
260751 11125 5 50000000 260726 1 260723
956295 11664 6 1000000 956268 0 956261
971029 11664 6 1000000 971016 1 971014
408085 11560 5 100000000 408073 1 408070
342845 11560 5 100000000 342835 1 342833
509314 11560 5 100000000 509297 1 509295
434104 11125 5 50000000 434089 1 434086
955999 11664 6 1000000 955989 1 955986
280605 11560 5 100000000 280599 1 280596
391434 11560 5 100000000 390731 0 390724
258410 11125 5 50000000 257604 0 257598
684999 11560 5 100000000 684989 1 684987
267182 11560 5 100000000 267169 1 267167
366643 11125 5 50000000 366634 1 366632
4161719 11836 8 5000 4161703 1 4161700
554057 11560 5 100000000 554044 1 554041
9155541 11907 9 1000 9155515 0 9155506
58193848 11638 11 100 58193813 0 58193809
4262358 11836 8 5000 4262345 1 4262342
255857 11560 5 100000000 255834 1 255831
391469 11560 5 100000000 391456 1 391454
86006 11560 5 100000000 85157 0 85149
7885698 11907 9 1000 7885686 1 7885684
1856896 11664 6 1000000 1856067 0 1856059
771033 11560 5 100000000 770660 0 770653
7399472 11526 8 4000 7399456 1 7399454
482095 11560 5 100000000 482081 1 482078
269130 11560 5 100000000 268256 0 268250
2878517 11874 7 50000 2878504 1 2878503
228889 11560 5 100000000 228872 1 228870
285674 11560 5 100000000 284550 0 284541
7093570 11907 9 1000 7093554 1 7093552
393652 11125 5 50000000 392750 0 392740
545521 11560 5 100000000 545513 1 545511
3760480 11874 7 50000 3759637 0 3759619
807088 11664 6 1000000 807072 1 807071
308290 11078 6 500000 308276 0 308271
1818468 11078 6 500000 1817519 0 1817511
377186 11125 5 50000000 377169 1 377165
854857 11664 6 1000000 854847 1 854844
33255084 11638 11 100 33255070 1 33255066
374286 11560 5 100000000 374274 1 374272
775049 11560 5 100000000 775036 1 775034
1467236 11078 6 500000 1467222 1 1467219
828720 11664 6 1000000 824935 0 824926
349756 11125 5 50000000 349740 1 349737
1305031 11664 6 1000000 1304182 0 1304174
206208 11125 5 50000000 206192 1 206190
324008 11560 5 100000000 323992 0 323986
404119 11560 5 100000000 404104 1 404102
281918 11125 5 50000000 281899 0 281893
1267242 11664 6 1000000 1267229 1 1267227
518678 11560 5 100000000 518665 1 518663
9843105 11907 9 1000 9843089 1 9843088
307763 11125 5 50000000 307747 1 307744
10300085 11907 9 1000 10300073 1 10300070
134417 11560 5 100000000 134401 0 134392
323487 11560 5 100000000 322683 0 322674
7511658 11907 9 1000 7511645 1 7511643
451895 11560 5 100000000 451877 1 451875
384727 11852 6 1250000 384710 0 384702
1435954 11852 6 1250000 1435534 0 1435525
1076581 11664 6 1000000 1075828 0 1075819
1178263 11664 6 1000000 1178250 1 1178246
6734291 11907 9 1000 6734277 1 6734275
1022044 11664 6 1000000 1022028 1 1022026
434045 11560 5 100000000 432861 0 432855
358619 11664 6 1000000 358604 1 358602
195723 11560 5 100000000 195714 1 195712
477268 11560 5 100000000 377958 0 377954
1782669 11874 7 50000 1782652 1 1782649
1453347 11874 7 50000 1452937 0 1452929
11597072 11907 9 1000 11597057 1 11597055
908655 11664 6 1000000 908643 1 908641
5448954 11907 9 1000 5448936 0 5448929
858137 11125 5 50000000 857387 0 857379
336182 11560 5 100000000 336173 1 336172
889700 11664 6 1000000 889689 1 889686
10129196 11907 9 1000 10129183 1 10129182
411314 11664 6 1000000 410589 0 410579
707731 11664 6 1000000 707518 0 707511
832169 11664 6 1000000 832155 1 832152
1490143 11664 6 1000000 1490133 1 1490131
503395 11560 5 100000000 503350 0 503343
316594 11560 5 100000000 316570 0 316565
69348 11560 5 100000000 69335 0 69329
847129 11664 6 1000000 847110 1 847108
57481 11560 5 100000000 57468 1 57466
236913 11560 5 100000000 236901 1 236900
508124 11560 5 100000000 508109 1 508107
363586 11560 5 100000000 363569 1 363567
524754 11560 5 100000000 524741 1 524739
1266015 11874 7 50000 1265998 1 1265995
154886 11560 5 100000000 154868 1 154866
120555 11560 5 100000000 120545 1 120542
361598 11560 5 100000000 361584 1 361581
615630 11560 5 100000000 615618 1 615615
364057 11560 5 100000000 364043 1 364041
762372 11560 5 100000000 762362 1 762360
369911 11560 5 100000000 369894 1 369891
311320 11560 5 100000000 311297 0 311288
873625 11664 6 1000000 873611 1 873608
784660 11664 6 1000000 355839 0 355735
324073 11560 5 100000000 324101 1 324057
128148 11125 5 50000000 128174 1 128132
45143562 11638 11 100 45143544 1 45143543
1020041 11078 6 500000 1019258 0 1019255
44628093 11638 11 100 44628078 1 44628077
749458 11560 5 100000000 329305 0 329301
289146 11125 5 50000000 289130 1 289129
321711 11664 6 1000000 321696 1 321695
532512 11125 5 50000000 532500 1 532500
1284858 11078 6 500000 1284846 1 1284845
208984 11664 6 1000000 208966 1 208965
136008 11125 5 50000000 133186 0 133175
2985481 11874 7 50000 2985467 1 2985466
70430 11560 5 100000000 70417 1 70415
1519419 11078 6 500000 1518607 0 1518603
688387 11664 6 1000000 688377 1 688376
400719 11664 6 1000000 399937 0 399934
7483603 11907 9 1000 7483584 0 7483581
541768 11664 6 1000000 541317 0 541313
365081 11560 5 100000000 364336 0 364332
450915 11560 5 100000000 450900 1 450899
723191 11560 5 100000000 723175 1 723174
324781 11560 5 100000000 323972 0 323969
733404 11560 5 100000000 733386 1 733385
38445558 11638 11 100 38445521 0 38445518
36231119 11638 11 100 36231103 1 36231101
249276 11560 5 100000000 249264 1 249263
783498 11560 5 100000000 783486 1 783485
36687943 11638 11 100 36687913 0 36687910
439803 11560 5 100000000 438955 0 438950
216658 11125 5 50000000 216642 1 216641
838125 11664 6 1000000 838113 1 838112
198294 11560 5 100000000 197477 0 197473
1311202 11078 6 500000 1311188 1 1311187
1007045 11664 6 1000000 1006232 0 1006228
402455 11125 5 50000000 402242 0 402239
473251 11560 5 100000000 473233 1 473231
268212 11560 5 100000000 268195 1 268194
291682 11125 5 50000000 291665 1 291665
423287 11560 5 100000000 423271 1 423270
6040204 11907 9 1000 6040192 1 6040191
154368 11125 5 50000000 154352 1 154352
385837 11560 5 100000000 385064 0 385059
640551 11664 6 1000000 640535 1 640535
1850230 11664 6 1000000 1850215 1 1850214
1027540 11078 6 500000 1027532 1 1027531
3352144 11836 8 5000 3352130 1 3352129
72721 11125 5 50000000 72706 1 72705
320030 11560 5 100000000 319613 0 319609
341318 11560 5 100000000 340505 0 340500
763210 11125 5 50000000 763192 1 763192
215730 11560 5 100000000 215715 1 215713
1212437 11664 6 1000000 1212417 1 1212416
1118169 11664 6 1000000 1117364 0 1117359
220399 11560 5 100000000 220382 0 220377
344406 11560 5 100000000 343561 0 343556
282775 11560 5 100000000 281995 0 281991
143900 11560 5 100000000 143887 1 143886
805650 11874 7 50000 805635 1 805634
2475728 11874 7 50000 2475717 1 2475716
601535 11125 5 50000000 601106 0 601102
479708 11125 5 50000000 479694 1 479693
365847 11125 5 50000000 365831 1 365830
380939 11560 5 100000000 380920 1 380919
5820718 11907 9 1000 5820699 0 5820696
693567 11560 5 100000000 693551 1 693550
2340397 11113 7 25000 2339613 0 2339609
36050837 11638 11 100 36050825 1 36050824
1030188 11664 6 1000000 1030175 1 1030173
7025004 11907 9 1000 7024991 1 7024990
541982 11664 6 1000000 541963 1 541963
6345728 11907 9 1000 6345720 1 6345720
40289709 11638 11 100 40289687 0 40289683
1137981 11113 7 25000 1137164 0 1137160
599231 11664 6 1000000 599216 1 599215
276563 11125 5 50000000 276550 1 276549
5584634 11907 9 1000 5584622 1 5584622
599589 11664 6 1000000 599570 1 599569
496722 11078 6 500000 496710 1 496708
939274 11664 6 1000000 939258 1 939258
320597 11560 5 100000000 320583 1 320582
238964 11560 5 100000000 238951 1 238950
2343266 11836 8 5000 2343241 0 2343237
159655 11560 5 100000000 158404 0 158400
188094 11125 5 50000000 188082 1 188081
372932 11560 5 100000000 372915 1 372911
136632 11560 5 100000000 136621 1 136620
156304 11560 5 100000000 155523 0 155520
1337828 11874 7 50000 1337409 0 1337404
4611666 11907 9 1000 4611653 1 4611652
5175056 11907 9 1000 5175044 1 5175044
279676 11560 5 100000000 279663 1 279662
279852 11125 5 50000000 279837 1 279836
325765 11560 5 100000000 325756 1 325755
464786 11078 6 500000 464774 1 464773
134611 11560 5 100000000 134503 0 134500
128195 11560 5 100000000 128183 1 128183
611117 11664 6 1000000 611109 1 611108
1286884 11874 7 50000 1286869 1 1286868
269955 11125 5 50000000 269942 1 269942
1222602 11664 6 1000000 1222591 1 1222589
1159104 11874 7 50000 1159091 1 1159090
396678 11664 6 1000000 396664 1 396663
874101 11078 6 500000 874086 1 874085
230050 11560 5 100000000 229197 0 229192
400928 11560 5 100000000 400128 0 400124
