246823 11125 5 50000000 246808 1 246805
522350 11560 5 100000000 522340 1 522338
586880 11125 5 50000000 586868 1 586866
732596 11560 5 100000000 732584 1 732582
496959 11125 5 50000000 496943 1 496941
42390861 11638 11 100 42390846 1 42390842
1139774 11664 6 1000000 1138826 0 1138817
808521 11078 6 500000 808507 1 808505
633960 11560 5 100000000 633944 1 633943
199452 11560 5 100000000 199327 0 199319
661777 11560 5 100000000 661770 1 661769
484512 11560 5 100000000 484501 1 484498
529887 11125 5 50000000 529877 1 529874
514222 11125 5 50000000 514206 1 514203
112666 11560 5 100000000 112655 1 112651
124112 11560 5 100000000 124093 0 124083
7135672 11907 9 1000 7135352 0 7135341
267684 11078 6 500000 267671 1 267668
738044 11560 5 100000000 738035 1 738032
447533 11560 5 100000000 447520 1 447516
1093405 11664 6 1000000 1093386 1 1093382
642262 11560 5 100000000 641459 0 641450
368073 11560 5 100000000 368063 1 368060
6823233 11907 9 1000 6823218 0 6823212
300641 11125 5 50000000 300626 1 300625
419529 11125 5 50000000 419513 0 419508
512703 11664 6 1000000 512694 1 512693
98820451 11743 12 50 98820432 1 98820425
6791915 11907 9 1000 6791398 0 6791390
657469 11560 5 100000000 656241 0 656233
113707 11560 5 100000000 113693 1 113691
37175223 11638 11 100 37174990 0 37174983
18347025 11606 10 250 18347010 1 18347007
379301 11664 6 1000000 379285 1 379283
34565118 11638 11 100 34565104 1 34565102
198381 11560 5 100000000 198368 1 198365
620915 11664 6 1000000 620491 0 620485
1274946 11664 6 1000000 1274937 1 1274936
604915 11560 5 100000000 604902 1 604899
1096366 11078 6 500000 1095591 0 1095585
35841222 11638 11 100 35841203 1 35841202
958617 11664 6 1000000 957938 1 957937
512153 11560 5 100000000 510990 0 510986
373702 11560 5 100000000 373691 1 373690
2546985 11836 8 5000 2546967 1 2546966
533517 11560 5 100000000 533506 1 533506
631432 11560 5 100000000 630651 0 630648
648074 11560 5 100000000 647574 0 647569
362326 11125 5 50000000 362310 1 362309
7571492 11907 9 1000 7571427 0 7571424
599116 11560 5 100000000 598677 0 598673
9548447 11907 9 1000 9548431 1 9548430
8160416 11907 9 1000 8160393 0 8160390
388885 11560 5 100000000 388863 1 388863
75995429 11743 12 50 75995415 1 75995414
578697 11664 6 1000000 578683 1 578682
1364898 11874 7 50000 1364880 1 1364879
355323 11125 5 50000000 355307 1 355306
549908 11560 5 100000000 549895 1 549893
426363 11560 5 100000000 425902 0 425898
246084 11125 5 50000000 246066 1 246065
1165059 11664 6 1000000 1165042 1 1165041
11039892 11907 9 1000 11038725 0 11038721
322731 11125 5 50000000 322705 1 322704
9991728 11907 9 1000 9991711 1 9991710
4030915 11836 8 5000 4030900 1 4030900
390713 11560 5 100000000 390697 1 390695
278578 11560 5 100000000 278566 1 278565
277364 11560 5 100000000 277346 1 277345
348692 11560 5 100000000 347920 0 347917
42154130 11638 11 100 42154109 1 42154108
283233 11125 5 50000000 283223 1 283222
655785 11664 6 1000000 655771 1 655770
532259 11560 5 100000000 532242 1 532241
258443 11560 5 100000000 258427 1 258426
951427 11664 6 1000000 951416 1 951415
169935 11125 5 50000000 169060 0 169057
88607 11125 5 50000000 88598 1 88597
320494 11560 5 100000000 320474 1 320473
651922 11560 5 100000000 651906 1 651905
315885 11560 5 100000000 315870 1 315869
145950 11125 5 50000000 145934 1 145933
703626 11664 6 1000000 703614 1 703614
70343 11560 5 100000000 70324 1 70323
451081 11560 5 100000000 448679 0 448674
1442000 11664 6 1000000 1441983 1 1441983
3455686 11836 8 5000 3455681 1 3455680
587245 11664 6 1000000 587231 1 587230
254212 11125 5 50000000 254199 1 254197
481859 11664 6 1000000 481842 1 481840
57075337 11638 11 100 57075320 1 57075318
232419 11560 5 100000000 232407 1 232407
6759644 11907 9 1000 6759622 1 6759621
395348 11125 5 50000000 395337 1 395336
217883 11125 5 50000000 217871 1 217870
176061 11560 5 100000000 176051 1 176051
1147493 11078 6 500000 1147475 1 1147474
147598 11125 5 50000000 147587 1 147586
319813 11560 5 100000000 319801 1 319800
753127 11664 6 1000000 752956 1 752955
137524 11560 5 100000000 137510 1 137510
552661 11664 6 1000000 552641 0 552637
2969579 11836 8 5000 2969566 1 2969565
382643 11664 6 1000000 382574 0 382570
284786 11560 5 100000000 284769 1 284768
6478477 11907 9 1000 6478463 1 6478462
195112 11560 5 100000000 195100 1 195098
1085839 11664 6 1000000 1085823 1 1085822
2819995 11836 8 5000 2819983 1 2819982
737362 11664 6 1000000 737350 1 737349
313532 11560 5 100000000 313520 1 313520
35524414 11638 11 100 35524401 1 35524400
360775 11560 5 100000000 360761 1 360760
371968 11560 5 100000000 371175 0 371171
741374 11560 5 100000000 741364 1 741363
471290 11125 5 50000000 471275 1 471274
527308 11560 5 100000000 526529 0 526526
1440150 11874 7 50000 1440135 0 1440132
645141 11078 6 500000 645129 1 645129
245729 11125 5 50000000 245716 1 245715
105327 11125 5 50000000 105317 1 105316
1536939 11874 7 50000 1536922 0 1536919
278671 11125 5 50000000 278450 0 278447
154755 11125 5 50000000 154741 1 154740
342512 11560 5 100000000 342501 1 342499
155266 11560 5 100000000 154293 0 154290
394798 11560 5 100000000 393757 0 393754
3104298 11836 8 5000 3104287 1 3104286
350342 11560 5 100000000 350326 1 350325
4522559 11836 8 5000 4522541 1 4522541
5025604 11907 9 1000 5025582 0 5025580
307541 11125 5 50000000 306783 0 306780
480349 11560 5 100000000 480339 1 480338
10342450 11907 9 1000 10342436 1 10342435
657197 11664 6 1000000 657180 0 657176
4954165 11836 8 5000 4954099 0 4954096
13186518 11907 9 1000 13185645 0 13185641
264071 11560 5 100000000 263289 0 263286
202048 11560 5 100000000 202034 1 202032
312314 11560 5 100000000 312300 1 312298
447032 11125 5 50000000 446141 0 446135
1284033 11852 6 1250000 1284025 1 1284024
393022 11560 5 100000000 392139 0 392134
646390 11664 6 1000000 646379 1 646378
217402 11560 5 100000000 216560 0 216556
8222147 11907 9 1000 8222135 1 8222134
317915 11560 5 100000000 317086 0 317083
136225 11560 5 100000000 136214 1 136214
547914 11560 5 100000000 547903 1 547903
416151 11664 6 1000000 416138 1 416138
318682 11125 5 50000000 318670 1 318669
244247 11125 5 50000000 244234 1 244232
1199035 11113 7 25000 1199024 1 1199023
230659 11560 5 100000000 230644 1 230643
971404 11852 6 1250000 971385 0 971380
354987 11664 6 1000000 354976 1 354975
577992 11664 6 1000000 577163 0 577158
369197 11560 5 100000000 368398 0 368394
1020798 11664 6 1000000 1020092 0 1020088
162224 11560 5 100000000 161358 0 161356
368970 11664 6 1000000 368495 0 368493
137696 11560 5 100000000 136468 0 136464
5654552 11907 9 1000 5654539 1 5654538
6423040 11907 9 1000 6423026 1 6423025
9357895 11907 9 1000 8895067 0 8895060
5168462 11907 9 1000 5168447 1 5168446
790048 11078 6 500000 581617 0 581612
291772 11560 5 100000000 291022 0 291019
6216888 11907 9 1000 6216875 1 6216875
406237 11664 6 1000000 406227 1 406225
203264 11560 5 100000000 202854 0 202849
260084 11125 5 50000000 260062 1 260060
428787 11664 6 1000000 428774 1 428773
525862 11078 6 500000 525039 0 525034
275453 11125 5 50000000 275434 1 275433
107183 11560 5 100000000 105789 0 105785
280375 11560 5 100000000 280361 1 280359
22943428 11638 11 100 22735545 0 22735539
309172 11664 6 1000000 309152 1 309150
8438840 11907 9 1000 8438825 1 8438824
249043 11560 5 100000000 247452 0 247448
486308 11664 6 1000000 486292 1 486290
2224199 11836 8 5000 2224188 1 2224187
81284 11125 5 50000000 80452 0 80448
318643 11560 5 100000000 318632 1 318631
234385 11125 5 50000000 234375 1 234374
571767 11664 6 1000000 571752 1 571751
200803 11560 5 100000000 200788 1 200787
21886676 11638 11 100 21886665 0 21886662
7250728 11907 9 1000 7250712 1 7250710
20388596 11638 11 100 20386456 0 20386454
198163 11125 5 50000000 198151 1 198150
280626 11560 5 100000000 280617 1 280616
502324 11664 6 1000000 502310 1 502309
185676 11664 6 1000000 185658 0 185655
667176 11664 6 1000000 666123 0 666119
5407317 11907 9 1000 5405885 0 5405880
228483 11125 5 50000000 228474 1 228474
183488 11560 5 100000000 182605 0 182601
4885514 11907 9 1000 4885503 1 4885503
201131 11560 5 100000000 201112 1 201111
245299 11560 5 100000000 245285 1 245284
175943 11560 5 100000000 175932 1 175931
106863 11560 5 100000000 106850 1 106849
79234 11560 5 100000000 78408 0 78402
18872001 11638 11 100 18871979 0 18871976
260818 11125 5 50000000 260805 0 260801
7405931 11907 9 1000 7405713 0 7405709
1510852 11836 8 5000 1509791 0 1509787
227536 11560 5 100000000 227526 1 227524
16939042 11638 11 100 16939030 0 16939024
1160096 11113 7 25000 1160084 1 1160083
678508 11664 6 1000000 678492 1 678491
163907 11560 5 100000000 163888 0 163883
146804 11560 5 100000000 146789 1 146788
527707 11664 6 1000000 527695 1 527693
3154779 11907 9 1000 3154764 1 3154763
50292 11560 5 100000000 50279 1 50277
