1540239 12635 7 100000 1540224 1 1540220
1738330 12635 7 100000 1738321 1 1738319
5105875 12800 8 10000 5105473 0 5105462
2406049 12635 7 100000 2405256 0 2405250
1712782 12635 7 100000 1711930 0 1711919
3122625 12800 8 10000 3122608 1 3122606
4281882 12800 8 10000 4281536 0 4281530
1905081 12119 7 62500 1905065 1 1905063
798814 12635 7 100000 798804 1 798801
1488978 12635 7 100000 1488967 1 1488964
2817233 12635 7 100000 2817220 1 2817217
1906553 12635 7 100000 1906545 1 1906544
4244319 12800 8 10000 3770336 0 3770313
4679698 12800 8 10000 4679682 1 4679678
5299163 12800 8 10000 5298384 0 5298378
853404 12249 6 2000000 852411 0 852404
3227057 12635 7 100000 3226836 0 3226827
5624570 12800 8 10000 5624553 1 5624550
2288558 12635 7 100000 2288549 1 2288545
2760482 12800 8 10000 2760467 1 2760464
936562 12635 7 100000 936548 1 936545
1549669 12635 7 100000 1549660 1 1549657
1515667 12437 6 2500000 1514817 0 1514810
3368444 12800 8 10000 3368427 1 3368424
3848099 12800 8 10000 3848083 1 3848080
1308177 12635 7 100000 1308166 0 1308156
1927176 12635 7 100000 1927162 1 1927159
4038951 12800 8 10000 4038939 0 4038930
1940832 12635 7 100000 1940041 0 1940027
6834141 12800 8 10000 6834126 1 6834124
2404823 12635 7 100000 2404807 1 2404805
1657486 12635 7 100000 1657477 1 1657475
1337490 12635 7 100000 1337477 1 1337476
5029422 12800 8 10000 4462083 0 4462070
2447072 12635 7 100000 2446274 0 2446268
5852101 12800 8 10000 5852084 1 5852081
2927623 12635 7 100000 2927607 1 2927605
2786166 12635 7 100000 2785315 0 2785306
2301937 12635 7 100000 2301925 1 2301922
6081613 12800 8 10000 6081603 1 6081601
3623270 12800 8 10000 3623260 1 3623257
1901520 12635 7 100000 1901508 1 1901505
6512666 12800 8 10000 6511921 0 6511911
4014859 12800 8 10000 4014846 0 4014839
3883668 12800 8 10000 3883653 1 3883650
3789014 12800 8 10000 3788998 1 3788995
1799668 12635 7 100000 1799655 1 1799653
3098624 12635 7 100000 3098609 1 3098608
1551584 12249 6 2000000 1550780 0 1550773
2100452 12635 7 100000 2100043 0 2100036
881418 12635 7 100000 881405 1 881401
2355375 12800 8 10000 2355180 0 2355172
1545653 12635 7 100000 1545642 1 1545640
526844 12437 6 2500000 526834 1 526831
1644247 12635 7 100000 1644236 1 1644234
3443882 12800 8 10000 3443649 0 3443641
3409259 12800 8 10000 3409243 1 3409241
3297798 12800 8 10000 3296077 0 3296067
1299034 12437 6 2500000 1299021 1 1299020
2361805 12800 8 10000 2361783 0 2361777
851471 12437 6 2500000 851456 1 851452
2844708 12800 8 10000 2844232 0 2844224
324143 12437 6 2500000 324127 1 324125
1504838 12635 7 100000 1504819 1 1504817
3984533 12800 8 10000 3984110 0 3984100
2039349 12635 7 100000 1962614 0 1962606
1685877 12635 7 100000 1685733 0 1685723
4412162 12800 8 10000 4412147 1 4412145
4345141 12800 8 10000 4345127 1 4345124
700837 12635 7 100000 700823 1 700820
4505673 12800 8 10000 4505463 0 4505456
1575673 12635 7 100000 1575456 0 1575449
3119863 12800 8 10000 3119847 1 3119844
3030164 12800 8 10000 3029361 0 3029350
2469050 12635 7 100000 2468071 0 2468061
1853907 12635 7 100000 1853893 1 1853890
1668635 12635 7 100000 1668615 0 1668608
2096602 12635 7 100000 2095764 0 2095756
2597482 12635 7 100000 2597469 1 2597465
1043836 12437 6 2500000 1043821 1 1043819
1485336 12635 7 100000 1485326 1 1485325
3122031 12800 8 10000 3122022 1 3122021
1104222 12635 7 100000 1104206 1 1104203
1252513 12635 7 100000 1252500 1 1252499
2186294 12635 7 100000 2186281 1 2186279
1152825 12437 6 2500000 1152038 0 1152030
4305889 12800 8 10000 4305872 1 4305870
1161201 12635 7 100000 1161190 1 1161187
919569 12635 7 100000 919084 0 919078
1820031 12635 7 100000 1820022 1 1820020
3635592 12635 7 100000 3635584 1 3635582
5146217 12800 8 10000 5146203 1 5146200
2982726 12635 7 100000 2982715 1 2982712
1757700 12635 7 100000 1757686 1 1757683
1680451 12800 8 10000 1680419 0 1680411
3548060 12800 8 10000 3547306 0 3547260
969926 12635 7 100000 969912 1 969912
3367401 12800 8 10000 3367395 1 3367394
3633406 12800 8 10000 3633393 1 3633392
6077132 12800 8 10000 6076340 0 6076336
1133659 12437 6 2500000 1133645 1 1133644
2229344 12635 7 100000 2229330 1 2229329
1419718 12635 7 100000 1419704 1 1419703
2137415 12635 7 100000 2137386 0 2137383
1862072 12635 7 100000 1862060 1 1862059
5162505 12800 8 10000 5161765 0 5161762
1477980 12635 7 100000 1477966 1 1477965
460452 12437 6 2500000 460438 1 460436
2440523 12800 8 10000 2440502 1 2440501
1055273758 12544 16 10 1055273734 0 1055273729
1242289 12800 8 10000 1242275 1 1242274
460757 12635 7 100000 460741 1 460740
325938 12635 7 100000 325922 1 325921
931824 12800 8 10000 931814 0 931813
721124 12800 8 10000 721114 1 721113
1354511 12800 8 10000 1354500 1 1354499
357337 12635 7 100000 357318 0 357314
701599 12635 7 100000 701586 1 701585
377478 12635 7 100000 377468 1 377468
1179568 12800 8 10000 1179560 1 1179558
675428 12800 8 10000 675415 1 675414
356523 12635 7 100000 356507 1 356506
326027 12437 6 2500000 326018 1 326017
1226302 12800 8 10000 1226277 0 1226274
781868 12800 8 10000 781855 1 781854
428189 12879 7 125000 428175 1 428175
358019 12635 7 100000 358009 1 358008
456153 12635 7 100000 456141 1 456141
297644 12635 7 100000 297628 1 297627
515484 12635 7 100000 515475 1 515474
309290 12635 7 100000 309276 1 309275
759221 12800 8 10000 759212 1 759211
264538 12635 7 100000 264528 1 264527
802115 12800 8 10000 802101 1 802100
342155 12635 7 100000 342146 1 342145
899430 12800 8 10000 899420 1 899420
318911 12635 7 100000 318362 0 318359
350272 12635 7 100000 350257 0 350254
311949 12635 7 100000 311603 0 311600
389616 12635 7 100000 389605 1 389604
327201 12635 7 100000 326675 0 326672
741256 12800 8 10000 741193 0 741190
711495 12800 8 10000 711485 1 711484
397574 12635 7 100000 397561 1 397561
402152 12635 7 100000 402140 0 402138
789074 12800 8 10000 789064 1 789064
622867 12635 7 100000 622856 1 622854
357731 12635 7 100000 356986 0 356983
315693 12437 6 2500000 315679 1 315678
871536 12800 8 10000 871526 1 871525
324319 12635 7 100000 324306 0 324303
287880 12635 7 100000 287868 1 287866
364961 12635 7 100000 364952 1 364951
444614 12635 7 100000 444601 1 444600
325389 12635 7 100000 325378 1 325378
352440 12635 7 100000 352429 1 352428
766437 12635 7 100000 766422 1 766422
312814 12635 7 100000 312801 1 312800
829654 12800 8 10000 829645 1 829644
411573 12119 7 62500 411557 1 411556
334011 12635 7 100000 333464 0 333458
433657 12635 7 100000 432641 0 432635
800254 12800 8 10000 800245 1 800244
991930 12800 8 10000 991921 1 991920
941600 12800 8 10000 941590 1 941589
376956 12635 7 100000 376555 0 376551
344420 12635 7 100000 344399 0 344396
342706 12635 7 100000 342331 0 342328
1727720 12291 9 1250 1727708 1 1727707
877042 12800 8 10000 877029 1 877028
1032882 12800 8 10000 1032152 0 1032148
367314 12635 7 100000 367301 1 367301
348233 12635 7 100000 348225 1 348224
303731 12635 7 100000 303710 0 303705
210529 12437 6 2500000 209769 0 209765
814383 12800 8 10000 814371 1 814370
422623 12635 7 100000 422612 1 422611
354867 12635 7 100000 354765 0 354761
899261 12800 8 10000 899247 1 899245
382635 12635 7 100000 382626 1 382625
322274 12635 7 100000 322249 1 322248
805712 12800 8 10000 805700 1 805699
655576 12800 8 10000 655565 1 655565
292764 12635 7 100000 292751 1 292749
408939 12635 7 100000 408927 1 408926
449655 12635 7 100000 449644 1 449643
440267 12635 7 100000 440257 1 440256
753617 12800 8 10000 753605 0 753602
767867 12800 8 10000 767855 1 767854
163194 12249 6 2000000 163182 1 163181
990978 12800 8 10000 990965 1 990964
659148 12800 8 10000 659131 0 659129
954872 12800 8 10000 954809 0 954806
705026 12800 8 10000 705013 1 705011
395696 12635 7 100000 395686 1 395685
824440 12800 8 10000 748551 0 748546
300253 12635 7 100000 300216 0 300211
691913 12800 8 10000 691898 1 691897
657886 12635 7 100000 657876 1 657875
331258 12635 7 100000 331246 1 331246
332629 12635 7 100000 332619 1 332617
828814 12800 8 10000 828801 1 828800
1277724 12800 8 10000 1276972 0 1276968
307556 12635 7 100000 307450 0 307445
333596 12635 7 100000 333581 1 333580
829101 12800 8 10000 829090 1 829089
