1318351 12635 7 100000 1318339 1 1318337
1935176 12635 7 100000 1935169 1 1935168
3715928 12635 7 100000 3715918 1 3715917
2893923 12635 7 100000 2893922 0 2893905
4905881 12800 8 10000 4903210 0 4903197
3758362 12800 8 10000 3758348 1 3758346
1118839 12635 7 100000 1118831 1 1118829
1044542 12635 7 100000 1044528 1 1044526
3584607 12800 8 10000 3582216 0 3582189
3830095 12800 8 10000 3830082 1 3830081
4179275 12800 8 10000 4179258 0 4179252
3240389 12635 7 100000 3240379 1 3240377
4228627 12800 8 10000 4228619 1 4228618
3137952 12800 8 10000 3137720 0 3137710
2372742 12635 7 100000 2372732 1 2372730
5137855 12800 8 10000 5137845 1 5137843
2027511 12635 7 100000 2027501 1 2027499
3047135 12800 8 10000 3046914 0 3046906
3553586 12800 8 10000 3553565 0 3553558
1800024 12635 7 100000 1800011 1 1800009
2667089 12635 7 100000 2667077 1 2667075
5651826 12800 8 10000 5650977 0 5650969
1675597 12635 7 100000 1675584 1 1675581
3238845 12800 8 10000 3238820 0 3238812
1301116 12635 7 100000 1301097 1 1301095
4863733 12800 8 10000 4863515 1 4863511
1576271 12635 7 100000 1576253 0 1576246
3459689 12800 8 10000 3459671 1 3459668
670926 12437 6 2500000 670915 1 670912
1571164 12635 7 100000 1571151 1 1571149
1342894 12635 7 100000 1342882 0 1342872
1764221 12635 7 100000 1764204 0 1764197
2760088 12635 7 100000 2760075 1 2760073
4436627 12800 8 10000 4436613 1 4436612
1470872 12879 7 125000 1470860 1 1470857
2385417 12635 7 100000 2384203 0 2384195
2164391 12437 6 2500000 2163317 0 2163307
1177032 12635 7 100000 1177016 0 1177008
890370 12635 7 100000 890355 1 890353
1257338 12635 7 100000 1256512 0 1256502
5669041 12800 8 10000 5669029 1 5669027
3066826 12800 8 10000 3066405 0 3066395
1990804 12635 7 100000 1990788 1 1990786
1312882 12635 7 100000 1312865 0 1312855
852077 12437 6 2500000 852061 1 852058
4164180 12800 8 10000 4164166 1 4164165
3233444 12800 8 10000 3232649 0 3232640
2504322 12800 8 10000 2504305 1 2504303
2298719 12635 7 100000 2297791 0 2297780
4465859 12635 7 100000 4465024 0 4465016
5969879 12800 8 10000 5969864 1 5969862
3015138 12800 8 10000 3015069 0 3015061
5615555 12800 8 10000 5615541 1 5615537
2385958 12635 7 100000 2385942 1 2385940
3728443 12800 8 10000 3727859 0 3727851
2046312 12635 7 100000 2046293 1 2046291
1430730 12635 7 100000 1429613 0 1429607
3076916 12800 8 10000 3076902 1 3076900
4647126 12800 8 10000 4647111 1 4647109
2220369 12635 7 100000 2220288 0 2220277
1924208 12635 7 100000 1924193 1 1924190
3342906 12800 8 10000 3342887 1 3342882
4352989 12800 8 10000 4352975 1 4352973
2258478 12635 7 100000 2257544 0 2257536
1655596 12635 7 100000 1655585 1 1655583
5215936 12800 8 10000 5215147 0 5215139
1063214 12249 6 2000000 1063199 1 1063196
3445522 12800 8 10000 3445506 0 3445497
4916780 12800 8 10000 4916768 1 4916765
2877773 12800 8 10000 2877760 0 2877751
2333049 12635 7 100000 2333034 1 2333031
1731616 12635 7 100000 1731603 1 1731601
3616884 12800 8 10000 3616872 1 3616869
7574952 12800 8 10000 7574941 1 7574937
1828543 12635 7 100000 1828538 1 1828537
5149567 12800 8 10000 5149555 1 5149552
707473 12635 7 100000 707183 0 707176
1567242 12635 7 100000 1566851 0 1566843
2278414 12635 7 100000 2278395 1 2278393
1989254 12635 7 100000 1989241 1 1989239
1797232 12879 7 125000 1797214 1 1797210
4565975 12800 8 10000 4565962 1 4565959
2092860 12635 7 100000 2092851 1 2092851
5616040 12800 8 10000 5616029 1 5616025
4605438 12800 8 10000 4605423 1 4605421
767331 12249 6 2000000 767319 1 767316
1683236 12635 7 100000 1683229 1 1683229
1541124 12635 7 100000 1541111 1 1541109
3318812 12800 8 10000 3318786 0 3318775
6582266 12800 8 10000 6582173 1 6582172
1948914 12635 7 100000 1948907 1 1948905
1508372 12635 7 100000 1508360 1 1508360
2015416 12635 7 100000 2014600 0 2014595
460045 12437 6 2500000 460036 1 460035
2035727 12635 7 100000 2035711 1 2035709
1249113 12635 7 100000 1249099 1 1249098
2062638 12635 7 100000 2062621 1 2062620
4984216 12800 8 10000 4984204 1 4984203
2673152 12800 8 10000 2673138 1 2673137
2063033 12635 7 100000 2063021 1 2063020
3449542 12800 8 10000 3449530 1 3449529
1447708 12635 7 100000 1447695 1 1447694
3941658 12800 8 10000 3941640 1 3941639
3560789 12800 8 10000 3560774 1 3560773
3989616 12800 8 10000 3989598 1 3989596
3634902 12800 8 10000 3427721 0 3427717
655890 12249 6 2000000 655875 1 655874
3055889 12800 8 10000 3055874 1 3055874
3875935 12800 8 10000 3875121 0 3875117
1889859 12635 7 100000 1889838 1 1889837
1963979 12879 7 125000 1963959 0 1963956
1620508 12635 7 100000 1620493 1 1620492
2353218 12635 7 100000 2352240 0 2352237
1044520 12437 6 2500000 1043713 0 1043710
2377724 12635 7 100000 2377704 1 2377703
4600483 12800 8 10000 4600469 1 4600468
2460597 12635 7 100000 2317283 0 2317280
3219797 12800 8 10000 3217498 0 3217491
4483383 12800 8 10000 4483365 1 4483364
2538517 12635 7 100000 2537456 0 2537452
3640732 12635 7 100000 3639951 0 3639947
1544788 12635 7 100000 1544769 1 1544768
1659400 12635 7 100000 1659389 1 1659388
3407964 12800 8 10000 3407950 1 3407949
3580742 12800 8 10000 3580728 1 3580727
2120579 12635 7 100000 2119797 0 2119792
1295123 12800 8 10000 1295110 1 1295109
786104 12635 7 100000 786094 1 786094
1467273 12800 8 10000 1467259 1 1467258
1379334 12800 8 10000 1379319 1 1379319
500522 12635 7 100000 500510 1 500508
1065781 12800 8 10000 1065771 1 1065771
1038398 12800 8 10000 1038387 1 1038387
897254 12800 8 10000 897174 0 897171
1180307 12800 8 10000 1180284 1 1180282
1596595 12800 8 10000 1596578 1 1596578
233604 12834 6 4000000 233589 1 233588
1065898 12635 7 100000 1065886 1 1065885
1114561 12800 8 10000 1114546 0 1114543
1135511 12800 8 10000 1135500 1 1135499
1202558 12800 8 10000 1202544 1 1202543
251119 12249 6 2000000 251107 1 251106
554719 12635 7 100000 554706 1 554704
257332 12249 6 2000000 256549 0 256545
1098743 12800 8 10000 1098727 1 1098726
1122993 12800 8 10000 1122981 1 1122980
582296 12635 7 100000 582284 1 582283
473192 12635 7 100000 473181 1 473180
480684 12635 7 100000 480483 0 480480
416959 12635 7 100000 416939 0 416934
1123031 12800 8 10000 1122815 0 1122811
1341174 12800 8 10000 1341163 1 1341161
1245939 12800 8 10000 1245927 1 1245927
1650542 12800 8 10000 1650529 1 1650528
1323118 12800 8 10000 1323010 0 1323007
579254 12635 7 100000 579233 0 579230
479017 12635 7 100000 477941 0 477936
553098 12879 7 125000 553083 0 553080
535907 12635 7 100000 535896 1 535895
1523842 12800 8 10000 1523827 1 1523826
1184432 12635 7 100000 1183634 0 1183630
419027 12635 7 100000 419014 1 419013
615681 12635 7 100000 615669 1 615669
561274 12635 7 100000 561253 0 561250
1499377 12800 8 10000 1499369 1 1499367
576093 12635 7 100000 575721 0 575716
836275 12635 7 100000 836264 1 836263
1200436 12800 8 10000 1200084 0 1200082
1069440 12800 8 10000 1069426 1 1069425
11997626 12201 11 125 11997612 1 11997611
1409481 12800 8 10000 1409469 1 1409468
765824 12635 7 100000 765810 1 765809
576287 12635 7 100000 576277 1 576276
561023 12635 7 100000 561009 1 561008
445862 12635 7 100000 445850 1 445849
1167240 12800 8 10000 1167230 1 1167229
1269668 12800 8 10000 1268978 0 1268972
482850 12635 7 100000 480783 0 480780
1446358 12800 8 10000 1446347 1 1446346
1301024 12800 8 10000 1301008 0 1301004
942366 12800 8 10000 942350 1 942349
1194650 12800 8 10000 1194633 0 1194631
1754214 12800 8 10000 1754202 1 1754201
462831 12635 7 100000 462819 1 462818
872272 12800 8 10000 871904 0 871901
414073 12635 7 100000 414060 1 414059
500862 12635 7 100000 500850 1 500849
1089221 12800 8 10000 1089213 1 1089213
1593311 12800 8 10000 1593299 1 1593299
930798 12800 8 10000 930784 1 930784
403617 12635 7 100000 403606 1 403605
519927 12635 7 100000 519912 1 519911
178394 12437 6 2500000 178380 1 178379
624983 12635 7 100000 623830 0 623826
1243061 12800 8 10000 1243040 1 1243039
1082165 12800 8 10000 1082151 1 1082150
1679273 12800 8 10000 1677814 0 1677809
1102736 12800 8 10000 1102729 1 1102728
826793 12635 7 100000 826780 1 826779
1217703 12800 8 10000 1217667 0 1217661
591627 12635 7 100000 591613 1 591612
573451 12635 7 100000 572774 0 572772
400278 12635 7 100000 400262 1 400261
986885 12635 7 100000 986871 1 986870
424118 12635 7 100000 422721 0 422717
809785 12635 7 100000 809765 1 809764
440355 12635 7 100000 440344 1 440344
1153949 12800 8 10000 1153935 1 1153934
447992 12635 7 100000 447980 1 447979
427534 12635 7 100000 427524 1 427524
1184343 12800 8 10000 1184329 1 1184328
367656 12635 7 100000 367646 1 367645
457831 12635 7 100000 457019 0 457015
1641412 12800 8 10000 1641399 1 1641398
760455 12800 8 10000 760422 0 760417
