1775486 13608 6 10000000 1775472 1 1775470
41419207 13953 11 250 41419194 1 41419193
1782684 13640 7 250000 1782668 1 1782665
689617 13608 6 10000000 689602 1 689601
469915 13796 6 12500000 469899 1 469897
571535 13608 6 10000000 571525 1 571524
4627829 13763 8 20000 4627815 1 4627812
76683594 13824 12 100 76683579 1 76683575
840680 13608 6 10000000 801018 0 801010
1052308 13608 6 10000000 1052295 1 1052292
1696567 13608 6 10000000 1696551 1 1696549
638784 13608 6 10000000 638774 1 638771
1243395 13608 6 10000000 1243387 1 1243384
786838 13608 6 10000000 786822 1 786819
1326010 13608 6 10000000 1325996 1 1325994
680758 13608 6 10000000 680748 1 680745
1293391 13608 6 10000000 1293374 1 1293372
1107850 13608 6 10000000 1106893 0 1106883
1151929 13796 6 12500000 1149738 0 1149733
793013 13608 6 10000000 793002 1 792999
3086076 13420 8 15625 3086062 1 3086060
1362850 13608 6 10000000 1362049 0 1362042
1308527 13608 6 10000000 1307598 0 1307590
1553349 13608 6 10000000 1553338 1 1553336
1382735 13608 6 10000000 1382723 1 1382720
1141935 13608 6 10000000 1141921 1 1141918
703314 13608 6 10000000 703299 0 703291
459649 13608 6 10000000 459454 0 459446
1325077 13608 6 10000000 1324278 0 1324268
744412 13022 6 5000000 744400 1 744397
719105 13608 6 10000000 719087 1 719084
1468160 13608 6 10000000 1467312 0 1467304
1393896 13608 6 10000000 1393885 1 1393882
1372450 13608 6 10000000 1372438 1 1372435
515758 13608 6 10000000 514962 0 514953
17067858 13063 10 500 17067531 0 17067525
1182006 13395 7 200000 1181988 1 1181985
666929 13608 6 10000000 666915 1 666912
694915 13608 6 10000000 694905 1 694903
711600 13608 6 10000000 711586 1 711585
576715 13608 6 10000000 576700 0 576691
1131512 13608 6 10000000 1131499 1 1131497
704423 13608 6 10000000 704230 0 704224
566686 13608 6 10000000 566457 0 566448
1181245 13608 6 10000000 1180419 0 1180411
3012171 13640 7 250000 3012155 1 3012152
607977 13608 6 10000000 607950 0 607943
1571268 13022 6 5000000 1571244 1 1571242
113450982 13824 12 100 113450966 1 113450965
758094 13608 6 10000000 758079 1 758079
901914 13608 6 10000000 901899 1 901898
1360165 13608 6 10000000 1360155 1 1360154
856291 13608 6 10000000 856277 1 856277
571804 13608 6 10000000 571512 0 571507
1083830 13608 6 10000000 1083817 1 1083816
285921 13022 6 5000000 285897 1 285896
449500 13022 6 5000000 449487 1 449486
1617656 13608 6 10000000 1617636 1 1617635
1192570 13608 6 10000000 1192557 1 1192556
225953 13608 6 10000000 225940 1 225939
476698 13608 6 10000000 476388 0 476383
1156361 13640 7 250000 1156340 1 1156339
35792209 13953 11 250 35792180 0 35792177
1179148 13608 6 10000000 1178331 0 1178328
803608 13022 6 5000000 803594 1 803593
13602384 13063 10 500 13602356 0 13602352
872032 13608 6 10000000 871168 0 871165
392723 13608 6 10000000 391848 0 391846
93735068 13824 12 100 93735058 1 93735057
1598890 13885 7 312500 1598880 1 1598880
542220 13608 6 10000000 542200 1 542199
1088841 13608 6 10000000 1088815 0 1088812
3570818 13763 8 20000 3570777 1 3570769
1942255 13640 7 250000 1942244 1 1942244
1112099 13608 6 10000000 1111321 0 1111318
867372 13608 6 10000000 866566 0 866560
688421 13022 6 5000000 687405 0 687402
994255 13608 6 10000000 569428 0 569422
1422032 13608 6 10000000 1421186 0 1421181
1853136 13022 6 5000000 1853114 1 1853113
556857 13022 6 5000000 556846 1 556845
2324502 13640 7 250000 2324487 1 2324486
373685 13608 6 10000000 373191 0 373188
8459343 13486 9 2500 8459329 1 8459327
1549569 13640 7 250000 1549554 1 1549554
521444 13022 6 5000000 521424 0 521420
1391689 13640 7 250000 1391677 1 1391676
544882 13608 6 10000000 544086 0 544083
349964 13022 6 5000000 349951 1 349950
1412728 13022 6 5000000 1412717 1 1412716
15120149 13063 10 500 15120127 0 15120124
935706 13608 6 10000000 934811 0 934806
786681 13608 6 10000000 786668 1 786668
1157458 13608 6 10000000 1156623 0 1156620
687551 13022 6 5000000 687528 0 687525
997203 13608 6 10000000 997192 1 997190
507763 13608 6 10000000 507751 1 507750
659776 13796 6 12500000 659766 1 659764
419009 13608 6 10000000 418990 0 418987
379908 13608 6 10000000 379897 1 379896
562092 13608 6 10000000 562078 1 562076
978552 13608 6 10000000 977711 0 977708
2089926 13763 8 20000 2089910 1 2089909
912390 13608 6 10000000 912376 1 912376
148044 13608 6 10000000 147406 0 147402
9501805 13063 10 500 9501793 1 9501792
468296 13608 6 10000000 468278 1 468276
560224 13608 6 10000000 560209 1 560208
512679 13608 6 10000000 512665 1 512664
869713 13608 6 10000000 869699 1 869698
629395 13608 6 10000000 629375 1 629374
579589 13608 6 10000000 579201 0 579197
380542 13608 6 10000000 380531 1 380530
751303 13608 6 10000000 750554 0 750549
292808 13608 6 10000000 292796 1 292795
400231 13608 6 10000000 399374 0 399371
562083 13608 6 10000000 562068 1 562067
567214 13608 6 10000000 566401 0 566396
450870 13608 6 10000000 450856 1 450855
808188 13395 7 200000 807472 0 807468
452057 13022 6 5000000 452043 1 452042
205610 13608 6 10000000 205598 1 205597
1131194 13395 7 200000 1131178 1 1131176
538279 13022 6 5000000 538267 1 538267
975071 13608 6 10000000 975060 1 975059
61546846 13824 12 100 61546818 1 61546816
503771 13608 6 10000000 503761 1 503760
20043192 13953 11 250 20043178 1 20043178
450760 13608 6 10000000 450747 1 450746
296240 13608 6 10000000 295385 0 295381
243726 13608 6 10000000 243713 1 243712
421524 13608 6 10000000 421512 1 421511
944424 13608 6 10000000 944411 1 944411
342493 13608 6 10000000 342480 1 342479
268265 13608 6 10000000 267838 0 267834
515053 13608 6 10000000 515043 1 515042
344666 13022 6 5000000 344649 0 344646
617298 13022 6 5000000 617290 1 617290
247967 13608 6 10000000 247952 1 247951
474626 13608 6 10000000 474611 1 474610
725003 13796 6 12500000 724989 1 724988
435566 13608 6 10000000 283683 0 283678
47540854 13824 12 100 47540731 0 47540727
667448 13608 6 10000000 667432 1 667430
54712879 13824 12 100 54712100 0 54712096
640855 13608 6 10000000 640847 1 640847
399024 13022 6 5000000 399016 1 399016
309065 13608 6 10000000 309056 1 309055
399085 13608 6 10000000 399074 1 399074
661305 13022 6 5000000 661297 1 661296
567213 13022 6 5000000 567198 1 567197
1062038 13640 7 250000 1062024 1 1062023
563558 13608 6 10000000 563545 1 563544
361739 13608 6 10000000 361036 0 361032
819045 13395 7 200000 818195 0 818191
266194 13608 6 10000000 266185 1 266183
296592 13608 6 10000000 296580 1 296579
262794 13608 6 10000000 262784 1 262783
222358 13608 6 10000000 222348 1 222347
286826 13608 6 10000000 286813 1 286812
395299 13022 6 5000000 394535 0 394532
3322132 13486 9 2500 3322114 0 3322110
260356 13608 6 10000000 260339 0 260334
3289813 13486 9 2500 3289783 0 3289780
371474 13608 6 10000000 371464 1 371463
286642 13608 6 10000000 286539 1 286538
175561 13608 6 10000000 175551 1 175550
341469 13608 6 10000000 340669 0 340664
46482563 13824 12 100 46482554 1 46482554
315612 13608 6 10000000 315599 1 315598
263394 13608 6 10000000 263380 1 263379
338299 13608 6 10000000 338289 1 338289
74482233 13804 13 50 74482219 1 74482219
254823 13608 6 10000000 254814 1 254813
33548730 13824 12 100 33548720 1 33548718
215732 13608 6 10000000 215719 1 215718
71449959 13804 13 50 71449946 1 71449945
183377 13022 6 5000000 183368 1 183368
9485755 13389 11 200 9485681 0 9485677
307304 13608 6 10000000 307289 1 307288
255044 13608 6 10000000 255032 1 255031
181922 13796 6 12500000 181730 0 181727
440276 13395 7 200000 440244 0 440238
228783 13608 6 10000000 228770 1 228769
444753 13022 6 5000000 444743 1 444742
782652 13640 7 250000 782631 1 782630
238442 13022 6 5000000 238431 1 238430
319159 13608 6 10000000 319044 0 319039
272836 13608 6 10000000 272826 1 272826
229005 13608 6 10000000 228984 1 228983
265805 13608 6 10000000 265793 1 265792
133882 13608 6 10000000 133670 0 133667
460925 13395 7 200000 460913 1 460912
223358 13608 6 10000000 223343 1 223342
259250 13608 6 10000000 259237 1 259236
487489 13608 6 10000000 486804 0 486799
1794353 13486 9 2500 1794341 1 1794340
168728 13608 6 10000000 168716 1 168715
404366 13211 6 6250000 403595 0 403591
256566 13608 6 10000000 256550 1 256549
287946 13608 6 10000000 287936 1 287935
235821 13608 6 10000000 235807 1 235806
2706369 13486 9 2500 2706351 1 2706351
256853 13608 6 10000000 256842 1 256839
182964 13022 6 5000000 182953 1 182952
295214 13608 6 10000000 295205 1 295205
211995 13022 6 5000000 211193 0 211189
220149 13608 6 10000000 220135 1 220134
201566 13022 6 5000000 201549 1 201548
1120333 13640 7 250000 1119393 0 1119388
337330 13608 6 10000000 335716 0 335711
246444 13608 6 10000000 245427 0 245422
180358 13608 6 10000000 180330 0 180326
307886 13608 6 10000000 307875 1 307873
