1336618 13608 6 10000000 1336604 1 1336603
1591273 13608 6 10000000 1590470 0 1590449
1467415 13608 6 10000000 1466618 0 1466610
545761 13608 6 10000000 545021 0 545013
612086 13608 6 10000000 612068 1 612067
631033 13608 6 10000000 631017 1 631015
684364 13022 6 5000000 683922 0 683916
860123 13608 6 10000000 859323 0 859313
1349044 13608 6 10000000 1348309 0 1348303
1965509 13608 6 10000000 1965501 1 1965499
1578785 13608 6 10000000 1577798 0 1577789
1847649 13608 6 10000000 1843866 0 1843857
882091 13608 6 10000000 881234 0 881225
993270 13608 6 10000000 993254 1 993252
6490135 13486 9 2500 6490112 0 6490105
739740 13608 6 10000000 739728 1 739726
308357 13608 6 10000000 307394 0 307384
1392528 13608 6 10000000 1073058 0 1073045
1262902 13608 6 10000000 1262885 0 1262879
1692435 13608 6 10000000 1692425 1 1692424
728738 13608 6 10000000 728721 0 728715
973023 13608 6 10000000 972605 0 972597
1596058 13640 7 250000 1596041 1 1596038
507023 13608 6 10000000 507009 1 507006
1151129 13608 6 10000000 1150272 0 1150265
573299 13022 6 5000000 573282 1 573280
673760 13608 6 10000000 673747 1 673744
124993157 13824 12 100 124992734 0 124992726
812783 13608 6 10000000 811935 0 811926
1327859 13608 6 10000000 1327844 1 1327842
881936 13022 6 5000000 881175 0 881163
96661323 13824 12 100 96661311 1 96661310
23050326 13063 10 500 23050310 1 23050309
368566 13608 6 10000000 368540 1 368539
5248274 13110 8 12500 5248259 1 5248258
334231 13608 6 10000000 334214 1 334213
12181411 13486 9 2500 12181396 1 12181395
828229 13608 6 10000000 828122 0 828119
292105 13608 6 10000000 291711 0 291707
1294692 13608 6 10000000 1293829 0 1293825
480602 13608 6 10000000 480590 1 480590
72698083 13824 12 100 72698064 1 72698060
618631 13608 6 10000000 618622 1 618621
1231925 13022 6 5000000 1231080 0 1231077
408963 13608 6 10000000 408952 1 408951
763442 13022 6 5000000 762652 0 762649
492561 13022 6 5000000 492548 1 492547
602648 13608 6 10000000 602635 1 602634
512866 13608 6 10000000 512852 1 512851
1054770 13608 6 10000000 1054759 1 1054758
592183 13608 6 10000000 591128 0 591123
598333 13608 6 10000000 598323 1 598322
561782 13022 6 5000000 561750 0 561746
30359165 13389 11 200 30359139 0 30359135
574265 13608 6 10000000 574253 1 574252
735563 13608 6 10000000 734771 0 734766
600943 13608 6 10000000 600932 1 600931
448579 13608 6 10000000 448563 0 448560
1074263 13608 6 10000000 1074252 1 1074251
672383 13608 6 10000000 672370 1 672369
365386 13608 6 10000000 365372 1 365371
839513 13608 6 10000000 839498 1 839497
618338 13608 6 10000000 618327 1 618326
65012207 13824 12 100 65012193 1 65012193
1752383 13640 7 250000 1752370 1 1752369
623120 13608 6 10000000 622340 0 622333
643425 13608 6 10000000 643411 1 643410
11237693 13063 10 500 11237674 0 11237671
67493103 13824 12 100 67493091 1 67493091
44491353 13824 12 100 44491343 0 44491332
429858 13022 6 5000000 429847 1 429846
9648075 13063 10 500 9648062 1 9648061
875961 13395 7 200000 875946 1 875946
803387 13608 6 10000000 803372 1 803371
8855035 13063 10 500 8855020 1 8855019
273594 13608 6 10000000 273582 1 273581
414431 13608 6 10000000 414009 0 414005
177005 13608 6 10000000 176438 0 176434
479931 13022 6 5000000 479923 1 479922
296952 13608 6 10000000 296147 0 296142
724713 13022 6 5000000 724702 1 724701
238817 13022 6 5000000 238800 1 238799
7885204 13063 10 500 7885192 1 7885191
683655 13608 6 10000000 682816 0 682813
303038 13608 6 10000000 303027 1 303027
330752 13608 6 10000000 330739 1 330738
33390433 13824 12 100 33390391 0 33390388
553848 13608 6 10000000 552991 0 552987
309020 13608 6 10000000 308908 0 308904
820597 13608 6 10000000 820583 1 820582
340716 13608 6 10000000 340704 1 340703
458335 13608 6 10000000 457492 0 457490
2763816 13763 8 20000 2763801 1 2763800
2729991 13763 8 20000 2729981 1 2729980
423726 13608 6 10000000 423707 0 423704
13519322 13063 10 500 13519307 1 13519307
46154859 13824 12 100 46154844 1 46154844
569468 13608 6 10000000 569458 1 569457
176580 13608 6 10000000 176570 1 176569
255467 13022 6 5000000 252963 0 252958
324235 13608 6 10000000 324223 1 324223
178802 13608 6 10000000 178011 0 178006
571323 13608 6 10000000 571311 1 571310
265957 13608 6 10000000 265946 1 265945
537976 13796 6 12500000 537153 0 537150
216281 13608 6 10000000 216268 1 216267
33153879 13824 12 100 33152740 0 33152736
3536905 13486 9 2500 3536890 0 3536887
585971 13608 6 10000000 585962 1 585961
433848 13640 7 250000 433837 1 433836
534386 13022 6 5000000 533988 0 533983
36499679 13824 12 100 36499663 1 36499663
3279339 13486 9 2500 3279325 1 3279324
156526 13608 6 10000000 156513 1 156512
321661 13608 6 10000000 320624 0 320620
441987 13608 6 10000000 441974 1 441973
615012 13608 6 10000000 615003 1 615002
285956 13608 6 10000000 285944 1 285944
1166495 13110 8 12500 1165410 0 1165406
347577 13608 6 10000000 347567 1 347567
202894 13608 6 10000000 202883 1 202882
452736 13608 6 10000000 452723 1 452722
500275 13022 6 5000000 500263 1 500262
250104 13608 6 10000000 250095 1 250094
703143 13608 6 10000000 703131 1 703130
1156813 13640 7 250000 1156015 0 1156011
216498 13608 6 10000000 216485 1 216484
399258 13608 6 10000000 398355 0 398350
602426 13640 7 250000 602417 1 602416
452681 13022 6 5000000 452664 1 452663
478502 13796 6 12500000 478489 1 478487
208837 13608 6 10000000 207778 0 207774
352260 13022 6 5000000 352249 1 352248
281416 13022 6 5000000 281404 1 281404
260002 13608 6 10000000 259971 0 259967
204554 13608 6 10000000 204545 1 204545
179582 13608 6 10000000 177635 0 177631
349951 13608 6 10000000 349938 1 349937
400998 13608 6 10000000 400983 1 400982
346314 13796 6 12500000 346301 1 346300
182320 13608 6 10000000 182308 1 182307
256533 13608 6 10000000 256518 1 256517
222458 13608 6 10000000 222393 0 222390
221962 13608 6 10000000 221951 1 221950
437096 13022 6 5000000 437085 1 437084
547868 13608 6 10000000 547858 1 547857
287570 13022 6 5000000 287122 0 287117
323787 13608 6 10000000 323343 0 323340
303336 13608 6 10000000 303318 1 303318
266248 13608 6 10000000 266234 1 266232
29000568 13824 12 100 29000553 1 29000552
407568 13608 6 10000000 406629 0 406624
279059 13608 6 10000000 279043 0 279040
289723 13608 6 10000000 289711 1 289710
254001 13022 6 5000000 253977 0 253974
216161 13608 6 10000000 215378 0 215372
274088 13022 6 5000000 274076 1 274076
2642919 13101 9 2000 2642905 1 2642904
6738583 13063 10 500 6738570 1 6738568
341309 13608 6 10000000 341301 1 341300
194718 13608 6 10000000 194704 1 194703
21270002 13824 12 100 21269986 1 21269985
197833 13608 6 10000000 197823 1 197822
301398 13608 6 10000000 301379 1 301378
185915 13608 6 10000000 185884 1 185879
1102509 13110 8 12500 1102497 1 1102496
23655792 13824 12 100 23655778 1 23655778
138286 13022 6 5000000 138275 1 138274
195269 13608 6 10000000 195259 1 195257
4437913 13063 10 500 4437900 0 4437896
173700 13608 6 10000000 173688 1 173687
155915 13608 6 10000000 155896 1 155895
200144 13608 6 10000000 195915 0 195911
334983 13608 6 10000000 334970 1 334969
183707 13608 6 10000000 182862 0 182858
170598 13608 6 10000000 170497 0 170493
312166 13608 6 10000000 312151 1 312150
150070 13608 6 10000000 150053 0 150050
156905 13608 6 10000000 156892 1 156891
289370 13608 6 10000000 288557 0 288554
166178 13022 6 5000000 166164 1 166164
218395 13022 6 5000000 218384 1 218383
189816 13608 6 10000000 188839 0 188835
295501 13608 6 10000000 294745 0 294743
179008 13608 6 10000000 178985 0 178982
358790 13796 6 12500000 357992 0 357988
184951 13608 6 10000000 184212 0 184208
158568 13608 6 10000000 158559 1 158559
262849 13608 6 10000000 262836 1 262835
218217 13608 6 10000000 217541 0 217538
292860 13608 6 10000000 292848 1 292847
202498 13022 6 5000000 202488 1 202488
189926 13608 6 10000000 189911 1 189910
283148 13608 6 10000000 282334 0 282331
293581 13608 6 10000000 293567 1 293566
281206 13608 6 10000000 280352 0 280347
159147 13608 6 10000000 159133 1 159132
216800 13608 6 10000000 215685 0 215681
265072 13608 6 10000000 265060 1 265059
261105 13608 6 10000000 261091 1 261091
174153 13608 6 10000000 174143 1 174143
239217 13211 6 6250000 239203 1 239201
286347 13022 6 5000000 286130 0 286127
138483 13022 6 5000000 138469 1 138468
164447 13608 6 10000000 164436 1 164435
193336 13608 6 10000000 192961 0 192956
297663 13608 6 10000000 296825 0 296820
183343 13608 6 10000000 183123 0 183120
