1660317 13022 6 5000000 1659490 0 1659479
1666837 13608 6 10000000 1666007 0 1665999
15868788 13486 9 2500 15868776 1 15868775
1275400 13608 6 10000000 1275385 1 1275383
1148528 13608 6 10000000 1148512 1 1148510
1457427 13608 6 10000000 1455178 0 1455169
889779 13022 6 5000000 889766 1 889762
1479048 13796 6 12500000 1479035 1 1479033
464962 13608 6 10000000 464732 0 464716
1831342 13608 6 10000000 1830547 0 1830540
933257 13608 6 10000000 933251 1 933249
3705889 13885 7 312500 3705876 1 3705873
1165697 13608 6 10000000 1165686 1 1165683
1500022 13608 6 10000000 1500010 1 1500007
878631 13796 6 12500000 878616 1 878612
1248305 13395 7 200000 1247496 0 1247493
115184096 13824 12 100 115183929 0 115183921
650194 13608 6 10000000 649404 0 649396
1563577 13395 7 200000 1563563 1 1563561
914182 13608 6 10000000 913377 0 913368
1109240 13608 6 10000000 1109216 1 1109214
485802 13608 6 10000000 485784 1 485782
25655011 13063 10 500 25654216 0 25654213
774784 13608 6 10000000 774767 1 774767
725617 13608 6 10000000 724480 0 724474
685951 13022 6 5000000 685937 1 685936
693833 13608 6 10000000 693807 0 693803
1091392 13608 6 10000000 1091380 1 1091378
710140 13608 6 10000000 710129 1 710128
3351435 13640 7 250000 3351421 1 3351420
96368878 13824 12 100 96368864 1 96368863
563522 13608 6 10000000 562741 0 562738
16415896 13063 10 500 16415103 0 16415100
819759 13608 6 10000000 819739 0 819736
1296707 13022 6 5000000 1295861 0 1295858
206698 13022 6 5000000 206683 1 206682
406597 13608 6 10000000 406585 1 406584
471502 13608 6 10000000 471486 1 471485
1199640 13608 6 10000000 1198820 0 1198815
104181865 13824 12 100 104181843 0 104181838
1824160 13640 7 250000 1824140 0 1824138
551684 13022 6 5000000 551670 1 551669
1170471 13796 6 12500000 1170457 1 1170456
859958 13608 6 10000000 859945 1 859944
947686 13608 6 10000000 947671 1 947671
20612123 13063 10 500 20611905 0 20611901
784160 13608 6 10000000 784142 1 784141
49070783 13389 11 200 49069951 0 49069948
1243227 13022 6 5000000 1242490 0 1242487
735959 13395 7 200000 735942 1 735941
506563 13608 6 10000000 506554 1 506553
372352 13022 6 5000000 371544 0 371540
1312051 13608 6 10000000 1312041 1 1312040
274923 13608 6 10000000 274914 1 274913
676216 13608 6 10000000 676204 1 676202
1051984 13608 6 10000000 1050539 0 1050534
43216917 13953 11 250 43216905 1 43216904
699705 13022 6 5000000 698883 0 698879
346653 13608 6 10000000 346636 1 346635
1551782 13608 6 10000000 1550996 0 1550991
1441034 13022 6 5000000 1441021 1 1441020
742384 13796 6 12500000 742375 1 742375
1089341 13608 6 10000000 1089329 1 1089328
687563 13608 6 10000000 683590 0 683586
1258405 13640 7 250000 1257289 0 1257283
821847 13022 6 5000000 821074 0 821070
649396 13608 6 10000000 649083 0 649078
1190206 13640 7 250000 1190195 1 1190194
1376874 13022 6 5000000 1376857 1 1376857
1134176 13608 6 10000000 1134163 1 1134161
1003962 13022 6 5000000 1003052 0 1003048
1057359 13608 6 10000000 1057346 1 1057345
434284 13608 6 10000000 434267 1 434266
322953 13608 6 10000000 322929 1 322927
54231983 13824 12 100 54231970 1 54231969
679814 13022 6 5000000 679033 0 679028
770161 13608 6 10000000 770132 0 770129
295869 13608 6 10000000 295079 0 295077
951377 13608 6 10000000 951365 1 951364
988322 13022 6 5000000 988312 1 988311
884319 13022 6 5000000 884303 1 884302
466384 13608 6 10000000 466367 0 466363
463163 13022 6 5000000 463156 1 463155
385718 13608 6 10000000 385703 1 385701
660216 13608 6 10000000 660201 1 660200
462039 13608 6 10000000 462027 1 462025
10991516 13063 10 500 10991503 1 10991502
448725 13608 6 10000000 448716 1 448716
380957 13608 6 10000000 380944 1 380943
500769 13608 6 10000000 500755 1 500753
424803 13608 6 10000000 422838 0 422833
366350 13608 6 10000000 366335 1 366334
2149754 13763 8 20000 2149741 1 2149740
375950 13022 6 5000000 375655 0 375649
586709 13022 6 5000000 586700 1 586699
431002 13796 6 12500000 430983 0 430980
464667 13608 6 10000000 464649 1 464648
477014 13608 6 10000000 477002 1 477001
209418 13796 6 12500000 209404 0 209401
423454 13022 6 5000000 422568 0 422565
449250 13022 6 5000000 449136 0 449132
505533 13608 6 10000000 505519 1 505518
560432 13608 6 10000000 560390 0 560386
484705 13608 6 10000000 484690 1 484689
265579 13608 6 10000000 265554 0 265550
2385176 13110 8 12500 2385169 0 2385166
6834827 13486 9 2500 6834812 1 6834811
529268 13608 6 10000000 529255 0 529253
277058 13022 6 5000000 276241 0 276235
267640 13608 6 10000000 267622 0 267619
423679 13608 6 10000000 423661 0 423658
315882 13022 6 5000000 315870 1 315869
292448 13022 6 5000000 292431 1 292430
229665 13608 6 10000000 228867 0 228863
303338 13608 6 10000000 303325 1 303324
1152607 13395 7 200000 1152595 1 1152594
455287 13608 6 10000000 455276 1 455275
488666 13608 6 10000000 488652 1 488651
5655031 13063 10 500 5655016 1 5655015
523407 13022 6 5000000 522620 0 522615
408101 13608 6 10000000 408089 1 408088
292514 13608 6 10000000 292499 1 292498
57495855 13824 12 100 57495843 1 57495842
611717 13022 6 5000000 611704 1 611703
415642 13608 6 10000000 415289 0 415286
342010 13022 6 5000000 341999 1 341999
581563 13608 6 10000000 581550 1 581549
560274 13022 6 5000000 560265 1 560264
416607 13608 6 10000000 416241 0 416237
488568 13608 6 10000000 488554 1 488553
413617 13608 6 10000000 413606 1 413605
310489 13608 6 10000000 310475 1 310475
296918 13608 6 10000000 296904 0 296900
2174194 13763 8 20000 2174181 1 2174180
319459 13608 6 10000000 319446 1 319445
8056102 13063 10 500 8056096 1 8056095
998955 13395 7 200000 998946 1 998945
143047 13608 6 10000000 143038 1 143037
326218 13608 6 10000000 326209 1 326208
301972 13608 6 10000000 301865 0 301862
678971 13608 6 10000000 678960 1 678959
658230 13608 6 10000000 658217 1 658216
308484 13608 6 10000000 308469 0 308465
282780 13022 6 5000000 282723 1 282722
416618 13608 6 10000000 415918 0 415915
3718234 13486 9 2500 3718220 1 3718219
771795 13395 7 200000 771781 1 771780
367777 13608 6 10000000 367766 1 367765
696559 13608 6 10000000 696549 1 696549
606127 13608 6 10000000 606117 1 606116
334558 13608 6 10000000 334548 1 334548
3153892 13101 9 2000 3153080 0 3153077
462648 13608 6 10000000 462638 1 462637
7615493 13063 10 500 7615480 1 7615478
433881 13022 6 5000000 433869 1 433868
520097 13608 6 10000000 520087 1 520086
509346 13608 6 10000000 508538 0 508533
639320 13022 6 5000000 639306 1 639306
179001 13608 6 10000000 178982 1 178981
363682 13608 6 10000000 363670 1 363669
3489752 13486 9 2500 3489547 0 3489543
469529 13608 6 10000000 469515 1 469514
355420 13022 6 5000000 355407 1 355406
501149 13608 6 10000000 501138 1 501137
334903 13608 6 10000000 334893 1 334891
3296086 13486 9 2500 3296069 0 3296065
150638 13608 6 10000000 150623 1 150622
245700 13608 6 10000000 245688 1 245687
4219436 13871 9 3125 4219429 1 4219428
478766 13608 6 10000000 478024 0 478022
10426084 13063 10 500 10426070 1 10426069
478463 13608 6 10000000 477676 0 477672
580947 13022 6 5000000 580239 0 580234
36346388 13824 12 100 36346364 1 36346364
6299002 13063 10 500 6298978 0 6298975
38240071 13824 12 100 38240058 1 38240056
257399 13608 6 10000000 257389 1 257388
386749 13608 6 10000000 385955 0 385952
264138 13608 6 10000000 264120 0 264114
334161 13608 6 10000000 334151 1 334150
418901 13608 6 10000000 418216 0 418213
330156 13608 6 10000000 330139 0 330136
298521 13608 6 10000000 298507 1 298507
296241 13608 6 10000000 295820 0 295816
124728 13608 6 10000000 124717 1 124716
511891 13608 6 10000000 511880 1 511879
294894 13608 6 10000000 294877 1 294876
367693 13608 6 10000000 367680 1 367679
294253 13608 6 10000000 294235 0 294232
423264 13608 6 10000000 423253 1 423252
513097 13608 6 10000000 513090 1 513089
314942 13608 6 10000000 314926 1 314925
279271 13608 6 10000000 279257 1 279256
623708 13640 7 250000 623693 1 623692
145977 13608 6 10000000 145964 1 145964
272853 13608 6 10000000 272842 1 272841
568656 13608 6 10000000 567809 0 567805
580237 13022 6 5000000 580223 1 580222
157912 13608 6 10000000 157894 1 157893
234972 13608 6 10000000 234958 1 234957
387636 13211 6 6250000 387618 1 387617
218484 13608 6 10000000 218469 1 218468
124022 13608 6 10000000 124010 1 124009
395838 13022 6 5000000 395829 1 395828
339831 13608 6 10000000 339821 1 339820
290030 13608 6 10000000 290017 1 290016
252397 13608 6 10000000 251980 0 251975
5955239 13063 10 500 5955226 1 5955226
167205 13608 6 10000000 167187 0 167183
26615462 13824 12 100 26615449 1 26615448
5451475 13532 10 625 5451463 1 5451462
228196 13608 6 10000000 227369 0 227367
684726 13608 6 10000000 541602 0 541599
387724 13608 6 10000000 387714 1 387713
246240 13608 6 10000000 245983 0 245979
223541 13022 6 5000000 222369 0 222366
552233 13211 6 6250000 552219 1 552218
