128279 1358 6 5 127830 0 127824
77796 1944 6 10 77343 0 77337
28183 1445 5 10 27733 0 27727
47951 1445 5 10 47947 1 47946
11524 1024 4 10 11520 1 11520
29648 1445 5 10 29514 0 29509
33072 1445 5 10 33067 1 33067
14018 1024 4 10 14014 1 14013
10647 1024 4 10 10642 1 10641
145179 1944 6 10 145173 1 145172
77135 1944 6 10 77131 1 77130
121294 1944 6 10 121290 1 121289
115299 1944 6 10 114849 0 114844
10701 1024 4 10 10696 1 10695
73466 1944 6 10 73462 0 73456
77916 1944 6 10 77909 1 77908
36135 1445 5 10 36130 1 36129
162850 1766 7 5 162845 1 162844
9544 1024 4 10 9323 0 9310
72722 1944 6 10 72268 0 72261
39567 1445 5 10 39100 0 39093
15018 1431 4 25 15014 1 15013
36798 1445 5 10 36792 1 36791
14176 1431 4 25 14171 1 14171
31431 1445 5 10 31426 1 31425
11205 1332 4 20 11200 1 11199
79034 1358 6 5 79027 1 79026
71424 1944 6 10 71402 0 71395
5315 1821 3 500 4865 0 4862
17643 1024 4 10 17637 1 17636
159842 1944 6 10 159384 0 159379
25587 1010 5 5 25343 0 25337
13981 1024 4 10 13735 0 13728
54486 1445 5 10 54479 1 54479
81147 1944 6 10 81141 1 81141
3929 1350 3 100 3927 1 3927
4162 1415 3 125 4160 1 4160
11006 1739 4 50 10999 1 10998
49999 1445 5 10 49506 0 49497
10849 1024 4 10 10708 0 10700
169278 1766 7 5 169012 0 169002
197667 1766 7 5 197657 1 197656
5499 1350 3 100 5019 0 5010
4745 1350 3 100 4740 1 4740
11382 1739 4 50 11378 1 11377
41467 1445 5 10 41461 1 41460
14138 1739 4 50 14131 1 14130
78947 1358 6 5 78941 1 78939
10597 1024 4 10 10589 1 10588
221067 1766 7 5 221060 1 221059
189701 1766 7 5 189693 1 189692
40693 1010 5 5 40686 1 40684
8098 1146 3 50 7573 0 7563
6601 1350 3 100 6595 1 6593
45180 1010 5 5 45174 1 45172
44978 1445 5 10 44969 1 44967
1035458 1194 9 2 1035451 1 1035450
5272496 1751 11 2 5272453 0 5272441
120247 1944 6 10 120241 1 120239
64199 1445 5 10 63625 0 63616
33644 1445 5 10 33635 1 33633
121513 1358 6 5 121506 1 121504
7085 1350 3 100 7077 1 7076
5797 1415 3 125 5791 1 5791
103801 1944 6 10 103792 1 103791
8023 1821 3 500 8016 1 8016
174829 1944 6 10 174261 0 174249
106006 1944 6 10 105996 1 105994
20199 1024 4 10 20194 1 20194
35075 1010 5 5 34994 0 34984
64155 1010 5 5 64146 1 64145
38763 1010 5 5 38756 1 38756
10345 1415 3 125 10335 1 10333
6090 1146 3 50 6087 1 6086
259909 1766 7 5 259908 0 259896
13281 1024 4 10 13270 1 13267
48504 1445 5 10 48497 1 48495
41273 1010 5 5 41268 1 41267
88965 1944 6 10 88954 1 88953
54277 1445 5 10 50819 0 50795
46327 1445 5 10 46285 1 46283
17255 1024 4 10 17245 1 17243
9956 1350 3 100 9945 1 9942
152422 1358 6 5 151138 0 151124
18414 1739 4 50 18409 1 18407
21977 1024 4 10 21970 1 21967
49181 1445 5 10 48536 0 48517
165796 1358 6 5 165784 1 165782
8002 1146 3 50 7991 1 7989
235554 1944 6 10 234800 0 234788
20731 1024 4 10 20719 1 20718
17972 1024 4 10 17969 1 17967
159876 1944 6 10 158851 0 158832
177152 1944 6 10 176366 0 176351
72649 1445 5 10 71770 0 71752
9566 1350 3 100 9560 1 9559
68773 1445 5 10 68759 1 68757
19099 1024 4 10 19090 1 19087
118841 1944 6 10 118829 1 118826
7388 1350 3 100 7373 1 7370
55504 1445 5 10 55495 1 55493
7146 1821 3 500 6409 0 6394
39844 1024 4 10 39831 1 39829
94317 1010 5 5 94308 1 94306
13380 1146 3 50 13370 1 13366
23567 1024 4 10 23554 1 23551
11080 1350 3 100 10277 0 10264
82616 1739 4 50 82604 1 82601
10213 1146 3 50 10202 1 10200
225727 1944 6 10 225719 1 225717
10980 1350 3 100 10329 0 10316
9729 1350 3 100 9718 1 9716
63376 1445 5 10 63366 1 63363
255731 1358 6 5 255725 1 255724
291678 1944 6 10 290971 0 290951
169364 1445 5 10 78743 0 78729
22235 1024 4 10 22223 1 22221
25461 1024 4 10 25452 1 25450
8702 1350 3 100 7949 0 7937
93333 1445 5 10 93322 1 93320
161320 1944 6 10 161003 0 160986
24697 1024 4 10 24686 1 24684
62219 1445 5 10 61139 0 61124
34352 1024 4 10 33597 0 33580
10432 1821 3 500 10421 1 10419
39204 1431 4 25 39193 1 39190
5226 1350 3 100 5209 1 5206
359873 1358 6 5 359225 0 359215
277574 1944 6 10 277562 1 277560
108633 1445 5 10 108628 1 108627
8458 1350 3 100 8434 1 8432
215021 1358 6 5 214019 0 214005
10183 1618 3 250 10180 1 10175
199650 1944 6 10 199637 1 199634
86818 1445 5 10 85592 0 85568
22044 1024 4 10 22031 1 22029
308693 1766 7 5 307629 0 307608
67358 1445 5 10 66663 0 66648
13563 1350 3 100 12902 0 12886
20610 1024 4 10 20595 1 20594
22188 1024 4 10 22177 1 22175
78621 1445 5 10 78611 1 78608
9482 1350 3 100 8611 0 8597
409760 1766 7 5 409754 1 409753
30059 1024 4 10 29311 0 29296
13772 1821 3 500 13099 0 13086
21151 1024 4 10 21140 1 21139
299050 1944 6 10 299040 1 299038
223585 1944 6 10 223574 1 223569
195947 1944 6 10 195936 1 195932
105767 1010 5 5 104505 0 104488
23646 1024 4 10 23640 1 23639
141838 1358 6 5 141827 1 141825
11601 1146 3 50 11590 1 11588
101147 1010 5 5 101139 1 101137
18897 1821 3 500 18889 1 18888
179314 1944 6 10 179309 1 179307
117313 1944 6 10 117305 1 117303
49405 1445 5 10 49395 1 49392
50277 1445 5 10 50264 1 50261
53388 1445 5 10 53377 1 53375
330162 1944 6 10 330153 1 330151
90045 1445 5 10 90030 1 90027
50578 1024 4 10 50571 1 50569
326317 1944 6 10 326306 1 326304
28942 1024 4 10 28929 1 28926
8848 1618 3 250 8433 0 8427
76579 1445 5 10 76207 0 76197
325486 1944 6 10 324858 0 324848
60290 1445 5 10 60279 1 60276
121197 1010 5 5 121190 1 121189
83273 1445 5 10 83255 1 83254
132248 1445 5 10 132238 1 132236
385036 1766 7 5 385026 1 385024
24399 1024 4 10 24392 1 24391
461597 1766 7 5 460877 0 460864
23670 1332 4 20 23661 1 23659
8267 1350 3 100 7599 0 7591
8226 1553 3 200 7549 0 7539
9479 1821 3 500 9465 1 9464
7507 1146 3 50 6802 0 6794
19590 1739 4 50 19583 1 19581
48242 1445 5 10 48237 1 48236
142325 1944 6 10 142317 1 142314
9317 1350 3 100 8600 0 8596
20847 1024 4 10 20830 1 20828
30055 1024 4 10 30761 1 30042
25589 1431 4 25 25580 1 25578
113743 1944 6 10 113734 1 113732
23502 1024 4 10 24688 0 23081
77262 1445 5 10 77251 1 77247
167326 1358 6 5 166958 0 166949
139140 1944 6 10 139118 1 139113
63428 1445 5 10 62660 0 62644
47441 1445 5 10 47438 1 47437
357565 1766 7 5 357556 1 357554
14235 1350 3 100 13279 0 13264
19975 1024 4 10 19621 0 19611
215491 1944 6 10 215482 1 215480
10294 1821 3 500 9643 0 9633
501995 1766 7 5 501980 1 501978
25538 1739 4 50 25526 1 25524
10307 1350 3 100 10296 1 10294
10482 1821 3 500 10470 1 10467
11320 1821 3 500 11314 1 11312
6791 1350 3 100 6787 1 6787
95565 1445 5 10 95552 1 95550
23432 1024 4 10 23425 1 23424
319544 1944 6 10 318625 0 318618
16963 1024 4 10 16950 1 16947
181025 1358 6 5 181013 1 181010
378296 1944 6 10 378283 1 378281
13055 1415 3 125 13037 1 13034
106935 1445 5 10 106929 1 106927
11038 1350 3 100 11025 1 11021
285868 1944 6 10 285860 1 285857
295009 1944 6 10 293864 0 293854
