5758 1553 3 200 5752 1 5751
20709 1739 4 50 20700 1 20700
5011 1146 3 50 5008 1 5008
184902 1766 7 5 184894 1 184892
39832 1010 5 5 39823 1 39823
7016 1350 3 100 7013 1 7013
3891 1821 3 500 3881 1 3881
12544 1024 4 10 12541 1 12541
129902 1944 6 10 129896 1 129895
44318 1010 5 5 44315 1 44314
81510 1944 6 10 81482 0 81472
156472 1944 6 10 155939 0 155932
13846 1332 4 20 13839 1 13838
5038 1350 3 100 5036 1 5035
120488 1944 6 10 120480 1 120479
56661 1010 5 5 56652 1 56650
41324 1445 5 10 41313 1 41312
51199 1445 5 10 51192 1 51191
59219 1010 5 5 59212 1 59210
59442 1879 5 20 59432 1 59431
39908 1445 5 10 39902 1 39901
78290 1358 6 5 78284 1 78283
12831 1024 4 10 12819 1 12817
39485 1445 5 10 39475 1 39473
16330 1024 4 10 16322 1 16321
103115 1944 6 10 102476 0 102461
195278 1766 7 5 195271 1 195270
121853 1358 6 5 121844 1 121843
7796 1821 3 500 7792 1 7792
40407 1445 5 10 40398 1 40396
16998 1024 4 10 16388 0 16376
63158 1445 5 10 63152 1 63150
8322 1618 3 250 8311 1 8308
149494 1944 6 10 149486 1 149485
14736 1024 4 10 14730 1 14728
16548 1024 4 10 16004 0 15998
13358 1024 4 10 13348 1 13346
48701 1445 5 10 48113 0 48093
61423 1445 5 10 61415 1 61414
20415 1431 4 25 19854 0 19845
60628 1010 5 5 60620 1 60619
102339 1358 6 5 102175 0 102167
101985 1944 6 10 101141 0 101133
92694 1944 6 10 92686 1 92684
4433 1350 3 100 4429 1 4428
167380 1944 6 10 166818 0 166808
132157 1944 6 10 131612 0 131608
125514 1944 6 10 125204 0 125194
16851 1739 4 50 16848 1 16847
40614 1445 5 10 40061 0 40051
90121 1944 6 10 90110 1 90108
45565 1445 5 10 45562 1 45561
46927 1010 5 5 46922 1 46920
7426 1821 3 500 6681 0 6666
11535 1739 4 50 11533 1 11532
83158 1944 6 10 83152 1 83150
86939 1358 6 5 86626 0 86615
13667 1332 4 20 13659 1 13658
21762 1332 4 20 21754 1 21753
91509 1358 6 5 90946 0 90938
5143 1350 3 100 5140 1 5140
203192 1766 7 5 203185 1 203183
39000 1010 5 5 38995 1 38995
30029 1010 5 5 30020 1 30018
92827 1944 6 10 92270 0 92260
37152 1010 5 5 37144 1 37143
169128 1358 6 5 169123 1 169121
7323 1350 3 100 7314 1 7313
10733 1487 3 160 10723 1 10722
16612 1024 4 10 16605 1 16604
5911 1146 3 50 5359 0 5350
100829 1358 6 5 100821 1 100820
43109 1445 5 10 43101 1 43100
111710 1944 6 10 111703 1 111701
181575 1358 6 5 180976 0 180965
44597 1010 5 5 44591 1 44589
17041 1024 4 10 16722 0 16712
36220 1445 5 10 36212 1 36211
109210 1944 6 10 109198 1 109189
89480 1944 6 10 89472 1 89471
176066 1944 6 10 175182 0 175174
35569 1445 5 10 35560 1 35558
7789 1887 3 625 7780 1 7779
36427 1010 5 5 36266 0 36257
93496 1358 6 5 93487 1 93486
106626 1944 6 10 106619 1 106618
118080 1944 6 10 118073 1 118072
46466 1010 5 5 45917 0 45908
94781 1358 6 5 94773 1 94771
7549 1146 3 50 7544 1 7544
15766 1024 4 10 15759 1 15758
33151 1445 5 10 33140 1 33138
4203 1146 3 50 4200 1 4200
188956 1944 6 10 187595 0 187584
5930 1821 3 500 5925 1 5925
6936 1821 3 500 6916 1 6914
7393 1821 3 500 6725 0 6713
69146 1445 5 10 69138 1 69137
14460 1024 4 10 14451 1 14450
32647 1445 5 10 32621 1 32619
102634 1944 6 10 102626 1 102624
36571 1445 5 10 36562 1 36560
99552 1944 6 10 99543 1 99541
30810 1010 5 5 30798 1 30797
317413 1766 7 5 317403 1 317402
59490 1445 5 10 59484 1 59481
17213 1024 4 10 17205 1 17202
18248 1024 4 10 18232 0 18218
45488 1445 5 10 44804 0 44791
51890 1445 5 10 51499 0 51484
87899 1944 6 10 87575 0 87569
6984 1821 3 500 6974 1 6973
95064 1944 6 10 95061 1 95061
291252 1766 7 5 291239 1 291237
20489 1739 4 50 19842 0 19831
50430 1445 5 10 50423 1 50422
45028 1445 5 10 44388 0 44373
82378 1944 6 10 82365 1 82363
51142 1445 5 10 51130 1 51129
48469 1445 5 10 48457 1 48455
83143 1010 5 5 83132 1 83129
27538 1739 4 50 26866 0 26853
140892 1944 6 10 140879 1 140876
22709 1024 4 10 22699 1 22698
96157 1944 6 10 96151 1 96148
7060 1146 3 50 7053 1 7052
18300 1739 4 50 18171 1 18170
67641 1445 5 10 66879 0 66862
24871 1332 4 20 24860 1 24857
21423 1739 4 50 21412 1 21409
9958 1553 3 200 9215 0 9204
19702 1024 4 10 19687 1 19684
21614 1024 4 10 20832 0 20816
153680 1944 6 10 153664 1 153661
11230 1146 3 50 9428 0 9418
180135 1944 6 10 179425 0 179409
50816 1445 5 10 50806 1 50804
396875 1766 7 5 396865 1 396863
56503 1010 5 5 56492 1 56490
57599 1010 5 5 57591 1 57589
8188 1821 3 500 8174 1 8170
23461 1431 4 25 23449 1 23446
61042 1445 5 10 59638 0 59616
22567 1024 4 10 21838 0 21823
412369 1766 7 5 410241 0 410222
117445 1944 6 10 117435 1 117433
23807 1739 4 50 23230 0 23214
27250 1739 4 50 27238 1 27237
13190 1350 3 100 13178 1 13177
194543 1358 6 5 194539 1 194537
8064 1821 3 500 8060 1 8059
39596 1024 4 10 39584 1 39581
47613 1431 4 25 47605 1 47603
18975 1024 4 10 18555 0 18538
44387 1445 5 10 44262 0 44245
23429 1024 4 10 23421 1 23419
271227 1944 6 10 271222 1 271220
42949 1445 5 10 42178 0 42165
152683 1944 6 10 152669 1 152666
18430 1739 4 50 18420 1 18417
25931 1024 4 10 25917 1 25914
144795 1944 6 10 144785 1 144783
13911 1350 3 100 13129 0 13111
429266 1766 7 5 429039 0 429021
10840 1350 3 100 9223 0 9212
31419 1350 3 100 31409 1 31406
192598 1944 6 10 191527 0 191509
296658 1944 6 10 296646 1 296643
422748 1766 7 5 422715 1 422712
102884 1010 5 5 102200 0 102184
82305 1445 5 10 81559 0 81537
9267 1146 3 50 8522 0 8506
10623 1887 3 625 10611 1 10608
121712 1944 6 10 121699 1 121697
35615 1739 4 50 33051 0 33029
68677 1445 5 10 68662 1 68659
259134 1944 6 10 259123 1 259121
33112 1024 4 10 32219 0 32200
59964 1445 5 10 59956 1 59953
47272 1879 5 20 42619 0 42589
91771 1010 5 5 91764 0 91743
29169 1024 4 10 29154 1 29152
253377 1944 6 10 253368 1 253366
139795 1944 6 10 139785 1 139782
163236 1358 6 5 163231 0 163217
100671 1445 5 10 100661 1 100659
7258 1350 3 100 7247 1 7244
164076 1358 6 5 164073 1 164059
33853 1024 4 10 33843 1 33841
141653 1010 5 5 141644 1 141642
65273 1024 4 10 65264 1 65263
224583 1944 6 10 224573 1 224571
221389 1358 6 5 221378 1 221376
52223 1445 5 10 52211 1 52209
52498 1431 4 25 52489 1 52487
32743 1024 4 10 32730 1 32728
127640 1944 6 10 127523 0 127517
304748 1944 6 10 298016 0 298004
9639 1350 3 100 9628 1 9624
358390 1766 7 5 358380 1 358378
73009 1010 5 5 72629 0 72619
20258 1431 4 25 20082 0 20072
171587 1944 6 10 171582 1 171581
62806 1445 5 10 62148 0 62139
92002 1445 5 10 91992 1 91990
76458 1010 5 5 75812 0 75800
23093 1024 4 10 23084 1 23082
136314 1944 6 10 136297 0 136288
23660 1332 4 20 23443 0 23432
29463 1024 4 10 28776 0 28765
31182 1024 4 10 30421 0 30409
124760 1944 6 10 124753 1 124752
68217 1010 5 5 68206 1 68203
8114 1146 3 50 8102 1 8101
52275 1445 5 10 52270 1 52269
7630 1821 3 500 7622 1 7620
20055 1739 4 50 20041 1 20039
22349 1024 4 10 21550 0 21537
211748 1358 6 5 211743 1 211742
