11148 1024 4 10 11144 1 11143
4307 1350 3 100 4302 1 4301
85404 1944 6 10 85399 1 85398
12083 1024 4 10 12078 1 12077
12067 1024 4 10 12060 1 12059
79934 1944 6 10 79929 1 79927
11355 1024 4 10 11352 1 11351
10950 1739 4 50 10946 1 10946
13383 1024 4 10 13379 1 13378
11212 1024 4 10 11199 1 11196
21256 1024 4 10 21250 1 21249
35596 1445 5 10 35337 0 35332
5183 1350 3 100 4726 0 4723
70022 1944 6 10 70016 1 70015
47432 1445 5 10 46966 0 46960
42322 1010 5 5 41593 0 41586
48870 1445 5 10 48866 1 48865
9880 1739 4 50 9877 1 9877
72429 1944 6 10 72422 0 72415
16919 1739 4 50 16914 1 16913
79109 1944 6 10 78834 0 78820
27413 1445 5 10 27407 1 27407
12581 1024 4 10 12577 1 12575
55045 1010 5 5 55040 1 55039
65595 1010 5 5 65589 1 65589
91057 1944 6 10 91050 1 91049
134060 1944 6 10 134054 1 134053
27266 1010 5 5 27259 1 27258
12377 1024 4 10 12371 1 12370
83224 1944 6 10 83218 1 83216
40349 1445 5 10 40344 1 40343
7222 1350 3 100 6576 0 6569
73159 1944 6 10 73153 1 73152
195958 1766 7 5 195820 0 195812
12293 1431 4 25 12280 0 12271
14021 1024 4 10 13524 0 13515
74850 1944 6 10 74824 0 74816
55672 1445 5 10 55665 1 55664
14785 1024 4 10 14781 1 14781
13376 1739 4 50 13373 1 13371
134232 1944 6 10 134223 1 134223
26454 1445 5 10 26446 1 26444
14836 1431 4 25 14828 1 14826
39175 1010 5 5 38646 0 38637
5374 1821 3 500 4845 0 4843
14844 1024 4 10 14317 0 14308
13791 1739 4 50 13784 1 13783
14160 1431 4 25 14154 1 14152
3972 1146 3 50 3969 1 3969
33669 1445 5 10 33663 1 33662
45046 1445 5 10 45040 1 45039
50086 1445 5 10 50077 1 50075
4291 1350 3 100 4286 1 4286
5788 1821 3 500 5786 1 5785
65692 1445 5 10 65686 1 65684
83877 1358 6 5 83872 1 83871
16588 1024 4 10 16581 1 16578
61173 1445 5 10 61165 1 61164
8827 1350 3 100 8307 0 8297
13466 1431 4 25 13460 1 13458
38463 1445 5 10 38178 0 38169
10067 1887 3 625 9972 1 9971
20657 1024 4 10 20654 1 20653
5581 1350 3 100 5041 0 5032
8014 1821 3 500 7997 1 7994
62525 1445 5 10 61957 0 61944
175907 1358 6 5 175395 0 175373
37578 1010 5 5 37571 1 37569
13441 1024 4 10 13435 1 13433
36098 1010 5 5 35572 0 35563
15356 1332 4 20 15352 1 15352
45343 1010 5 5 44828 0 44816
68040 1445 5 10 68033 1 68031
156417 1358 6 5 155863 0 155852
65667 1445 5 10 64571 0 64563
1150523 1194 9 2 1150515 1 1150514
43098 1445 5 10 43095 1 43094
20483 1024 4 10 20476 1 20475
39032 1445 5 10 39025 1 39023
20950 1739 4 50 19177 0 19168
110736 1944 6 10 110726 1 110722
86736 1944 6 10 86733 0 86724
67778 1445 5 10 67181 0 67171
60827 1445 5 10 60128 0 60117
38102 1010 5 5 38095 1 38094
7335 1146 3 50 7331 1 7331
106188 1358 6 5 106184 1 106173
173560 1944 6 10 173554 1 173553
15573 1431 4 25 15567 1 15566
106072 1358 6 5 106065 1 106064
113510 1944 6 10 113508 1 113507
46071 1010 5 5 46064 1 46063
95864 1944 6 10 95856 1 95855
96233 1944 6 10 95907 0 95897
54879 1445 5 10 54334 0 54326
151505 1944 6 10 151495 1 151494
6714 1350 3 100 6705 1 6704
16492 1431 4 25 15162 0 15153
6202 1553 3 200 6195 1 6194
45224 1010 5 5 44640 0 44627
117428 1358 6 5 117420 1 117418
14310 1024 4 10 14302 1 14301
7027 1618 3 250 7023 1 7023
39118 1445 5 10 39110 1 39109
22803 1431 4 25 22795 1 22794
14030 1024 4 10 14025 1 14024
4546 1350 3 100 4542 1 4542
4594 1350 3 100 4590 1 4590
6308 1553 3 200 6304 1 6303
6070 1350 3 100 6068 1 6068
26508 1024 4 10 26499 1 26497
7719 1350 3 100 7172 0 7165
114105 1358 6 5 112927 0 112919
4841 1350 3 100 4838 1 4838
6109 1350 3 100 6106 1 6105
5639 1146 3 50 5632 1 5632
96999 1944 6 10 96995 1 96993
123096 1944 6 10 123088 1 123087
7976 1350 3 100 7638 0 7629
21434 1431 4 25 21425 1 21423
186568 1358 6 5 182334 0 182322
7054170 1751 11 2 7054153 0 7054139
10157 1350 3 100 9362 0 9355
224128 1944 6 10 224121 1 224120
130471 1944 6 10 130461 1 130459
57385 1445 5 10 57380 1 57379
27001 1024 4 10 26020 0 26003
601007 1766 7 5 600997 1 600995
90707 1010 5 5 89976 0 89963
11075 1415 3 125 11055 1 11053
7456 1350 3 100 7443 1 7441
27273 1431 4 25 27260 1 27258
26308 1024 4 10 26299 1 26297
31790 1739 4 50 31782 1 31781
51785 1445 5 10 51764 1 51762
28205 1332 4 20 28194 1 28191
14690 1821 3 500 14675 1 14672
251702 1358 6 5 251696 1 251694
19966 1024 4 10 19958 1 19958
154473 1944 6 10 154460 1 154458
45024 1024 4 10 44980 0 44786
32452 1821 3 500 32441 1 32438
162784 1944 6 10 162772 1 162770
34092 1350 3 100 34081 1 34080
20943 1024 4 10 20935 1 20933
12694 1350 3 100 9270 1 9269
372737 1766 7 5 372723 1 372720
16054 1024 4 10 16039 1 16037
47673 1010 5 5 47662 1 47660
22012 1024 4 10 21999 1 21996
12186 1553 3 200 12180 1 12179
34578 1024 4 10 34569 1 34568
70688 1445 5 10 70678 1 70676
28491 1024 4 10 28477 1 28475
31509 1739 4 50 31503 1 31501
118796 1445 5 10 118461 0 118453
20085 1739 4 50 19451 0 19441
149307 1358 6 5 149293 1 149291
18347 1024 4 10 18333 1 18331
47398 1445 5 10 47388 1 47386
9888 1146 3 50 9883 1 9881
110890 1445 5 10 110881 1 110878
403320 1766 7 5 383259 0 383241
7156 1146 3 50 7147 1 7146
84812 1445 5 10 84197 0 84188
22725 1024 4 10 22716 1 22715
134033 1944 6 10 134022 1 134018
49587 1010 5 5 49580 1 49579
280700 1358 6 5 279972 0 279958
78413 1010 5 5 78404 1 78401
168860 1944 6 10 168846 0 168835
76436 1445 5 10 76428 1 76426
44987 1445 5 10 44953 1 44950
219736 1944 6 10 219727 1 219725
78229 1445 5 10 78222 1 78221
10049 1350 3 100 10042 1 10042
42788 1024 4 10 42774 1 42771
72655 1445 5 10 72638 1 72636
501758 1766 7 5 501750 1 501749
22499 1739 4 50 21753 0 21738
279246 1358 6 5 279236 1 279234
7488 1350 3 100 7483 1 7483
6579 1553 3 200 6216 0 6206
27311 1431 4 25 26649 0 26643
24560 1024 4 10 24554 1 24553
25682 1024 4 10 25672 1 25670
9866 1553 3 200 9860 1 9860
159975 1944 6 10 159970 1 159967
23613 1024 4 10 22864 0 22855
19362 1739 4 50 19349 1 19346
59878 1445 5 10 59869 1 59865
69428 1010 5 5 69417 1 69416
26667 1024 4 10 26654 1 26651
74012 1010 5 5 73235 0 73224
81536 1445 5 10 81524 1 81523
93257 1010 5 5 92500 0 92489
254845 1944 6 10 254836 1 254834
123186 1445 5 10 123174 1 123171
2369163 1194 9 2 2368686 0 2368679
38374 1024 4 10 38362 1 38358
180700 1944 6 10 180698 1 180694
209384 1358 6 5 209371 1 209368
403194 1766 7 5 403182 1 403177
53384 1445 5 10 53367 0 53359
138817 1944 6 10 138789 0 138780
92076 1445 5 10 91313 0 91307
113177 1445 5 10 113167 1 113165
252059 1944 6 10 252042 1 252039
112847 1445 5 10 112840 1 112837
208323 1944 6 10 208314 1 208312
25143 1431 4 25 25127 1 25123
27018 1431 4 25 27004 1 27002
57105 1445 5 10 57089 1 57086
184084 1358 6 5 184070 1 184067
56893 1024 4 10 56108 0 56102
303554 1766 7 5 303543 1 303540
126379 1445 5 10 126366 1 126363
81901 1445 5 10 81889 1 81886
26585 1024 4 10 25866 0 25859
45432 1024 4 10 45420 1 45418
258893 1944 6 10 258885 1 258883
21940 1024 4 10 21928 1 21925
298591 1944 6 10 298578 1 298576
32106 1024 4 10 32101 1 32099
7939 1350 3 100 7933 1 7933
27428 1024 4 10 27418 1 27417
28237 1618 3 250 28226 1 28223
192043 1944 6 10 190492 1 190491
