10694 1024 4 10 10687 1 10686
18236 1739 4 50 17711 0 17702
37025 1445 5 10 37019 1 37018
15362 1739 4 50 15355 1 15354
5819 1553 3 200 5810 1 5808
72489 1944 6 10 72484 1 72482
12356 1024 4 10 12349 1 12348
28993 1445 5 10 28986 1 28985
71013 1944 6 10 71005 1 71005
165693 1766 7 5 165689 1 165688
141939 1358 6 5 141933 1 141932
48086 1445 5 10 48078 1 48077
38479 1445 5 10 37994 0 37984
122788 1944 6 10 122321 0 122313
5652 1821 3 500 5645 1 5644
44621 1010 5 5 44613 1 44612
14073 1739 4 50 13338 0 13330
11730 1739 4 50 11723 1 11722
44531 1010 5 5 44030 0 44021
75548 1944 6 10 75542 1 75541
30660 1445 5 10 30654 1 30654
90664 1944 6 10 90658 1 90657
86374 1358 6 5 86296 0 86287
3613 1350 3 100 3610 1 3610
81342 1358 6 5 81334 1 81333
42121 1445 5 10 42110 1 42109
14192 1024 4 10 13558 0 13548
15394 1739 4 50 15386 1 15384
108367 1944 6 10 108360 1 108358
59368 1445 5 10 59361 1 59359
11974 1024 4 10 11966 1 11964
170403 1766 7 5 170394 1 170391
18564 1024 4 10 18550 1 18547
8485 1350 3 100 7860 0 7857
40826 1445 5 10 40814 1 40813
49874 1010 5 5 49863 1 49861
26692 1024 4 10 26683 1 26682
34604 1445 5 10 34594 1 34593
47473 1445 5 10 46938 0 46928
44227 1445 5 10 44221 0 44211
85552 1944 6 10 85540 1 85537
56002 1445 5 10 55994 1 55993
7650 1350 3 100 6707 0 6685
17634 1024 4 10 17625 1 17624
87282 1358 6 5 87283 0 87274
33687 1445 5 10 33679 1 33677
107941 1944 6 10 107932 1 107930
64895 1010 5 5 64876 1 64875
15223 1024 4 10 15213 1 15212
35542 1445 5 10 35536 1 35534
10915 1024 4 10 10910 0 10902
4730 1350 3 100 4726 1 4726
54866 1010 5 5 54855 1 54854
219870 1766 7 5 219862 1 219860
39427 1010 5 5 39419 1 39417
16471 1024 4 10 16461 1 16459
104428 1944 6 10 104143 0 104133
4700 1350 3 100 4693 1 4691
96437 1358 6 5 96425 1 96423
39301 1445 5 10 39298 0 39288
6684 1415 3 125 6096 0 6086
208770 1766 7 5 208762 1 208760
79381 1944 6 10 78552 0 78542
5359397 1751 11 2 5359387 1 5359385
27698 1024 4 10 26969 0 26955
154571 1944 6 10 154562 1 154560
9691 1415 3 125 9685 1 9683
134821 1944 6 10 134810 1 134808
10215 1553 3 200 10206 1 10204
334089 1766 7 5 334079 1 334076
181432 1944 6 10 181423 1 181422
19953 1024 4 10 19943 1 19941
104830 1358 6 5 104826 1 104825
109740 1445 5 10 108956 0 108942
100859 1944 6 10 100461 0 100427
60016 1445 5 10 60006 1 60004
151291 1944 6 10 151272 1 151270
11594 1821 3 500 11585 1 11583
61284 1445 5 10 61273 1 61271
216496 1944 6 10 215749 0 215735
54856 1445 5 10 54844 1 54841
60851 1445 5 10 60846 1 60838
54112 1010 5 5 54102 1 54099
134504 1944 6 10 134494 1 134491
313941 1358 6 5 313936 1 313935
57723 1010 5 5 57710 1 57707
169619 1944 6 10 169574 0 169562
66374 1445 5 10 66366 1 66364
53045 1445 5 10 53040 1 53027
149099 1358 6 5 149043 0 149028
33611 1024 4 10 33602 1 33599
129806 1944 6 10 129799 1 129798
542259 1766 7 5 540773 0 540758
459709 1766 7 5 459697 0 459682
150046 1944 6 10 149996 0 149980
71916 1445 5 10 71907 0 71893
210161 1944 6 10 210158 1 210156
52357 1445 5 10 51678 0 51603
280340 1766 7 5 280333 1 280332
25796 1739 4 50 25055 0 25040
30134 1024 4 10 28876 0 28862
137077 1879 5 20 137067 1 137065
2044926 1194 9 2 2044918 1 2044916
75879 1445 5 10 75869 0 75850
308259 1944 6 10 307504 0 307488
47925 1010 5 5 46344 0 46329
130502 1944 6 10 130502 1 130482
20834 1024 4 10 20825 1 20823
156128 1358 6 5 156116 1 156113
95163 1445 5 10 94318 0 94307
314327 1944 6 10 313673 0 313660
86988 1445 5 10 86272 0 86261
538085 1766 7 5 537337 0 537329
175012 1358 6 5 175003 1 175002
11718 1618 3 250 11709 1 11706
80683 1010 5 5 80674 1 80673
19719 1739 4 50 19380 0 19371
103663 1445 5 10 103651 1 103647
412569 1766 7 5 411790 0 411775
118193 1010 5 5 118190 1 118189
18348 1024 4 10 18340 1 18338
27052 1024 4 10 26817 0 26807
14805 1350 3 100 14796 1 14794
10486 1821 3 500 9721 0 9712
69668 1445 5 10 69656 1 69654
151272 1358 6 5 151256 1 151253
6723 1146 3 50 6718 0 6712
57923 1445 5 10 57919 1 57917
87374 1010 5 5 86636 0 86625
13440 1146 3 50 13432 1 13430
144307 1944 6 10 144291 0 144288
74513 1445 5 10 74503 1 74502
143065 1944 6 10 143055 0 143045
145852 1944 6 10 145107 0 145096
116479 1445 5 10 116469 1 116467
19409 1024 4 10 19399 1 19397
69974 1445 5 10 69271 0 69261
134674 1944 6 10 134578 0 134572
19182 1024 4 10 19174 1 19173
87511 1445 5 10 87506 1 87506
12203 1146 3 50 12196 1 12193
22512 1024 4 10 21836 0 21828
117299 1944 6 10 117287 1 117285
266646 1944 6 10 266634 1 266632
69371 1445 5 10 69355 1 69353
145981 1010 5 5 145195 0 145124
179542 1944 6 10 179531 1 179529
23413 1024 4 10 23401 1 23398
18301 1332 4 20 18291 1 18289
80966 1445 5 10 80950 1 80947
20350 1024 4 10 19575 0 19573
147792 1944 6 10 147601 0 147595
16057 1024 4 10 16045 0 16036
9745 1618 3 250 8640 0 8633
67127 1445 5 10 67115 1 67112
24902 1024 4 10 23970 0 23962
10127 1618 3 250 10111 1 10109
123249 1944 6 10 123232 0 123224
27502 1024 4 10 27489 1 27486
122461 1445 5 10 122434 1 122432
31183 1431 4 25 31171 1 31168
69311 1445 5 10 69304 1 69302
232855 1944 6 10 232840 1 232837
33203 1024 4 10 32338 0 32327
24866 1024 4 10 24855 1 24852
59763 1445 5 10 59747 0 59736
12661 1821 3 500 11953 0 11947
78953 1445 5 10 78948 1 78947
223110 1944 6 10 223095 1 223093
12075 1350 3 100 12056 1 12053
31614 1024 4 10 31601 1 31598
25275 1024 4 10 24429 0 24422
12065 1350 3 100 12060 1 12058
69759 1010 5 5 69755 1 69754
11532 1146 3 50 11524 1 11522
52973 1010 5 5 52967 1 52966
26065 1024 4 10 25389 0 25376
88988 1010 5 5 88975 1 88972
138663 1944 6 10 137778 0 137771
146900 1358 6 5 146891 1 146888
23314 1431 4 25 23270 1 23269
12821 1821 3 500 12802 1 12799
12712 1887 3 625 11874 0 11867
9958 1618 3 250 9950 1 9947
584709 1766 7 5 584699 1 584698
24681 1024 4 10 24675 1 24674
195877 1358 6 5 195862 1 195859
97336 1010 5 5 97323 1 97321
7465 1350 3 100 7456 1 7455
131140 1445 5 10 131133 1 131132
228783 1944 6 10 227995 0 227988
101803 1445 5 10 101792 1 101790
33915 1024 4 10 33904 1 33901
81340 1010 5 5 80542 0 80534
9317 1821 3 500 8771 0 8764
9224 1821 3 500 9221 1 9219
96275 1445 5 10 96266 1 96262
28697 1024 4 10 28684 1 28680
100889 1445 5 10 100881 1 100879
94828 1445 5 10 94821 1 94820
41746 1024 4 10 40970 0 40962
19712 1024 4 10 19704 1 19702
13000 1146 3 50 12986 1 12983
171298 1358 6 5 171291 1 171290
12857 1350 3 100 12847 1 12845
68914 1445 5 10 68902 1 68900
112703 1445 5 10 111795 0 111793
28639 1739 4 50 28370 0 28358
219618 1944 6 10 218727 0 218714
175963 1944 6 10 175227 0 175218
97520 1445 5 10 97512 1 97511
24456 1431 4 25 24443 1 24440
81273 1445 5 10 80097 0 80087
8106 1959 3 800 8103 1 8101
117579 1010 5 5 117568 1 117565
8146 1618 3 250 7231 0 7224
