18181 2048 4 100 17492 0 17478
2594522 2774 9 5 2594506 1 2594502
368271 2527 7 10 367919 0 367903
798186 2527 7 10 797456 0 797441
18529 2025 3 1000 17666 0 17647
16138 2968 3 25000 15209 0 15190
12348 2293 3 2500 11631 0 11607
32410 2763 4 500 32398 1 32394
98980 2455 5 50 98965 1 98962
345797 2527 7 10 345793 0 345785
78255 2314 5 40 78244 1 78242
284898 2527 7 10 284888 1 284886
16730 2048 4 100 16725 1 16723
367823 2527 7 10 367808 1 367806
68817 2890 5 100 68806 1 68804
43262 2048 4 100 43258 1 43257
157004 2717 6 25 156579 0 156561
341746 2527 7 10 341737 1 341735
115582 2890 5 100 114905 0 114888
296194 2527 7 10 296185 1 296182
305478 2527 7 10 305473 0 305463
27558 2455 4 250 27545 1 27543
119709 2890 5 100 119700 1 119698
152890 2717 6 25 152886 1 152885
52993 2048 4 100 52982 1 52980
37257 2048 4 100 37252 1 37251
21023 2048 4 100 21014 1 21013
322923 2527 7 10 322908 1 322905
14479 2903 3 20000 13729 0 13713
99519 2890 5 100 98448 0 98424
123087 2455 5 50 123075 1 123072
358003 2527 7 10 358059 1 357997
21290 2356 4 200 21281 0 21264
26875 2048 4 100 26869 1 26868
100162 2890 5 100 100155 1 100153
10015 2700 3 10000 9153 0 9135
90587 2455 5 50 90584 1 90583
90498 2890 5 100 90191 0 90144
41091 2455 4 250 41082 1 41079
40379 2700 3 10000 40368 1 40367
100269 2890 5 100 99478 0 99465
768406 2527 7 10 767628 0 767619
351105 2527 7 10 351093 1 351091
483596 2527 7 10 483577 0 483565
1182123 2236 8 5 1182114 1 1182113
722996 2236 8 5 722984 1 722983
6311 2700 3 10000 6296 1 6294
10380 2025 3 1000 10373 1 10372
371651 2527 7 10 371642 1 371641
9814 2025 3 1000 9037 0 9025
10300 2700 3 10000 10294 1 10294
45794 2890 5 100 45788 1 45785
3524835 2774 9 5 3524821 1 3524818
513830 2527 7 10 513817 1 513814
24726 2048 4 100 24716 1 24713
14177 2968 3 25000 14165 1 14162
103728 2020 5 25 102955 0 102946
98329 2890 5 100 98269 0 98261
72206 2890 5 100 72189 1 72187
36581 2700 3 10000 35400 0 35391
66519 2455 5 50 66509 1 66507
29610 2025 3 1000 29605 1 29604
10528 2025 3 1000 10069 0 10066
33771 2048 4 100 33756 1 33753
9564 2025 3 1000 9552 1 9550
49485 2048 4 100 49475 1 49474
20089 2228 3 2000 20074 1 20072
375809 2527 7 10 375800 1 375799
74444 2890 5 100 73368 0 73361
36126 2048 4 100 36112 1 36109
66811 2890 5 100 66798 1 66795
11427 2700 3 10000 11420 1 11419
472894 2527 7 10 472883 0 472881
860948 2236 8 5 860935 1 860932
103043 2455 5 50 103029 1 103026
18230 2765 3 12500 17444 0 17434
9042 2700 3 10000 9030 1 9029
22032 2763 4 500 22019 1 22016
1776406 2774 9 5 1776393 0 1776385
504550 2527 7 10 504530 1 504528
318729 2527 7 10 318709 0 318699
24082 2048 4 100 24065 1 24063
62967 2890 5 100 62947 1 62944
341373 2527 7 10 341360 1 341358
21944 2048 4 100 21933 1 21931
34764 2763 4 500 34743 1 34741
114312 2890 5 100 113531 0 113522
347103 2527 7 10 347092 0 347084
9284 2496 3 5000 9274 1 9273
26846 2664 4 400 26835 1 26834
9256 2025 3 1000 8981 0 8973
98196 2455 5 50 98189 1 98185
294810 2527 7 10 294791 0 294778
94093 2455 5 50 94082 1 94080
11958 2228 3 2000 11948 1 11946
91402 2890 5 100 90651 0 90638
37934 2356 4 200 37921 1 37920
640833 2527 7 10 640819 1 640816
109433 2455 5 50 109428 1 109427
82853 2890 5 100 82841 1 82839
188682 2890 5 100 91287 0 91272
65822 2455 5 50 65811 1 65805
70098 2890 5 100 70084 1 70081
58539 2020 5 25 58527 1 58523
23639 2048 4 100 23621 1 23617
79539 2890 5 100 78701 0 78696
66722 2890 5 100 66718 1 66716
15141 2569 3 6400 15124 1 15121
37963 2763 4 500 37952 1 37951
22606 2048 4 100 22595 1 22592
56646 2890 5 100 56629 0 56621
8225 2700 3 10000 8214 1 8212
63269 2890 5 100 62494 0 62485
25318 2048 4 100 25305 1 25303
116369 2455 5 50 115469 0 115461
11144 2903 3 20000 10287 0 10281
85561 2890 5 100 82845 0 82831
108603 2890 5 100 107819 0 107810
12861 2968 3 25000 12847 1 12845
105910 2890 5 100 105898 1 105895
69910 2455 5 50 69478 0 69470
65952 2020 5 25 65123 0 65115
201875 2717 6 25 201863 1 201860
13402 2562 3 6250 12132 0 12125
12264 2025 3 1000 12253 1 12250
310998 2527 7 10 310521 0 310511
2243105 2774 9 5 2243098 1 2243096
293933 2527 7 10 293922 1 293920
337509 2527 7 10 337496 1 337492
22199 2048 4 100 22184 1 22182
329847 2527 7 10 329839 1 329838
11202 2025 3 1000 9855 0 9846
353190 2527 7 10 353179 1 353176
12510 2025 3 1000 12503 1 12500
32416 2763 4 500 32409 1 32408
30564 2048 4 100 30549 1 30547
14399 2025 3 1000 13598 0 13590
80894 2890 5 100 80884 1 80882
12354 2025 3 1000 11507 0 11499
344581 2527 7 10 344568 1 344565
70465 2890 5 100 70455 1 70453
291290 2527 7 10 291278 1 291276
20332 2048 4 100 20319 1 20316
335163 2527 7 10 335153 1 335151
450143 2527 7 10 450126 1 450122
89716 2890 5 100 89701 1 89699
15062 2700 3 10000 14110 0 14099
84792 2890 5 100 84772 1 84769
28525 2763 4 500 26394 0 26386
566293 2527 7 10 566287 1 566282
10837 2700 3 10000 10832 1 10831
25635 2763 4 500 25622 1 25618
79397 2890 5 100 79388 1 79386
161098 2717 6 25 161089 0 161078
307132 2527 7 10 307125 1 307123
32416 2048 4 100 31778 0 31772
488563 2527 7 10 488551 1 488550
7738 2025 3 1000 7730 1 7727
17570 2048 4 100 17461 0 17452
302815 2527 7 10 302804 1 302801
21930 2048 4 100 21295 0 21288
22421 2048 4 100 22411 1 22408
67229 2890 5 100 67224 1 67223
20462 2356 4 200 20446 1 20445
33506 2356 4 200 32779 0 32771
51923 2890 5 100 51913 1 51911
57949 2890 5 100 57938 1 57936
75250 2890 5 100 75244 1 75244
9880 2025 3 1000 9872 1 9869
66098 2890 5 100 66086 1 66083
16551 2048 4 100 16542 1 16540
22300 2048 4 100 21548 0 21539
10929 2700 3 10000 10258 0 10250
9003 2496 3 5000 7241 0 7237
73524 2890 5 100 72732 0 72720
8297 2903 3 20000 7443 0 7432
321531 2527 7 10 321519 1 321517
20045 2048 4 100 19950 0 19947
129111 2717 6 25 129119 0 129096
21899 2048 4 100 21880 1 21877
59897 2890 5 100 59888 1 59885
58190 2020 5 25 58179 1 58177
11068 2496 3 5000 11056 1 11054
22232 2048 4 100 22227 1 22226
65204 2455 5 50 65192 1 65190
187467 2717 6 25 187437 0 187427
10284 2968 3 25000 10268 1 10265
84795 2890 5 100 84059 0 84052
69753 2890 5 100 69738 1 69736
51999 2455 5 50 51988 1 51986
25409 2763 4 500 25394 1 25391
64629 2455 5 50 64618 1 64616
97256 2455 5 50 97245 1 97242
45448 2890 5 100 45437 1 45435
23607 2048 4 100 23593 1 23590
23836 2862 4 625 23433 0 23425
24472 2048 4 100 24455 1 24452
11764 2025 3 1000 11058 0 11053
13509 2025 3 1000 12734 0 12726
257193 2527 7 10 256920 0 256907
83039 2890 5 100 83017 1 83012
95614 2455 5 50 95605 1 95603
10662 2293 3 2500 10649 1 10647
9518 2700 3 10000 9509 1 9508
8999 2025 3 1000 8988 1 8986
20391 2455 4 250 20378 1 20375
52950 2890 5 100 52587 0 52580
7951 2025 3 1000 7944 1 7941
9325 2903 3 20000 9321 1 9320
542221 2527 7 10 542210 1 542207
58645 2890 5 100 58617 1 58615
23549 2048 4 100 23542 1 23541
21014 2048 4 100 20275 0 20268
63380 2890 5 100 62672 0 62666
10519 2228 3 2000 9467 0 9459
