268509 2527 7 10 268500 1 268498
17798 2763 4 500 17789 1 17788
7010 2496 3 5000 7006 1 7006
14979 2763 4 500 14968 1 14967
16541 2048 4 100 16530 1 16528
27660 2048 4 100 27652 1 27649
32821 2890 5 100 32809 1 32807
54756 2020 5 25 54748 1 54746
8641 2496 3 5000 8647 1 8633
5969 2025 3 1000 5953 1 5951
15212 2048 4 100 15203 1 15201
44456 2890 5 100 44446 1 44444
49941 2455 5 50 49930 1 49928
179607 2717 6 25 179014 0 179005
6435 2700 3 10000 6433 1 6433
50993 2314 5 40 50986 1 50983
9138 2700 3 10000 9126 1 9124
39050 2890 5 100 39043 1 39041
9100 2496 3 5000 8531 0 8521
42952 2890 5 100 42937 1 42935
49055 2890 5 100 49049 1 49048
5735 2025 3 1000 5725 1 5723
11650 2293 3 2500 11627 1 11625
22018 2048 4 100 22008 1 22004
19813 2048 4 100 19803 1 19801
46383 2890 5 100 46375 1 46375
54009 2890 5 100 53413 0 53396
62612 2020 5 25 62603 1 62601
268432 2527 7 10 268423 1 268421
59634 2890 5 100 59627 1 59626
2586512 2774 9 5 2586501 1 2586499
142343 2717 6 25 141656 0 141643
80901 2890 5 100 80893 1 80890
853682 2527 7 10 853677 1 853676
338966 2527 7 10 338954 1 338952
19080 2048 4 100 19071 1 19069
32912 2356 4 200 32264 0 32251
6562 2025 3 1000 6186 0 6177
20832 2763 4 500 20006 0 19991
120411 2717 6 25 120399 1 120396
26003 2048 4 100 25991 1 25987
27890 2048 4 100 27881 1 27878
39099 2700 3 10000 39085 1 39082
511059 2527 7 10 510290 0 510270
765189 2527 7 10 765178 1 765176
378480 2527 7 10 378473 1 378471
89773 2890 5 100 88964 0 88952
39935 2025 3 1000 39921 1 39918
7449 2496 3 5000 7442 1 7441
35432 2664 4 400 35421 1 35419
1395359 2236 8 5 1394629 0 1394620
104592 2890 5 100 104583 1 104579
20422 2147 4 125 20412 1 20411
37413 2455 4 250 37403 1 37402
294010 2527 7 10 289637 0 289627
20468 2048 4 100 20459 1 20457
21242 2048 4 100 20534 0 20525
21069 2048 4 100 20377 0 20367
24325 2048 4 100 23229 0 23216
39867 2763 4 500 39859 1 39857
1836677 2389 9 4 1836665 1 1836663
283360 2527 7 10 282337 0 282328
68578 2890 5 100 67685 0 67677
8506 2700 3 10000 8497 1 8496
24086 2048 4 100 24073 1 24069
108763 2890 5 100 108753 1 108751
7401 2700 3 10000 7392 1 7392
27980 2048 4 100 27121 0 27110
60878 2455 5 50 59800 0 59791
603883 2527 7 10 477758 0 477749
161522 2890 5 100 160720 0 160714
15028 2968 3 25000 15020 1 15018
48141 2356 4 200 48125 1 48123
10756 2700 3 10000 10110 0 10102
52056 2455 4 250 52034 1 52030
36127 2293 3 2500 36116 1 36114
11400 2293 3 2500 11394 1 11393
17770 2496 3 5000 17747 1 17744
13078 2025 3 1000 13066 1 13064
33480 2025 3 1000 33472 1 33471
26664 2048 4 100 26651 1 26649
23202 2862 4 625 22787 0 22783
13459 2903 3 20000 12641 0 12632
416513 2527 7 10 415675 0 415669
807763 2527 7 10 807748 1 807744
850483 2236 8 5 850465 1 850461
11763 2496 3 5000 11752 1 11747
26068 2025 3 1000 26057 1 26055
10424 2025 3 1000 10417 1 10417
61857 2048 4 100 61840 1 61837
24446 2048 4 100 23676 0 23667
490510 2527 7 10 490494 1 490490
126005 2890 5 100 125621 0 125612
414471 2527 7 10 414461 1 414459
29730 2048 4 100 29725 1 29722
62743 2890 5 100 62733 1 62732
346781 2717 6 25 346769 1 346767
140042 2890 5 100 139268 0 139259
44031 2763 4 500 44019 1 44016
92782 2890 5 100 92773 1 92770
31599 2048 4 100 31586 1 31583
331729 2529 6 20 331717 1 331714
61004 2890 5 100 60370 0 60361
12285 2025 3 1000 12279 1 12277
27172 2048 4 100 26348 0 26345
680623 2236 8 5 680611 1 680608
203620 2717 6 25 202700 0 202691
12424 2700 3 10000 12407 1 12405
9365 2025 3 1000 9357 1 9355
370034 2527 7 10 368782 0 368775
78853 2890 5 100 78844 1 78842
84464 2455 5 50 84451 1 84448
12451 2025 3 1000 11478 0 11468
25227 2048 4 100 25211 1 25208
14306 2700 3 10000 13209 0 13198
11030 2700 3 10000 11019 1 11017
27496 2048 4 100 27478 1 27475
47707 2890 5 100 47697 1 47695
303002 2527 7 10 302979 0 302968
108110 2890 5 100 106931 0 106923
84299 2890 5 100 83397 0 83390
378197 2527 7 10 378184 1 378182
473190 2527 7 10 473183 1 473173
9408 2700 3 10000 8591 0 8583
76745 2890 5 100 76732 1 76729
11328 2293 3 2500 11334 1 11311
177890 2890 5 100 71676 0 71664
401252 2527 7 10 401246 1 401244
23288 2048 4 100 23268 1 23266
253738 2529 6 20 253726 1 253724
73741 2890 5 100 73722 1 73718
371246 2527 7 10 371234 0 371227
25491 2147 4 125 24894 0 24880
35236 2048 4 100 34261 0 34253
94541 2890 5 100 94535 1 94534
13218 2968 3 25000 13203 1 13200
88695 2890 5 100 88686 1 88683
16281 2968 3 25000 16267 1 16265
65727 2890 5 100 65709 1 65706
1581354 2236 8 5 1580977 0 1580969
15032 2025 3 1000 14215 0 14206
20694 2455 4 250 20681 1 20679
66959 2020 5 25 66949 1 66947
13624 2228 3 2000 13612 1 13609
12561 2700 3 10000 12561 1 12552
62989 2890 5 100 62973 1 62968
274934 2527 7 10 274916 0 274907
54754 2455 5 50 54739 1 54736
15441 2025 3 1000 15425 1 15423
26558 2763 4 500 26545 1 26541
80498 2890 5 100 80081 0 80072
373485 2527 7 10 373480 1 373478
25657 2048 4 100 24885 0 24875
50752 2890 5 100 50738 1 50734
26646 2763 4 500 26632 1 26628
11076 2700 3 10000 9187 0 9176
289661 2527 7 10 289588 0 289579
42041 2048 4 100 42035 1 42032
47171 2455 4 250 46242 0 46231
10489 2700 3 10000 10478 1 10476
9327 2025 3 1000 9319 1 9318
23571 2048 4 100 23559 1 23555
58776 2890 5 100 58764 0 58756
9877 2025 3 1000 9867 0 9859
24181 2048 4 100 24166 1 24163
14118 2700 3 10000 14107 1 14105
56904 2890 5 100 56888 1 56885
60858 2455 5 50 60845 1 60843
14351 2431 3 4000 13508 0 13501
21315 2048 4 100 21305 1 21304
61460 2890 5 100 61246 0 61240
12776 2496 3 5000 12761 1 12759
33238 2048 4 100 31432 0 31425
22485 2455 4 250 22475 1 22472
11873 2228 3 2000 11070 0 11060
12026 2025 3 1000 11255 0 11245
12278 2025 3 1000 11358 0 11349
102635 2455 5 50 102627 1 102626
1847963 2774 9 5 1847942 1 1847940
12879 2700 3 10000 12865 1 12862
29518 2048 4 100 29501 1 29496
900724 2236 8 5 899566 0 899558
72660 2455 5 50 71550 0 71540
66918 2455 5 50 66094 0 66086
12623 2903 3 20000 12612 1 12609
65967 2890 5 100 65949 1 65945
81470 2455 5 50 80951 0 80939
11868 2025 3 1000 11862 1 11859
27551 2763 4 500 27327 0 27318
336447 2527 7 10 336239 0 336229
65622 2890 5 100 65609 1 65606
26410 2455 4 250 25557 0 25549
464060 2527 7 10 464045 1 464042
10196 2293 3 2500 9352 0 9347
8238 2700 3 10000 8225 1 8223
23817 2048 4 100 23810 1 23809
12125 2903 3 20000 12112 1 12110
27658 2048 4 100 27637 0 27627
366958 2527 7 10 366818 0 366807
22527 2048 4 100 22513 1 22511
12960 2025 3 1000 11471 0 11462
108713 2890 5 100 108699 1 108696
176153 2717 6 25 176139 1 176137
120383 2890 5 100 120375 1 120373
14776 2359 3 3125 13947 0 13939
20845 2048 4 100 20378 0 20367
9026 2700 3 10000 9014 1 9012
112963 2890 5 100 112948 1 112946
762405 2236 8 5 762392 1 762389
21766 2048 4 100 21748 0 21738
24138 2147 4 125 23689 0 23681
364716 2527 7 10 364703 0 364694
66244 2890 5 100 66232 1 66230
17792 2048 4 100 17781 1 17778
55293 2890 5 100 55279 1 55275
38377 2048 4 100 38363 1 38360
32841 2048 4 100 32827 1 32824
13880 2228 3 2000 13868 1 13866
79786 2890 5 100 79429 0 79422
