9809 2025 3 1000 9793 1 9790
9129 2025 3 1000 9122 1 9121
25985 2763 4 500 25973 1 25971
580183 2527 7 10 579198 0 579177
333907 2527 7 10 333102 0 333088
10617 2903 3 20000 10607 1 10604
11333 2700 3 10000 11316 1 11313
27386 2763 4 500 26305 0 26283
25350 2455 4 250 25395 0 24727
12070 2293 3 2500 12058 1 12055
110252 2890 5 100 110243 1 110241
405919 2527 7 10 405906 1 405903
2193147 2774 9 5 2191310 0 2191294
2959135 2774 9 5 2959124 1 2959122
63763 2890 5 100 63755 1 63753
24197 2356 4 200 24184 1 24181
10149 2700 3 10000 10144 1 10143
17702 2048 4 100 17756 1 17690
66466 2020 5 25 66458 1 66457
16134 2496 3 5000 16123 1 16120
12922 2765 3 12500 12910 1 12908
7230 2968 3 25000 7225 1 7225
51922 2763 4 500 51267 0 51257
35829 2048 4 100 35092 0 35078
26055 2763 4 500 25810 0 25794
119498 2455 5 50 119489 1 119487
16137 2228 3 2000 16129 1 16126
77281 2020 5 25 77270 0 77260
25142 2356 4 200 25130 1 25128
13003 2496 3 5000 12996 1 12994
17357 2496 3 5000 17343 1 17341
2190083 2774 9 5 2190073 0 2190061
94274 2020 5 25 94264 1 94262
35433 2048 4 100 34711 0 34702
63122 2455 5 50 63117 1 63116
9580 2025 3 1000 9571 1 9569
330269 2527 7 10 329531 0 329519
780772 2236 8 5 780464 0 780452
25441 2763 4 500 25431 0 25419
23190 2048 4 100 23181 1 23178
84883 2455 5 50 84874 1 84871
61809 2455 5 50 61799 1 61794
7081 2025 3 1000 7076 1 7076
21073 2455 4 250 21064 1 21063
31740 2048 4 100 31730 1 31727
324114 2527 7 10 324102 0 324093
5976 2293 3 2500 5967 1 5965
68366 2890 5 100 68352 0 68344
7693 2903 3 20000 7676 1 7673
6507 2496 3 5000 6499 1 6498
73913 2890 5 100 73165 0 73158
90087 2455 5 50 90077 1 90074
151114 2529 6 20 151100 1 151098
11787 2025 3 1000 11780 0 11766
129601 2717 6 25 129592 1 129589
92243 2890 5 100 92225 1 92220
109193 2890 5 100 109182 1 109180
9957 2025 3 1000 8961 0 8950
105781 2890 5 100 105049 0 105039
9628 2700 3 10000 9614 1 9611
762673 2527 7 10 762661 1 762658
40233 2025 3 1000 40226 1 40224
18932 2048 4 100 18921 1 18919
42574 2830 3 15625 42566 1 42565
33847 2147 4 125 33837 1 33835
42976 2763 4 500 42965 1 42963
264513 2020 5 25 115351 0 115335
77689 2455 5 50 76709 0 76701
57486 2455 4 250 56830 0 56822
54747 2048 4 100 54738 1 54735
11454 2496 3 5000 11445 1 11443
60933 2890 5 100 60921 1 60919
691320 2527 7 10 691309 1 691306
11210 2025 3 1000 11197 1 11195
187937 2717 6 25 187922 0 187915
21235 2048 4 100 21019 0 21011
12086 2025 3 1000 12075 1 12073
71050 2890 5 100 69967 0 69957
33000 2048 4 100 32033 0 32025
80385 2890 5 100 80423 0 80364
18146 2090 3 1250 17364 0 17355
367154 2527 7 10 367139 1 367135
14618 2228 3 2000 14606 1 14605
153524 2890 5 100 89501 0 89490
72845 2020 5 25 72610 0 72602
65166 2455 5 50 65154 1 65151
66005 2890 5 100 65994 1 65991
633523 2527 7 10 633514 1 633513
9615 2700 3 10000 9602 1 9601
81901 2455 5 50 81889 1 81886
34731 2455 4 250 34720 1 34718
24020 2048 4 100 23581 0 23576
34918 2048 4 100 34909 1 34907
19144 2048 4 100 19135 1 19134
14113 2496 3 5000 14101 1 14100
466435 2527 7 10 466422 1 466420
301129 2717 6 25 301122 1 301121
15983 2700 3 10000 15975 1 15974
25130 2048 4 100 25119 1 25117
316180 2527 7 10 316164 1 316161
70178 2890 5 100 70165 1 70163
2561542 2774 9 5 2561530 1 2561527
1649050 2774 9 5 1649038 1 1649035
140960 2717 6 25 140942 0 140934
343370 2527 7 10 343360 1 343357
1518462 2774 9 5 1518447 1 1518445
7278 2700 3 10000 7264 1 7263
310145 2527 7 10 310129 0 310124
34028 2048 4 100 34013 1 34010
19220 2763 4 500 19207 0 19199
14986 2025 3 1000 13706 0 13698
100648 2455 5 50 100637 1 100633
104237 2890 5 100 104222 1 104218
39907 2763 4 500 39896 1 39894
7773 2025 3 1000 7023 0 7014
14156 2496 3 5000 13265 0 13258
50706 2890 5 100 50693 1 50691
476734 2527 7 10 476725 1 476723
8911 2025 3 1000 8904 1 8903
31065 2048 4 100 31059 1 31059
9822 2700 3 10000 9811 1 9808
158522 2717 6 25 158457 0 158448
28449 2763 4 500 27281 0 27273
9130 2228 3 2000 9119 1 9117
9460 2903 3 20000 9449 1 9448
337525 2527 7 10 337509 0 337501
539209 2527 7 10 539196 1 539192
53580 2890 5 100 53567 1 53564
8041 2025 3 1000 7652 0 7645
30544 2048 4 100 30532 1 30531
21072 2048 4 100 20268 0 20263
479270 2527 7 10 479116 0 479109
10671 2700 3 10000 10660 1 10657
308913 2717 6 25 308860 1 308858
99175 2455 5 50 99167 1 99166
23446 2455 4 250 23436 1 23434
70647 2890 5 100 70630 1 70627
344123 2527 7 10 344113 1 344111
409975 2527 7 10 409966 1 409962
829547 2236 8 5 829532 1 829529
9291 2700 3 10000 9278 1 9276
70034 2020 5 25 70022 1 70019
66949 2455 5 50 66938 1 66935
77347 2890 5 100 77330 1 77327
8500 2830 3 15625 8490 1 8489
10590 2700 3 10000 10579 1 10577
15425 2968 3 25000 15411 1 15409
60623 2890 5 100 60613 1 60610
41006 2455 4 250 40763 0 40753
9915 2025 3 1000 9905 1 9902
29657 2048 4 100 27795 0 27788
286698 2717 6 25 286687 1 286684
77629 2890 5 100 77174 0 77168
8218 2025 3 1000 8205 1 8204
13180 2496 3 5000 12303 0 12296
68149 2890 5 100 68140 1 68137
307047 2527 7 10 306029 0 306017
272976 2527 7 10 272965 1 272962
32236 2763 4 500 32222 1 32219
389496 2527 7 10 389488 1 389487
30103 2048 4 100 30092 1 30089
9329 2090 3 1250 9319 1 9316
10335 2293 3 2500 10326 1 10325
11509 2228 3 2000 11502 1 11501
9430 2025 3 1000 8414 0 8405
156788 2717 6 25 156775 1 156772
13436 2700 3 10000 13417 1 13414
77509 2890 5 100 76659 0 76652
69399 2890 5 100 69386 1 69383
21557 2048 4 100 21541 1 21539
399538 2527 7 10 399525 1 399522
10897 2025 3 1000 10341 0 10330
20992 2048 4 100 20976 1 20974
43733 2048 4 100 43716 1 43714
60522 2890 5 100 60507 1 60504
13659 2025 3 1000 12819 0 12810
508318 2527 7 10 508309 1 508308
63654 2455 5 50 63431 0 63420
73754 2455 5 50 73741 1 73737
10889 2700 3 10000 10048 0 10039
462705 2527 7 10 462695 1 462693
1715614 2774 9 5 1715601 0 1715597
75189 2455 5 50 75176 1 75174
21092 2455 4 250 21083 1 21080
54911 2890 5 100 54895 0 54886
303122 2527 7 10 303115 1 303114
11494 2025 3 1000 10771 0 10764
73142 2020 5 25 73126 1 73123
281630 2527 7 10 281526 0 281521
86108 2890 5 100 86101 1 86098
61497 2020 5 25 61485 1 61482
778253 2236 8 5 778242 1 778240
34133 2763 4 500 34119 1 34117
70267 2890 5 100 70255 1 70252
10301 2968 3 25000 10289 1 10287
6099 2025 3 1000 6095 1 6093
11030 2700 3 10000 11020 1 11018
294098 2527 7 10 294085 1 294082
52107 2890 5 100 52097 1 52094
8579 2090 3 1250 8569 1 8568
6943 2700 3 10000 6931 1 6927
67210 2455 5 50 67196 1 67193
451161 2527 7 10 451152 1 451151
82464 2890 5 100 82452 1 82450
9608 2025 3 1000 9593 1 9590
25484 2048 4 100 25472 1 25469
500451 2527 7 10 500442 1 500440
11569 2496 3 5000 11549 1 11547
7153 2700 3 10000 7146 1 7143
16389 2763 4 500 16379 0 16373
331177 2527 7 10 331165 1 331163
38254 2455 5 50 37609 0 37599
54368 2020 5 25 54357 1 54354
289903 2527 7 10 289897 0 289890
20438 2763 4 500 20417 0 20413
1719882 2774 9 5 1719867 1 1719865
8933 2496 3 5000 8585 0 8576
263165 2527 7 10 263151 1 263149
250337 2527 7 10 250333 1 250332
9112 2496 3 5000 8464 0 8459
16988 2455 4 250 16978 1 16976
