13591 2968 3 25000 13583 1 13580
56153 2890 5 100 56146 1 56145
10015 2025 3 1000 10005 1 10003
59177 2890 5 100 59078 0 59068
2328155 2774 9 5 2328152 1 2328151
472347 2527 7 10 472337 1 472336
742112 2527 7 10 742098 1 742096
412002 2527 7 10 411994 1 411991
8190 2025 3 1000 7549 0 7541
10103 2700 3 10000 10089 1 10088
335296 2527 7 10 335287 1 335285
365342 2527 7 10 365338 1 365336
431412 2527 7 10 431401 1 431399
58939 2763 4 500 58931 1 58929
14374 2025 3 1000 12734 0 12713
8283 2700 3 10000 8279 1 8278
626785 2527 7 10 626073 0 626060
51409 2890 5 100 51401 1 51400
20070 2048 4 100 19763 0 19665
20335 2455 4 250 20326 1 20324
62334 2020 5 25 62323 1 62320
65411 2890 5 100 65406 1 65404
318583 2527 7 10 318577 0 318571
23871 2048 4 100 23229 0 23208
36704 2763 4 500 35930 0 35920
59144 2020 5 25 59029 0 59018
111100 2890 5 100 111090 1 111088
88722 2890 5 100 87715 0 87702
126702 2890 5 100 125999 0 125990
7612 2025 3 1000 7602 1 7600
714068 2527 7 10 714046 1 714043
8966 2431 3 4000 8957 1 8956
19990 2048 4 100 19983 1 19982
27133 2455 4 250 27125 1 27124
8190 2090 3 1250 8178 1 8176
73494 2020 5 25 73487 1 73484
23944 2356 4 200 23933 1 23930
10452 2025 3 1000 10442 1 10440
24968 2048 4 100 24957 1 24955
68935 2890 5 100 65515 0 65507
7923 2562 3 6250 7916 1 7914
48410 2455 5 50 48398 1 48395
75594 2890 5 100 74827 0 74817
15412 2700 3 10000 15402 1 15399
75898 2020 5 25 75893 1 75892
33561 2048 4 100 33549 1 33547
27434 2763 4 500 26301 0 26287
9287 2025 3 1000 9281 1 9279
2414049 2774 9 5 2414040 0 2414032
9477 2025 3 1000 9377 0 9368
42804 2862 4 625 41850 0 41842
13860 2700 3 10000 12994 0 12986
47576 2664 4 400 47564 1 47562
22324 2293 3 2500 21601 0 21595
8026 2025 3 1000 8015 1 8013
10241 2968 3 25000 9241 0 9231
73034 2890 5 100 73022 0 73016
351381 2527 7 10 350970 0 350966
46181 2763 4 500 46173 1 46170
384129 2527 7 10 384103 0 384097
80374 2890 5 100 80362 1 80359
82253 2890 5 100 81183 0 81172
138430 2717 6 25 138418 1 138415
476706 2527 7 10 476694 1 476691
56410 2890 5 100 56397 1 56396
68839 2890 5 100 67955 0 67946
11919 2830 3 15625 11909 1 11906
22004 2147 4 125 21994 1 21991
53871 2455 5 50 53856 1 53853
1066697 2527 7 10 924516 0 924504
23280 2048 4 100 23235 1 23234
56458 2455 5 50 56447 1 56445
49321 2048 4 100 49305 1 49303
9618 2496 3 5000 9606 1 9603
11403 2968 3 25000 11391 1 11389
33588 2048 4 100 32727 0 32718
10281 2025 3 1000 9903 0 9896
643543 2527 7 10 607264 0 607252
20998 2763 4 500 20985 1 20982
78819 2890 5 100 78804 0 78797
130610 2890 5 100 130595 1 130592
32816 2048 4 100 32805 1 32803
1342387 2236 8 5 1342375 1 1342372
839116 2236 8 5 839103 1 839100
9278 2765 3 12500 9268 1 9266
314835 2527 7 10 314362 0 314351
68449 2890 5 100 68435 0 68427
313253 2527 7 10 313244 1 313242
7333 2228 3 2000 7114 0 7110
7011 2228 3 2000 6989 1 6986
89846 2890 5 100 89832 1 89830
334873 2717 6 25 334173 0 334166
9381 2700 3 10000 8401 0 8388
62572 2890 5 100 61590 0 61583
72510 2890 5 100 71676 0 71664
9295 2700 3 10000 9055 1 9054
291719 2527 7 10 291710 1 291709
24966 2455 4 250 24959 1 24957
101606 2890 5 100 101593 1 101591
54535 2890 5 100 54518 1 54515
25338 2048 4 100 25325 1 25322
10226 2968 3 25000 10209 1 10205
24594 2147 4 125 23571 0 23564
7303 2025 3 1000 7113 0 7110
12548 2700 3 10000 12534 1 12532
28745 2048 4 100 28731 1 28728
85489 2890 5 100 85480 1 85477
13273 2496 3 5000 13261 1 13258
22629 2455 4 250 22616 1 22614
82076 2890 5 100 82064 1 82061
388359 2527 7 10 387294 0 387285
11177 2562 3 6250 11167 1 11164
28530 2048 4 100 28509 1 28506
92598 2890 5 100 92587 1 92585
13456 2025 3 1000 13443 1 13441
7717 2700 3 10000 7331 0 7323
67787 2890 5 100 67103 0 67095
897864 2236 8 5 896970 0 896964
67947 2455 5 50 67933 1 67928
12268 2025 3 1000 12256 1 12253
13928 2496 3 5000 13055 0 13045
1592839 2774 9 5 1592799 0 1592790
42146 2455 4 250 41125 0 41116
27827 2048 4 100 27815 1 27813
15303 2700 3 10000 15291 1 15289
64681 2455 5 50 63856 0 63842
27556 2048 4 100 27542 1 27541
73312 2890 5 100 73301 1 73298
112645 2890 5 100 112640 1 112639
383077 2527 7 10 383063 1 383061
32445 2048 4 100 32430 1 32427
9472 2025 3 1000 9457 1 9454
18331 2700 3 10000 16626 0 16614
16296 2765 3 12500 16283 1 16282
28449 2048 4 100 28436 1 28434
63249 2890 5 100 63230 0 63224
22422 2048 4 100 21044 0 21038
1318886 2236 8 5 1317770 0 1317763
78489 2890 5 100 77680 0 77672
11396 2293 3 2500 11382 1 11379
123801 2455 5 50 123788 1 123784
24819 2048 4 100 24805 1 24802
402712 2527 7 10 401815 0 401806
68726 2455 5 50 68717 1 68714
359112 2527 7 10 359093 0 359084
11233 2025 3 1000 11225 1 11225
120262 2048 4 100 25840 0 25824
9569 2025 3 1000 9564 1 9563
333459 2717 6 25 332599 0 332588
101975 2020 5 25 101958 1 101955
282567 2527 7 10 282558 0 282552
731847 2236 8 5 731028 0 731024
66704 2890 5 100 66668 0 66663
1955699 2774 9 5 1955689 1 1955688
366216 2527 7 10 366205 1 366202
24367 2147 4 125 23332 0 23326
70477 2890 5 100 69702 0 69694
66189 2890 5 100 66176 1 66173
12890 2903 3 20000 12879 1 12875
548387 2527 7 10 548375 1 548373
52239 2890 5 100 52227 1 52225
7433 2700 3 10000 7416 1 7414
7121 2700 3 10000 7109 1 7105
327902 2527 7 10 327897 1 327896
294488 2527 7 10 294190 0 294184
457581 2527 7 10 457576 1 457576
11445 2293 3 2500 10753 0 10750
34110 2048 4 100 34098 1 34095
881410 2236 8 5 881403 1 881401
22070 2048 4 100 22064 1 22062
23716 2147 4 125 23705 1 23703
24638 2048 4 100 24625 1 24623
523689 2527 7 10 522946 0 522937
316984 2527 7 10 316973 1 316972
58682 2455 5 50 58671 1 58669
1517160 2236 8 5 1517149 1 1517146
63687 2890 5 100 63672 1 63669
7966 2968 3 25000 7961 1 7961
11468 2700 3 10000 10819 0 10813
255235 2527 7 10 255224 1 255222
23067 2048 4 100 22097 0 22090
60048 2890 5 100 60040 1 60038
6610 2700 3 10000 6602 1 6601
8780 2496 3 5000 8775 1 8775
54857 2455 5 50 54843 1 54840
47105 2890 5 100 47089 1 47086
9047 2228 3 2000 8409 0 8405
1592998 2774 9 5 1592982 0 1592975
17300 2048 4 100 17282 1 17278
8537 2496 3 5000 8337 0 8330
30964 2048 4 100 30362 0 30355
8217 2025 3 1000 8208 1 8205
50935 2455 5 50 50917 1 50915
25582 2763 4 500 25575 1 25575
47628 2455 5 50 47612 0 47603
60410 2455 5 50 60397 1 60395
213016 2717 6 25 212429 0 212424
235771 2527 7 10 235761 1 235759
39506 2455 5 50 39496 1 39495
223305 2527 7 10 223296 0 223292
20436 2048 4 100 20420 1 20417
6538 2700 3 10000 6529 1 6527
4755 2968 3 25000 4750 1 4750
48163 2890 5 100 48154 1 48153
6226 2968 3 25000 6216 1 6213
