15331 3440 3 125000 15323 1 15321
46614 3072 4 1000 45485 0 45477
72586 3479 4 2500 71819 0 71807
8580 3375 3 100000 8569 1 8566
122176 3900 5 500 122164 1 122162
949974 3200 8 10 949577 0 949569
2515688 3969 9 10 2514899 0 2514891
373026 3287 7 20 371081 0 371072
1238892 3200 8 10 1238885 1 1238883
736537 3200 8 10 736527 0 736517
1683954 3969 9 10 1683940 1 1683938
287414 3302 6 50 287390 1 287388
25342 3072 4 1000 25297 1 25295
29956 3787 4 5000 29129 0 29117
153731 3302 6 50 151732 0 151723
144754 3888 6 100 144511 0 144503
30807 3479 4 2500 30795 1 30792
9249 3375 3 100000 8445 0 8437
31203 3171 4 1250 31188 1 31185
397861 3532 7 25 397288 0 397282
34178 3072 4 1000 34170 1 34169
7182 3440 3 125000 7176 1 7175
141489 3888 6 100 141477 1 141475
123862 3324 5 200 123850 1 123848
2288976 3969 9 10 2200178 0 2200170
261527 3888 6 100 261520 1 261517
305370 3532 7 25 305355 1 305351
306967 3888 6 100 306954 1 306950
148388 3888 6 100 148363 0 148354
14385 3578 3 200000 13481 0 13472
30401 3380 4 2000 30392 0 30379
10637 3375 3 100000 9780 0 9762
23094 3479 4 2500 23081 1 23079
238273 3888 6 100 238260 1 238256
94471 3324 5 200 94459 1 94456
21712 3072 4 1000 21704 1 21702
1754347 3969 9 10 1754335 0 1754328
24593 3787 4 5000 24575 1 24573
253534 3302 6 50 252436 0 252428
12537 3440 3 125000 11796 0 11788
26552 3380 4 2000 26537 1 26533
62510 3900 5 500 62504 1 62503
757246 3200 8 10 757235 0 757225
658872 3200 8 10 658855 1 658853
414145 3287 7 20 413398 0 413390
266845 3888 6 100 266141 0 266133
6371 3375 3 100000 6366 1 6365
230111 3302 6 50 230100 1 230097
135567 3888 6 100 135554 1 135553
126425 3888 6 100 126412 1 126410
1876302 3969 9 10 1876289 1 1876287
592805 3200 8 10 592796 1 592794
64085 3324 5 200 63906 0 63899
27350 3072 4 1000 27339 1 27337
19757 3072 4 1000 19747 1 19745
16746 3787 4 5000 16736 1 16734
7147 3375 3 100000 7137 1 7136
7895 3171 3 50000 7889 1 7889
228169 3888 6 100 228158 1 228156
3286156 3383 10 5 3285602 0 3285597
8812 3375 3 100000 8106 0 8100
89577 3302 6 50 89568 1 89566
9016 3846 3 500000 9002 1 9001
73606 3888 6 100 73598 1 73596
178599 3287 7 20 178592 1 178591
5721 3171 3 50000 5717 1 5717
102814 3888 6 100 102807 1 102805
20015 3072 4 1000 20006 1 20005
7068 3440 3 125000 7065 1 7064
15216 3072 4 1000 15208 1 15206
82862 3888 6 100 82849 1 82847
16185 3688 4 4000 16178 1 16176
16030 3072 4 1000 16023 1 16022
13646 3072 4 1000 13638 1 13636
458806 3200 8 10 458799 1 458798
33325 3900 5 500 33315 1 33314
8236 3578 3 200000 8228 1 8226
179119 3888 6 100 179111 1 179110
92642 3888 6 100 92094 0 92089
1130590 3969 9 10 1130092 0 1130086
14835 3072 4 1000 14820 1 14819
122085 3888 6 100 122077 1 122076
11021 3440 3 125000 11014 1 11012
6503 3375 3 100000 6499 1 6498
14115 3072 4 1000 14107 1 14106
15277 3072 4 1000 15268 1 15266
22500 3072 4 1000 21919 0 21913
18950 3072 4 1000 18938 1 18937
18695 3479 4 2500 18392 0 18386
39689 3900 5 500 39368 0 39364
87627 3888 6 100 87618 1 87616
17076 3787 4 5000 16506 0 16501
1165296 3969 9 10 1165289 1 1165286
131837 3888 6 100 131827 1 131825
13745 3072 4 1000 13733 1 13731
18465 3072 4 1000 18457 1 18456
442359 3200 8 10 441766 0 441760
5396 3375 3 100000 5392 1 5392
141013 3888 6 100 141004 1 141003
40818 3465 5 250 40811 1 40810
149285 3888 6 100 148744 0 148738
87606 3888 6 100 87598 1 87597
12559 3072 4 1000 12555 1 12555
5596 3375 3 100000 5593 1 5593
1154131 3969 9 10 1117556 0 1117547
71326 3888 6 100 71318 1 71317
6708 3375 3 100000 6706 1 6706
97851 3888 6 100 97843 1 97841
7901 3781 3 400000 7895 1 7893
6883 3375 3 100000 6340 0 6336
15649 3072 4 1000 15642 1 15642
18977 3072 4 1000 18425 0 18420
7506 3375 3 100000 7497 1 7495
2463402 3383 10 5 2463395 1 2463393
204031 3532 7 25 204025 1 204023
6046 3375 3 100000 6043 1 6042
173044 3888 6 100 173034 1 173033
1832917 3969 9 10 1832909 1 1832908
14333 3479 4 2500 14327 1 14325
64966 3465 5 250 64958 1 64956
19495 3072 4 1000 19486 1 19485
18365 3072 4 1000 18351 1 18350
1516945 3969 9 10 1516936 1 1516935
51670 3900 5 500 51068 0 51062
6434 3375 3 100000 6429 1 6428
125457 3888 6 100 125450 1 125448
62562 3900 5 500 61922 0 61916
159933 3888 6 100 159926 1 159925
16234 3072 4 1000 16224 1 16223
36022 3900 5 500 36014 1 36012
1382365 3969 9 10 1381784 0 1381779
20070 3072 4 1000 19121 0 19114
557872 3200 8 10 557863 1 557862
94865 3888 6 100 94294 0 94288
7188 3375 3 100000 7185 1 7185
8860 3578 3 200000 8853 1 8851
521075 3200 8 10 521067 1 521066
944210 3969 9 10 944195 0 944189
2808374 3383 10 5 2808365 1 2808364
5955 3375 3 100000 5943 1 5941
39957 3900 5 500 39638 0 39633
155185 3302 6 50 155178 1 155177
95179 3888 6 100 95170 0 95165
13424 3787 4 5000 13111 0 13106
5910 3846 3 500000 5903 1 5902
34018 3072 4 1000 13220 0 13214
8304 3375 3 100000 7748 0 7744
14605 3072 4 1000 14599 1 14598
1276773 3969 9 10 1276763 1 1276758
1060344 3969 9 10 1060334 0 1060329
434741 3200 8 10 434733 1 434732
14570 3072 4 1000 14035 0 14031
96456 3888 6 100 95634 0 95628
5324 3171 3 50000 5321 1 5320
17252 3072 4 1000 17245 1 17244
15793 3787 4 5000 15787 1 15786
136783 3888 6 100 136293 0 136289
456653 3200 8 10 456366 0 456361
111267 3888 6 100 110997 0 110992
13384 3072 4 1000 13377 1 13376
6962 3375 3 100000 6965 1 6954
715140 3200 8 10 715135 1 715134
19899 3072 4 1000 19892 1 19890
33316 3900 5 500 33308 1 33307
861223 3969 9 10 861216 1 861215
567562 3200 8 10 567405 0 567401
14537 3787 4 5000 14038 0 14034
96753 3888 6 100 96747 1 96746
74655 3888 6 100 74647 1 74646
36721 3465 5 250 36714 1 36713
587856 3200 8 10 586898 0 586894
2321915 3383 10 5 2321905 0 2321901
31205 3900 5 500 31198 1 31196
65529 3888 6 100 65518 0 65514
448978 3200 8 10 448969 0 448965
76818 3888 6 100 76057 0 76053
267240 3287 7 20 267232 1 267230
14134 3072 4 1000 13598 0 13593
4708 3912 3 625000 4706 1 4706
12101 3072 4 1000 12095 1 12094
87226 3888 6 100 87219 1 87217
13935 3072 4 1000 13927 1 13925
32916 3900 5 500 32911 1 32910
4745 3846 3 500000 4742 1 4742
1065598 3969 9 10 1065457 0 1065453
13813 3072 4 1000 13806 1 13805
4910 3171 3 50000 5813 1 4905
436555 3200 8 10 436548 1 436546
593850 3200 8 10 593844 1 593843
584364 3200 8 10 584358 1 584357
15450 3787 4 5000 15445 1 15444
75028 3888 6 100 74949 0 74944
9965 3072 4 1000 9960 1 9959
5943 3375 3 100000 5938 1 5936
589468 3200 8 10 589462 1 589461
4081 3375 3 100000 4079 1 4079
5287 3643 3 250000 5282 1 5281
17841 3886 4 6250 17836 1 17835
62876 3888 6 100 62871 1 62871
580309 3200 8 10 580301 1 580300
7586 3171 3 50000 7580 1 7579
40686 3900 5 500 40420 0 40416
886057 3969 9 10 886051 1 886050
11356 3072 4 1000 11352 1 11351
31616 3900 5 500 31146 0 31142
69756 3888 6 100 69611 0 69607
7440 3578 3 200000 7435 1 7433
13959 3072 4 1000 13950 1 13949
6205 3375 3 100000 6201 1 6201
11999 3072 4 1000 11994 1 11993
67558 3888 6 100 67552 1 67551
6538 3375 3 100000 6533 1 6532
44214 3900 5 500 44207 1 44206
12373 3072 4 1000 12361 1 12360
464394 3200 8 10 464389 1 464388
603945 3200 8 10 603939 1 603938
105362 3888 6 100 105356 1 105355
32320 3900 5 500 32315 1 32314
397308 3200 8 10 397302 1 397298
1053456 3969 9 10 1053450 1 1053449
