92006 3324 5 200 91108 0 91096
200929 3888 6 100 200917 1 200915
219151 3888 6 100 219139 1 219137
860014 3200 8 10 860010 1 860007
11632 3375 3 100000 11159 0 11149
50189 3324 5 200 49380 0 49371
322523 3888 6 100 322511 1 322509
34667 3380 4 2000 34649 1 34647
192453 3302 6 50 192446 0 192434
153666 3888 6 100 153661 1 153660
53501 3030 5 125 53491 1 53490
3319835 3969 9 10 3319814 1 3319809
87560 3900 5 500 86553 0 86543
24388 3072 4 1000 24184 0 24174
11785 3171 3 50000 11776 1 11774
133188 3888 6 100 133168 0 133157
681945 3200 8 10 681932 1 681929
726585 3200 8 10 726576 1 726574
7807 3846 3 500000 7795 1 7792
110541 3888 6 100 110523 1 110520
2791443 3969 9 10 2791228 0 2791217
386034 3532 7 25 385125 0 385116
38138 3787 4 5000 38125 1 38124
2941640 3969 9 10 2941625 1 2941623
11731 3912 3 625000 11054 0 11046
162029 3888 6 100 162015 0 162008
34802 3072 4 1000 33807 0 33798
25008 3072 4 1000 24994 1 24990
10968 3375 3 100000 10966 1 10965
60121 3900 5 500 59401 0 59393
9577 3505 3 156250 8905 0 8897
24559 3072 4 1000 24543 1 24541
12069 3171 3 50000 12058 1 12056
254402 3888 6 100 254393 1 254390
710841 3200 8 10 710827 1 710824
22806 3072 4 1000 22794 1 22792
12887 3846 3 500000 12874 1 12872
27719 3072 4 1000 27713 1 27712
143179 3888 6 100 143172 1 143170
59387 3900 5 500 59376 1 59375
1576165 3969 9 10 1576155 1 1576151
25452 3072 4 1000 25440 1 25437
559483 3200 8 10 559474 1 559464
110653 3888 6 100 110646 1 110645
579083 3200 8 10 579046 0 579038
488247 3200 8 10 488237 1 488234
18212 3787 4 5000 18200 1 18197
1860619 3969 9 10 1860606 1 1860604
31854 3072 4 1000 31845 1 31843
9906 3643 3 250000 9897 1 9895
1076483 3969 9 10 1075878 0 1075872
177626 3888 6 100 177615 1 177614
83806 3888 6 100 83254 0 83249
17353 3072 4 1000 17346 1 17344
77165 3888 6 100 76865 0 76859
22415 3787 4 5000 22413 1 22411
479519 3200 8 10 479510 1 479509
20573 3072 4 1000 20561 1 20559
161513 3888 6 100 161509 1 161509
44982 3900 5 500 44431 0 44426
103361 3888 6 100 103353 1 103352
8158 3846 3 500000 8155 1 8155
97646 3888 6 100 97639 1 97637
75029 3888 6 100 75021 1 75020
97224 3888 6 100 97216 1 97215
15131 3072 4 1000 15125 1 15124
647292 3200 8 10 646751 0 646746
15308 3072 4 1000 15300 1 15299
16546 3072 4 1000 16249 0 16246
1620639 3969 9 10 1620631 1 1620629
167677 3888 6 100 167130 0 167125
892504 3200 8 10 892496 1 892495
7010 3171 3 50000 6463 0 6459
9838 3237 3 62500 9829 1 9827
1118431 3969 9 10 1118190 0 1118185
2547195 3383 10 5 2547185 1 2547184
7104 3375 3 100000 7094 1 7092
82084 3888 6 100 82077 1 82076
19222 3072 4 1000 19213 0 19206
21599 3072 4 1000 21038 0 21034
7970 3846 3 500000 7397 0 7397
17379 3072 4 1000 17371 1 17369
15554 3072 4 1000 14827 0 14821
1096998 3969 9 10 1096991 1 1096989
98547 3302 6 50 98237 0 98231
1313016 3969 9 10 1313006 1 1313003
14469 3072 4 1000 14462 1 14461
17727 3072 4 1000 17717 1 17716
20817 3072 4 1000 20807 1 20805
571980 3200 8 10 571383 0 571376
91600 3888 6 100 91581 0 91576
157183 3888 6 100 157172 1 157169
91357 3888 6 100 91028 0 91023
26876 3479 4 2500 26867 1 26864
420574 3200 8 10 420566 1 420565
499794 3200 8 10 499785 1 499783
1062083 3969 9 10 1062074 1 1062072
17217 3787 4 5000 17206 1 17204
96050 3888 6 100 95736 0 95728
1257453 3969 9 10 1257443 0 1257437
8620 3846 3 500000 8611 1 8610
6305 3375 3 100000 5755 0 5752
12876 3072 4 1000 12868 1 12867
6239 3846 3 500000 6236 1 6236
1663843 3969 9 10 1663833 0 1663828
80412 3888 6 100 80404 1 80403
1169704 3969 9 10 1168433 0 1168427
22471 3072 4 1000 22462 1 22461
8470 3846 3 500000 7902 0 7897
19459 3072 4 1000 18877 0 18872
8180 3171 3 50000 8176 1 8174
87984 3888 6 100 87977 1 87975
1294556 3969 9 10 1294546 1 1294545
7393 3171 3 50000 7385 1 7384
7601 3375 3 100000 7049 0 7044
86208 3888 6 100 86052 0 86048
1332086 3969 9 10 1332077 1 1332076
109541 3888 6 100 109532 1 109530
100717 3302 6 50 100703 1 100702
34274 3900 5 500 29804 0 29792
181241 3888 6 100 180645 0 180640
85774 3888 6 100 85764 0 85758
73302 3888 6 100 73287 0 73281
172776 3888 6 100 172768 1 172767
6321 3375 3 100000 6313 1 6310
483805 3200 8 10 483797 1 483795
419913 3200 8 10 419905 1 419903
99401 3888 6 100 99393 1 99391
395507 3200 8 10 395350 0 395344
43138 3465 5 250 43133 1 43133
878380 3969 9 10 878374 1 878373
128291 3302 6 50 127782 0 127777
4044396 3383 10 5 4044389 1 4044388
5138 3375 3 100000 5135 1 5135
1435704 3969 9 10 1435697 1 1435695
636189 3200 8 10 636181 1 636180
140637 3888 6 100 140630 1 140628
39319 3900 5 500 39311 1 39310
20187 3479 4 2500 20181 1 20180
133988 3302 6 50 133984 1 133984
12519 3072 4 1000 12515 1 12515
922368 3969 9 10 919083 0 919079
4445 3375 3 100000 4443 1 4443
108549 3888 6 100 108543 1 108542
40999 3900 5 500 40991 1 40989
14138 3072 4 1000 14133 1 14132
39233 3324 5 200 39226 1 39225
75712 3888 6 100 75207 0 75203
554224 3200 8 10 553712 0 553706
17562 3072 4 1000 17023 0 17018
37417 3030 5 125 37410 1 37408
16540 3479 4 2500 16533 1 16532
1095365 3969 9 10 1095357 1 1095356
353008 3200 8 10 353002 1 353001
79131 3888 6 100 79124 1 79123
418513 3200 8 10 418507 1 418506
80331 3302 6 50 80324 1 80323
7175 3309 3 80000 6477 0 6471
85388 3888 6 100 85383 1 85382
13437 3072 4 1000 13431 1 13430
5501 3375 3 100000 5497 1 5497
73410 3888 6 100 73404 1 73403
14241 3787 4 5000 14237 1 14236
13694 3072 4 1000 13688 1 13687
64817 3888 6 100 64102 0 64098
11237 3072 4 1000 11231 1 11230
18105 3072 4 1000 17621 0 17615
39756 3900 5 500 39750 1 39749
4510 3375 3 100000 4508 1 4508
4547 3237 3 62500 4544 1 4544
11462 3072 4 1000 11456 1 11455
6806 3171 3 50000 6335 0 6332
1238261 3969 9 10 1237782 0 1237778
38554 3465 5 250 38545 1 38544
18907 3072 4 1000 18901 1 18900
126104 3888 6 100 126096 1 126096
764295 3969 9 10 764290 1 764289
68568 3888 6 100 68080 0 68077
30205 3030 5 125 30198 1 30196
4781 3171 3 50000 4779 1 4779
4736 3375 3 100000 4734 1 4734
13316 3072 4 1000 13311 1 13310
73793 3888 6 100 73786 1 73785
74077 3302 6 50 74073 1 74071
65183 3888 6 100 63188 0 63184
700618 3200 8 10 700157 0 700154
12919 3787 4 5000 12663 0 12661
16645 3072 4 1000 16641 1 16640
1002673 3969 9 10 1002540 0 1002537
114888 3888 6 100 114883 1 114883
997107 3969 9 10 997102 1 997102
9537 3072 4 1000 9527 1 9526
115127 3888 6 100 114664 0 114660
19075 3787 4 5000 18578 0 18571
191811 3532 7 25 191075 0 191072
11079 3072 4 1000 11074 1 11073
38971 3900 5 500 38965 0 38962
1171917 3969 9 10 1171792 0 1171788
396300 3200 8 10 396295 1 396295
1036440 3969 9 10 1035965 0 1035959
1242555 3969 9 10 1242101 0 1242098
347206 3200 8 10 346747 0 346743
5869 3375 3 100000 5416 0 5415
