85253 3465 5 250 85237 1 85234
32140 3846 3 500000 32099 1 32096
67166 3465 5 250 67151 1 67147
36652 3171 3 50000 36645 1 36642
14050 3375 3 100000 14042 1 14040
106143 3030 5 125 106131 1 106127
7694 3375 3 100000 7686 1 7684
37193 3072 4 1000 37184 1 37181
34166 3072 4 1000 33247 0 33239
194822 3888 6 100 194801 0 194794
294581 3302 6 50 294568 1 294564
634329 3200 8 10 634317 1 634315
1047077 3200 8 10 1047062 1 1047058
24595 3479 4 2500 24578 1 24575
69120 3900 5 500 69109 1 69106
13539 3375 3 100000 12753 0 12745
38243 3479 4 2500 38227 1 38224
299179 3888 6 100 299171 1 299168
45976 3072 4 1000 45472 1 45471
173132 3888 6 100 172678 0 172673
1428253 3200 8 10 1428246 1 1428243
33218 3072 4 1000 33211 1 33211
239208 3888 6 100 239198 1 239195
747179 3200 8 10 747160 0 747153
279316 3888 6 100 279310 1 279310
84614 3465 5 250 83818 0 83810
20488 3072 4 1000 20481 1 20479
7657 3440 3 125000 7646 1 7645
10347 3171 3 50000 10318 1 10315
22719 3072 4 1000 22704 1 22701
27533 3787 4 5000 27524 1 27523
4579835 3383 10 5 4579823 0 4579810
24113 3072 4 1000 24095 0 24087
175316 3888 6 100 175308 1 175306
13836 3375 3 100000 13828 1 13826
150137 3888 6 100 150124 1 150120
121010 3888 6 100 120998 1 120996
73455 3900 5 500 73442 1 73440
31478 3787 4 5000 30573 0 30563
367951 3532 7 25 366389 0 366380
23196 3072 4 1000 22257 0 22247
32974 3072 4 1000 32957 1 32953
219768 3888 6 100 219761 0 219755
31588 3787 4 5000 31176 0 31165
143902 3888 6 100 143890 1 143888
26787 3787 4 5000 26775 1 26773
25516 3072 4 1000 24840 0 24835
26334 3072 4 1000 26322 1 26319
11215 3846 3 500000 11208 1 11207
9098 3171 3 50000 9092 1 9091
21419 3072 4 1000 21407 1 21406
60741 3900 5 500 60736 1 60734
14423 3846 3 500000 14412 1 14408
12573 3578 3 200000 12560 1 12557
137220 3888 6 100 137207 1 137204
23397 3787 4 5000 23380 0 23371
20645 3787 4 5000 20172 0 20164
104105 3375 3 100000 14110 0 14101
132200 3302 6 50 132190 0 132182
8690 3375 3 100000 8674 1 8672
136308 3888 6 100 136283 0 136273
25766 3479 4 2500 25761 1 25759
756473 3200 8 10 756144 0 756135
141379 3302 6 50 141371 1 141369
142915 3888 6 100 142895 0 142886
9024 3302 3 78125 9017 1 9017
139067 3888 6 100 139060 1 139059
830044 3200 8 10 830032 1 830031
72046 3465 5 250 72034 1 72031
187065 3888 6 100 187029 0 187023
28299 3072 4 1000 28287 1 28284
75433 3030 5 125 75419 1 75415
32222 3072 4 1000 31448 0 31438
25659 3072 4 1000 25645 1 25642
147907 3888 6 100 147882 0 147877
65671 3465 5 250 64868 0 64858
14759 3171 3 50000 14743 1 14741
9048 3846 3 500000 9042 1 9041
20123 3787 4 5000 20108 1 20105
11304 3375 3 100000 11294 1 11291
25258 3479 4 2500 23743 0 23737
87453 3465 5 250 87437 1 87433
60491 3465 5 250 60074 0 60065
8908 3846 3 500000 8896 1 8894
10731 3171 3 50000 9934 0 9928
10193 3171 3 50000 9772 0 9764
39063 3886 4 6250 38373 0 38366
218926 3888 6 100 218113 0 218108
23125 3171 4 1250 23116 1 23115
58873 3900 5 500 58863 1 58861
27137 3787 4 5000 27124 1 27121
10385 3578 3 200000 10370 1 10368
65076 3465 5 250 65050 1 65048
60526 3900 5 500 60518 1 60517
32744 3787 4 5000 32731 1 32729
836249 3200 8 10 836236 1 836233
139860 3302 6 50 139854 1 139853
10684 3034 3 31250 10669 1 10664
12433 3846 3 500000 11733 0 11726
1043852 3200 8 10 1043837 1 1043835
834718 3200 8 10 834706 1 834704
1134560 3200 8 10 1134548 1 1134545
19930 3072 4 1000 19917 1 19915
25593 3072 4 1000 25579 0 25571
19047 3787 4 5000 19033 1 19031
2230391 3969 9 10 2230380 1 2230377
8895 3375 3 100000 8885 1 8882
18414 3072 4 1000 18404 1 18402
241754 3888 6 100 241742 1 241739
180730 3888 6 100 180718 1 180716
105043 3888 6 100 104391 0 104385
21969 3787 4 5000 21956 1 21954
44443 3030 5 125 44435 1 44432
543500 3200 8 10 543490 1 543489
1078090 3969 9 10 1054502 0 1054497
99856 3888 6 100 99847 1 99846
233031 3532 7 25 233022 1 233020
15143 3787 4 5000 15130 1 15128
17816 3072 4 1000 17807 1 17806
17833 3072 4 1000 17658 0 17652
1517832 3969 9 10 1517827 1 1517826
97229 3888 6 100 97222 1 97220
13260 3072 4 1000 12696 0 12691
1306242 3969 9 10 1306237 1 1306236
5874 3171 3 50000 5869 1 5869
99343 3888 6 100 99336 1 99334
40020 3900 5 500 40007 1 40004
20419 3072 4 1000 19864 0 19860
99319 3888 6 100 99311 1 99310
177027 3888 6 100 177020 1 177018
116966 3888 6 100 116961 0 116956
6518 3846 3 500000 6513 1 6513
666811 3200 8 10 665976 0 665970
111664 3888 6 100 111085 0 111079
14615 3072 4 1000 14604 1 14602
1907819 3383 10 5 1907731 0 1907724
96299 3888 6 100 96291 1 96289
83393 3888 6 100 83386 1 83385
14252 3072 4 1000 14243 1 14242
8258 3375 3 100000 8248 1 8247
1054754 3969 9 10 1054746 0 1054741
16435 3072 4 1000 16429 1 16427
7338 3375 3 100000 6451 0 6445
95783 3888 6 100 95775 1 95774
15849 3072 4 1000 15841 1 15840
41835 3465 5 250 41242 0 41237
20185 3787 4 5000 20177 1 20176
515221 3200 8 10 515212 1 515210
5703 3375 3 100000 5691 1 5690
455869 3200 8 10 455861 1 455860
13405 3787 4 5000 13396 1 13395
519396 3200 8 10 518538 0 518533
7915 3846 3 500000 7243 0 7237
85409 3888 6 100 85352 0 85347
5831 3375 3 100000 5829 1 5829
20695 3380 4 2000 20151 0 20147
14276 3072 4 1000 14266 1 14265
15135 3479 4 2500 15127 1 15125
19962 3479 4 2500 19954 1 19952
15927 3072 4 1000 15920 1 15918
177904 3888 6 100 177041 0 177032
6324 3309 3 80000 6319 1 6318
1036393 3969 9 10 1036385 1 1036384
88499 3888 6 100 88491 1 88489
6323 3171 3 50000 6316 1 6315
7502 3578 3 200000 6966 0 6963
113472 3888 6 100 112926 0 112920
5008 3106 3 40000 5004 1 5004
96052 3888 6 100 95884 0 95879
17393 3072 4 1000 17389 1 17388
20434 3787 4 5000 19883 0 19876
237493 3287 7 20 237485 1 237484
98566 3302 6 50 98559 1 98557
164105 3888 6 100 164096 1 164094
93617 3888 6 100 93608 1 93607
1669807 3969 9 10 1669798 1 1669796
23704 3072 4 1000 23132 0 23127
1809008 3969 9 10 1808999 1 1808997
6648 3171 3 50000 6640 1 6639
79389 3302 6 50 79382 1 79381
58184 3465 5 250 58174 1 58173
54185 3900 5 500 54176 1 54175
99761 3302 6 50 96165 0 96158
1150851 3969 9 10 1150843 1 1150841
16735 3072 4 1000 16727 1 16725
19296 3787 4 5000 19287 1 19286
474699 3200 8 10 474691 1 474690
91701 3888 6 100 91602 0 91596
178115 3302 6 50 178106 1 178105
164306 3888 6 100 164297 1 164295
48636 3465 5 250 48628 1 48627
17729 3072 4 1000 17426 0 17421
11473 3072 4 1000 11458 1 11457
19536 3072 4 1000 18943 0 18938
91993 3888 6 100 91976 0 91968
6450 3237 3 62500 6443 1 6441
2593892 3383 10 5 2593803 0 2593797
5546 3375 3 100000 5537 1 5535
1080029 3969 9 10 1080020 1 1080019
18982 3787 4 5000 18969 1 18968
20690 3072 4 1000 20683 1 20681
6182 3375 3 100000 6173 1 6171
13598 3072 4 1000 13592 1 13590
218631 3532 7 25 218626 1 218625
81429 3888 6 100 81420 1 81419
96937 3888 6 100 96928 1 96927
98047 3302 6 50 97747 0 97741
1102415 3969 9 10 1102402 0 1102397
1371685 3969 9 10 1371674 1 1371672
537195 3200 8 10 537183 0 537178
8115 3375 3 100000 8110 1 8110
64103 3900 5 500 64095 1 64093
534654 3200 8 10 534645 1 534643
15624 3787 4 5000 15617 1 15616
15272 3072 4 1000 15264 1 15262
461217 3200 8 10 461080 0 461075
