327439 3888 6 100 326583 0 326570
26189 3072 4 1000 25491 0 25394
29232 3072 4 1000 29220 1 29218
820699 3200 8 10 820687 1 820684
386642 3532 7 25 386635 1 386633
10941 3709 3 312500 10035 0 10027
1786076 3969 9 10 1786058 0 1786050
12842 3846 3 500000 11617 0 11606
86065 3578 4 3125 85269 0 85259
16417 3846 3 500000 15451 0 15443
6906 3578 3 200000 6899 1 6899
43342 3787 4 5000 43330 1 43327
180664 3888 6 100 180266 0 180258
28480 3479 4 2500 28469 1 28467
323083 3302 6 50 312535 0 312529
194242 3888 6 100 194225 1 194222
250445 3302 6 50 250439 0 250429
75898 3900 5 500 75894 1 75894
575530 3532 7 25 575520 1 575518
1405886 3200 8 10 1405877 1 1405875
28632 3072 4 1000 28620 1 28617
522408 3532 7 25 521499 0 521488
866531 3200 8 10 866330 0 866320
32841 3479 4 2500 32430 0 32422
73348 3900 5 500 73338 1 73334
257405 3888 6 100 257390 1 257387
26751 3072 4 1000 25804 0 25794
8552 3375 3 100000 8539 1 8536
1815026 3969 9 10 1814677 0 1814666
129387 3888 6 100 129374 1 129370
252654 3888 6 100 252643 1 252640
1647626 3969 9 10 1647610 1 1647606
61009 3900 5 500 60995 1 60993
80645 3465 5 250 80638 1 80637
67898 3900 5 500 67884 1 67882
138508 3888 6 100 138485 0 138477
154772 3302 6 50 153994 0 153985
144821 3888 6 100 144808 1 144805
14221 3846 3 500000 14202 1 14199
21759 3072 4 1000 21750 1 21747
908960 3200 8 10 908938 1 908934
38647 3787 4 5000 38635 1 38631
14111 3237 3 62500 13265 0 13225
21342 3072 4 1000 21096 0 21087
40932 3578 4 3125 40921 1 40918
1657708 3969 9 10 1657698 1 1657696
153577 3888 6 100 153562 1 153560
34425 3072 4 1000 33716 0 33710
68204 3465 5 250 68169 0 68163
1710972 3969 9 10 1709862 0 1709859
69200 3030 5 125 69187 1 69184
26698 3479 4 2500 26686 1 26684
41819 3787 4 5000 41811 1 41809
208748 3888 6 100 208728 1 208726
152568 3302 6 50 152556 1 152553
1310657 3200 8 10 1309868 0 1309859
2823075 3969 9 10 2823010 0 2823002
43053 3900 5 500 43041 1 43038
24588 3072 4 1000 24579 1 24576
104855 3030 5 125 104845 1 104844
983115 3200 8 10 777305 0 777293
12667 3977 3 781250 12661 1 12659
639339 3200 8 10 639328 1 639322
101292 3888 6 100 101280 1 101277
658317 3200 8 10 658312 1 658311
1373629 3969 9 10 1373617 1 1373613
23365 3072 4 1000 23345 1 23342
20074 3072 4 1000 20062 1 20060
242738 3302 6 50 242728 1 242727
8224 3171 3 50000 8216 1 8214
103977 3888 6 100 103075 0 103068
569696 3200 8 10 568589 0 568579
115162 3888 6 100 115149 1 115146
939309 3200 8 10 938646 0 938639
19420 3072 4 1000 18751 0 18747
23466 3787 4 5000 23454 1 23453
7175 3237 3 62500 6194 0 6179
2079877 3969 9 10 2079873 1 2079873
17566 3072 4 1000 17560 1 17559
6716 3846 3 500000 6164 0 6158
507882 3200 8 10 507875 1 507873
163454 3888 6 100 162909 0 162904
75776 3888 6 100 75768 1 75766
13485 3380 4 2000 13476 1 13475
13421 3787 4 5000 13415 1 13410
151438 3302 6 50 151429 1 151427
487054 3200 8 10 487048 1 487044
1286437 3969 9 10 1286427 1 1286426
8454 3375 3 100000 8445 1 8444
7175 3375 3 100000 7171 1 7171
14766 3380 4 2000 14756 1 14755
6031 3375 3 100000 6029 1 6029
98939 3888 6 100 98400 0 98395
512122 3200 8 10 512111 0 512104
18641 3072 4 1000 18096 0 18091
749801 3200 8 10 748601 0 748595
154891 3888 6 100 154882 1 154881
15444 3072 4 1000 15437 1 15436
20299 3072 4 1000 20291 1 20289
9034 3375 3 100000 9022 1 9021
1969741 3969 9 10 1969732 1 1969731
452037 3200 8 10 451754 0 451748
166157 3888 6 100 166149 1 166147
1030851 3969 9 10 1030572 0 1030567
6936 3375 3 100000 6929 1 6927
99337 3302 6 50 99328 1 99327
7032 3440 3 125000 7026 1 7025
93749 3888 6 100 93737 1 93734
509654 3200 8 10 509646 1 509645
628357 3200 8 10 628349 1 628348
14212 3072 4 1000 13645 0 13641
459280 3200 8 10 459272 0 459266
1244830 3969 9 10 1244827 1 1244827
87030 3888 6 100 87025 0 87020
8292 3709 3 312500 8285 1 8285
20471 3072 4 1000 19924 0 19919
18385 3787 4 5000 18377 1 18376
115962 3302 6 50 115954 1 115953
71359 3888 6 100 71354 1 71354
130987 3888 6 100 130978 1 130977
5760 3171 3 50000 5755 1 5754
4545018 3383 10 5 4544440 0 4544435
16326 3787 4 5000 15739 0 15733
119193 3888 6 100 118639 0 118633
14766 3072 4 1000 14459 0 14455
18926 3787 4 5000 18917 1 18916
60052 3900 5 500 60043 1 60042
5736 3375 3 100000 5577 0 5573
549399 3200 8 10 548499 0 548494
68172 3900 5 500 67593 0 67589
87816 3888 6 100 87808 1 87806
19383 3072 4 1000 19214 0 19209
15936 3072 4 1000 15927 1 15926
18433 3072 4 1000 18422 1 18422
62339 3900 5 500 62330 1 62329
214297 3532 7 25 214289 1 214288
35929 3030 5 125 35921 1 35919
160982 3888 6 100 160976 1 160973
1018235 3969 9 10 1018227 1 1018226
6125 3034 3 31250 6118 1 6117
13384 3072 4 1000 13376 1 13374
4879 3375 3 100000 4877 1 4877
709891 3200 8 10 709881 1 709879
139584 3888 6 100 139012 0 139006
7122 3375 3 100000 7119 1 7119
7936 3846 3 500000 7376 0 7371
1133385 3969 9 10 1132549 0 1132543
15300 3072 4 1000 15294 1 15293
37822 3324 5 200 37814 1 37813
917368 3969 9 10 917359 1 917358
6709 3171 3 50000 6703 1 6701
15623 3787 4 5000 15615 1 15614
16534 3072 4 1000 16524 1 16523
87769 3888 6 100 87763 1 87762
18182 3072 4 1000 18174 1 18172
445415 3200 8 10 445406 1 445405
18314 3479 4 2500 18306 1 18305
388166 3200 8 10 388158 1 388157
91398 3302 6 50 91391 1 91390
8310 3375 3 100000 7755 0 7750
1504115 3969 9 10 1504107 1 1504107
60319 3465 5 250 59789 0 59784
6021 3846 3 500000 6018 1 6018
55227 3900 5 500 55221 1 55220
13715 3886 4 6250 13707 1 13706
90210 3888 6 100 90202 1 90201
1457881 3969 9 10 1457873 1 1457871
17821 3688 4 4000 17280 0 17275
147759 3888 6 100 147751 1 147750
466683 3200 8 10 466677 1 466675
34933 3900 5 500 34379 0 34376
88265 3888 6 100 88258 1 88256
73466 3888 6 100 73457 1 73456
368011 3200 8 10 368005 1 368004
179447 3532 7 25 179439 1 179438
6727 3375 3 100000 6724 1 6724
1076240 3969 9 10 1075714 0 1075708
6410 3578 3 200000 6408 1 6408
7292 3643 3 250000 7285 1 7284
38121 3900 5 500 38114 1 38113
7536 3171 3 50000 6992 0 6988
78519 3888 6 100 78512 1 78511
13695 3072 4 1000 13413 0 13409
90553 3888 6 100 90406 0 90402
5632 3375 3 100000 5626 1 5625
31682 3900 5 500 31675 1 31674
37194 3900 5 500 36696 0 36691
6313 3375 3 100000 6309 1 6308
146628 3888 6 100 146620 1 146619
1057772 3969 9 10 1057257 0 1057252
5878 3375 3 100000 5876 1 5876
33607 3900 5 500 33531 0 33527
68830 3787 4 5000 14282 0 14276
5806 3171 3 50000 5803 1 5803
12829 3479 4 2500 12821 1 12819
11011 3479 4 2500 11007 0 11004
246578 3287 7 20 246571 1 246570
36201 3030 5 125 36193 1 36192
36999 3465 5 250 36991 1 36989
477076 3200 8 10 477069 0 477064
6862 3375 3 100000 6856 1 6856
35623 3465 5 250 35616 1 35615
302514 3200 8 10 302506 1 302505
212323 3532 7 25 212317 1 212315
459471 3200 8 10 433535 0 433531
15321 3072 4 1000 15316 1 15314
12297 3787 4 5000 12287 1 12286
140170 3888 6 100 140164 1 140163
5957 3643 3 250000 5955 1 5954
8156 3846 3 500000 8153 1 8153
20685 3072 4 1000 20678 1 20676
13206 3072 4 1000 13201 1 13200
240497 3287 7 20 239736 0 239732
775144 3969 9 10 775137 1 775136
36526 3900 5 500 36518 1 36516
6365 3237 3 62500 6362 1 6362
612145 3200 8 10 612138 1 612137
