21738 4521 3 5000000 20032 1 20031
12981 4928 3 20000000 12943 1 12943
39248 4335 5 1000 39206 1 39206
7644 4521 3 5000000 7596 1 7595
53343 4335 5 1000 45719 0 45704
26546 4335 5 1000 26504 1 26503
190849 4293 7 50 190830 1 190829
11678 4993 3 25000000 8850 0 8839
16929 4096 4 10000 16900 1 16899
16727 4503 4 25000 16700 1 16699
14013 4096 4 10000 14004 1 14003
16908 4811 4 50000 16321 0 16312
45283 4335 5 1000 40055 0 40042
19957 4096 4 10000 19892 1 19891
30113 4335 5 1000 30101 1 30099
18322 4503 4 25000 17490 0 17481
34267 4096 4 10000 33733 0 33717
13145 4096 4 10000 13137 1 13134
17059 4096 4 10000 16519 0 16504
15062 4096 4 10000 15053 1 15051
14348 4096 4 10000 14341 1 14339
14915 4096 4 10000 14907 1 14904
63634 4335 5 1000 63625 1 63621
5856 4928 3 20000000 5854 1 5853
8500 4725 3 10000000 8489 1 8485
17071 4096 4 10000 17062 1 17058
14960 4096 4 10000 14951 1 14948
8608 4050 3 1000000 8605 1 8604
36270 4335 5 1000 36260 0 36240
41206 4335 5 1000 41205 1 41195
7851 4790 3 12500000 7842 1 7838
51584 4335 5 1000 51027 0 51010
110807 4661 6 250 110548 0 110496
22865 4096 4 10000 22334 0 22287
8388 4050 3 1000000 8382 1 8380
199342 4293 7 50 199332 1 199329
5591 4725 3 10000000 5027 0 5012
45413 4335 5 1000 45405 1 45402
10375 4725 3 10000000 9802 0 9773
18126 4910 4 62500 17492 0 17473
15597 4096 4 10000 15589 1 15586
7676 4318 3 2500000 7669 1 7666
8538 4790 3 12500000 8523 1 8517
6574 4521 3 5000000 6572 1 6571
3168621 4840 10 10 3168613 1 3168610
7683 4993 3 25000000 7675 1 7673
572130 4293 7 50 572119 1 572116
17862 4096 4 10000 17850 1 17846
7766 4928 3 20000000 7762 1 7761
10766 4725 3 10000000 10758 1 10754
9012 4993 3 25000000 9003 1 9000
47172 4335 5 1000 47164 1 47160
306797 4293 7 50 306788 1 306783
10580 4521 3 5000000 10571 1 10566
62617 4040 5 625 62605 1 62599
23694 4096 4 10000 23001 0 22974
10388 4725 3 10000000 10380 1 10375
9161 4993 3 25000000 9146 1 9141
11542 4318 3 2500000 11531 1 11527
8585 4050 3 1000000 8575 1 8571
7150 4050 3 1000000 7143 1 7139
58430 4335 5 1000 58383 0 58359
6651 4790 3 12500000 6647 1 6645
19968 4811 4 50000 19955 1 19949
35217 4096 4 10000 34569 0 34544
349262 4473 6 200 349263 1 349249
114128 4335 5 1000 113156 0 113109
49283 4096 4 10000 49305 0 49261
11123 4253 3 2000000 11122 1 11114
79667 4335 5 1000 79666 1 79654
35409 4404 4 20000 35390 1 35380
10171 4050 3 1000000 10168 1 10158
6891 4993 3 25000000 6579 0 6530
22891 4050 3 1000000 22891 1 22878
18596 4096 4 10000 18597 1 18583
74683 4335 5 1000 73883 0 73852
4923206 4840 10 10 4923203 1 4923198
21821 4096 4 10000 21819 1 21814
9605 4050 3 1000000 9607 1 9590
126348 4335 5 1000 126352 1 126333
76222 4194 5 800 76215 1 76202
34707 4096 4 10000 34709 1 34692
12019 4790 3 12500000 12018 1 12005
41594 4096 4 10000 41593 1 41569
56649 4335 5 1000 56647 1 56637
52067 4712 4 40000 52068 1 52055
16390 4725 3 10000000 16393 1 16372
60616 4335 5 1000 60620 1 60603
13585719 4067 11 5 13585713 1 13585703
141143 4769 5 2000 140393 0 140377
567937 4076 6 125 567927 1 567925
8730 4725 3 10000000 8067 0 8052
440802 4293 7 50 440753 0 440735
81897 4096 4 10000 81884 1 81882
60227 4503 4 25000 60213 1 60210
1473103 4473 8 25 1473086 1 1473083
77502 4335 5 1000 77491 1 77488
19302 4811 4 50000 19292 1 19290
281868 4335 5 1000 281857 1 281855
13277 4521 3 5000000 12470 0 12451
72196 4335 5 1000 72186 1 72185
31482 4096 4 10000 31474 1 31470
140890 4811 4 50000 140882 1 140881
8839 4725 3 10000000 8829 1 8828
15761 4050 3 1000000 10936 0 10917
69582 4725 3 10000000 68621 0 68601
14413 4050 3 1000000 14400 1 14398
24385 4096 4 10000 24118 0 24101
12834 4521 3 5000000 12823 1 12822
134924 4335 5 1000 134131 0 134116
108764 4335 5 1000 108752 1 108750
52484 4335 5 1000 52464 1 52460
83950 4790 3 12500000 83938 1 83935
119638 4503 4 25000 119625 1 119622
28899 4096 4 10000 28883 1 28879
11813 4456 3 4000000 11806 1 11805
115104 4811 4 50000 115095 1 115092
10642 4725 3 10000000 10636 1 10635
76702 4790 3 12500000 75940 0 75924
20772 4096 4 10000 20760 1 20757
313623 4335 5 1000 313608 1 313605
10700 4790 3 12500000 10689 1 10687
99767 4503 4 25000 99758 1 99755
52683 4521 3 5000000 52672 1 52670
75478 4811 4 50000 75466 1 75464
1776748 4473 8 25 1776739 1 1776737
12237 4725 3 10000000 11509 0 11493
66519 4335 5 1000 66511 1 66510
416629 4661 6 250 416622 1 416620
165744 4335 5 1000 164850 0 164828
182244 4335 5 1000 182229 1 182226
200320 4335 5 1000 199515 0 199496
1276648 4473 8 25 1276657 0 1276626
9993 4521 3 5000000 9242 0 9227
24099 4096 4 10000 24090 1 24089
184834 4993 3 25000000 184824 1 184820
25523 4096 4 10000 24731 0 24714
197125 4335 5 1000 197113 1 197109
200377 4335 5 1000 200369 1 200369
123866 4040 5 625 123852 1 123850
45613354 4161 12 4 45613337 1 45613333
13946 4725 3 10000000 13937 1 13935
1309893 4293 7 50 1309134 0 1309120
8610 4725 3 10000000 7894 0 7882
405612 4335 5 1000 405595 0 405580
9316 4050 3 1000000 9305 1 9304
131556 4096 4 10000 131545 1 131544
449869 4335 5 1000 449854 1 449850
576460 4335 5 1000 576443 1 576440
13621 4050 3 1000000 13607 1 13605
11638492 4840 10 10 11638475 0 11638468
22367 4096 4 10000 22358 0 22347
21545 4195 4 12500 20853 0 20845
9574 4725 3 10000000 9566 1 9565
10168 4521 3 5000000 10162 1 10159
270079 4910 5 2500 269868 0 269855
29184 4096 4 10000 29175 1 29171
375955 4335 5 1000 375545 0 375535
240763 4096 4 10000 240752 1 240750
24312 4096 4 10000 23507 0 23496
240787 4096 4 10000 239860 0 239851
13059 4993 3 25000000 12356 0 12344
22695 4096 4 10000 22683 1 22680
87505 4587 3 6250000 87488 1 87485
1267083 4293 7 50 1267068 1 1267065
12692 4790 3 12500000 11896 0 11883
782620 4473 6 200 782611 1 782608
10109 4521 3 5000000 9990 0 9978
761243 4076 6 125 761234 1 761232
9635 4050 3 1000000 8951 0 8943
9033 4253 3 2000000 9028 1 9027
63544 4335 5 1000 63174 0 63165
248856 4910 5 2500 248841 1 248837
137678 4811 4 50000 137663 1 137661
11554 4115 3 1250000 11547 1 11546
222498 4790 3 12500000 222484 1 222482
14375 4521 3 5000000 14367 1 14364
234954 4521 3 5000000 234220 0 234211
6545 4050 3 1000000 6541 1 6540
402700 4910 5 2500 402691 1 402688
132769 4503 4 25000 132563 0 132552
9951 4993 3 25000000 9544 0 9535
333929 4335 5 1000 333914 1 333911
173131 4096 4 10000 172429 0 172419
25829 4096 4 10000 25819 1 25816
16397 4993 3 25000000 16386 1 16384
83485 4050 3 1000000 83477 1 83476
16161 4928 3 20000000 15318 0 15306
39377075 4067 11 5 39376039 0 39376030
77321 4096 4 10000 76528 0 76520
1015659 4661 6 250 1015649 1 1015646
80785 4725 3 10000000 80768 1 80765
111267 4096 4 10000 111074 0 111062
595659 4293 7 50 595645 1 595642
13661 4521 3 5000000 12784 0 12774
78613 4335 5 1000 78115 0 78107
14113 4928 3 20000000 14101 1 14098
10493 4050 3 1000000 9673 0 9664
178400 4096 4 10000 177646 0 177635
364358 4910 5 2500 364343 0 364336
725570 4473 6 200 725554 1 725552
646415 4335 5 1000 646400 1 646397
150601 4928 3 20000000 150586 1 150584
24126 4811 4 50000 24114 1 24112
190482 4050 3 1000000 190470 1 190468
75353 4050 3 1000000 75346 1 75344
925315 4661 6 250 925299 1 925296
353002 4335 5 1000 352103 0 352091
176971 4811 4 50000 176946 1 176944
199855 4096 4 10000 199840 1 199837
238351 4404 4 20000 238336 1 238332
143543 4335 5 1000 143530 1 143529
336387 4521 3 5000000 336372 1 336369
11918 4725 3 10000000 11911 1 11909
1607575 4473 6 200 1607559 1 1607557
257787 4335 5 1000 256664 0 256652
18983659 4840 10 10 18983648 1 18983645
220024 4725 3 10000000 220005 0 219998
8684 4050 3 1000000 8676 1 8676
