9773 4521 3 5000000 9194 0 9181
16744 4404 4 20000 16228 0 16217
4665 4725 3 10000000 4659 1 4658
1999389 4840 10 10 1999385 1 1999383
17348 4096 4 10000 17338 1 17336
16961 4811 4 50000 16612 0 16595
5990 4725 3 10000000 5981 1 5978
270913 4293 7 50 270876 0 270857
17176 4096 4 10000 17165 1 17163
94021 4661 6 250 93741 0 93724
19896 4811 4 50000 19884 1 19881
119079 4661 6 250 118442 0 118425
16887 4096 4 10000 16881 0 16865
5386 4050 3 1000000 5384 1 5384
18114 4096 4 10000 18107 1 18104
17027 4811 4 50000 16443 0 16427
66092 4335 5 1000 66084 1 66082
6290 4928 3 20000000 6277 1 6272
36252 4335 5 1000 35966 0 35950
24047 4096 4 10000 23494 0 23476
3371804 4840 10 10 3371791 1 3371788
22150 4096 4 10000 22141 1 22137
26432 4096 4 10000 26424 1 26421
50031 4335 5 1000 50020 1 50016
18530 4096 4 10000 18518 1 18514
47920 4335 5 1000 47913 1 47909
6937 4725 3 10000000 6933 1 6931
6082 4050 3 1000000 6079 1 6078
6987 4928 3 20000000 6979 1 6977
8537 4725 3 10000000 8534 1 8531
7165 4521 3 5000000 7157 1 7154
53976 4335 5 1000 53966 1 53963
32497 4335 5 1000 31931 0 31915
18344 4503 4 25000 17786 0 17770
10665 4928 3 20000000 9499 0 9480
24776 4503 4 25000 24219 0 24204
3859050 4840 10 10 3859057 1 3859039
62673 4335 5 1000 62661 1 62657
10657 4318 3 2500000 10015 0 9998
138097 4661 6 250 138083 1 138075
24809 4096 4 10000 24709 0 24693
83438 4910 5 2500 83426 1 83423
57762 4335 5 1000 57010 0 56978
7171 4790 3 12500000 7162 1 7158
26565 4503 4 25000 26556 1 26546
43544 4335 5 1000 43541 1 43536
10439 4253 3 2000000 10430 1 10425
4406936 4840 10 10 4406928 1 4406922
13066 4521 3 5000000 12334 0 12282
97504 4335 5 1000 97497 1 97491
72065 4910 5 2500 72070 1 72046
39886 4096 4 10000 39138 0 39101
12373 4790 3 12500000 11660 0 11625
27440 4050 3 1000000 27444 1 27427
60884 4811 4 50000 60883 1 60873
44823 4096 4 10000 44216 0 44184
91940 4335 5 1000 91940 1 91930
47966 4096 4 10000 47974 1 47953
12510 4993 3 25000000 12508 1 12497
396706 4293 7 50 396704 1 396695
12011 4521 3 5000000 12012 1 11996
123951 4335 5 1000 123956 1 123935
37827 4195 4 12500 37826 1 37808
31471 4096 4 10000 31477 1 31456
66201 4335 5 1000 66204 1 66186
70392 4335 5 1000 68472 0 68439
12445 4050 3 1000000 11070 0 11033
216068 4661 6 250 216061 1 216043
89539 4335 5 1000 89539 1 89525
66436 4335 5 1000 66435 1 66425
6017521 4840 10 10 6016811 0 6016762
18315 4050 3 1000000 17625 0 17591
63960 4335 5 1000 62989 0 62947
28126 4096 4 10000 28124 1 28114
112558 4335 5 1000 112563 1 112544
292284 4473 6 200 291399 0 291342
60036 4335 5 1000 60058 1 60017
88573 4040 5 625 88596 0 88546
61640 4335 5 1000 61644 1 61624
9613 4790 3 12500000 9610 1 9605
53751 4503 4 25000 53814 1 53738
107032 4335 5 1000 107022 1 107019
56772 4096 4 10000 56756 1 56752
29495 4096 4 10000 28587 0 28569
83577 4040 5 625 83561 1 83559
25138 4404 4 20000 25123 1 25122
126373 4335 5 1000 126362 1 126360
55424 4096 4 10000 55407 1 55404
46655 4811 4 50000 46640 1 46637
39682 4811 4 50000 39669 1 39667
13117 4790 3 12500000 13101 1 13097
12651 4587 3 6250000 12641 1 12640
67294 4335 5 1000 67283 1 67280
12178790 4067 11 5 12177919 0 12177896
8053687 4840 10 10 8053669 0 8053653
191244 4335 5 1000 191228 1 191226
93453 4503 4 25000 92679 0 92660
13628 4725 3 10000000 13616 1 13611
12743 4725 3 10000000 11809 0 11788
12749 4725 3 10000000 12741 1 12739
163796 4335 5 1000 163784 1 163782
213379 4335 5 1000 213355 1 213354
13142 4587 3 6250000 13131 1 13129
28412 4096 4 10000 28401 1 28399
23473 4096 4 10000 23458 1 23454
9651 4050 3 1000000 9641 1 9640
32095 4503 4 25000 32083 1 32080
7620552 4840 10 10 7620542 1 7620541
120995 4335 5 1000 120982 1 120980
160621 4335 5 1000 160607 1 160605
10885 4521 3 5000000 10865 1 10863
11852 4050 3 1000000 11844 1 11844
23178 4096 4 10000 23165 1 23161
116565 4335 5 1000 116554 1 116553
11117 4725 3 10000000 11093 1 11091
180002 4335 5 1000 179992 1 179988
197238 4335 5 1000 197224 1 197222
222321 4335 5 1000 222305 1 222302
35034 4096 4 10000 35022 1 35019
8740 4050 3 1000000 8348 0 8332
428460 4661 6 250 428446 1 428444
7534 4725 3 10000000 7519 1 7517
90809 4096 4 10000 90797 1 90794
10446 4384 3 3125000 10434 1 10432
55766 4725 3 10000000 55756 1 55753
93924 4096 4 10000 93909 1 93908
110359 4335 5 1000 110342 1 110340
7896 4725 3 10000000 7883 1 7882
310079 4473 6 200 310065 1 310062
11585 4521 3 5000000 11572 1 11570
106970 4335 5 1000 106133 0 106115
76283 4910 5 2500 76273 1 76271
8853 4725 3 10000000 8846 1 8845
13523 4993 3 25000000 13511 1 13510
82723 4928 3 20000000 82708 1 82706
27294 4096 4 10000 27281 1 27276
64005 4335 5 1000 63992 1 63989
9832 4725 3 10000000 9825 1 9824
190067 4335 5 1000 190054 1 190050
91925 4521 3 5000000 91911 1 91910
100232 4503 4 25000 100220 1 100218
21736 4404 4 20000 21406 0 21376
31684501 4067 11 5 31684485 1 31684482
112733 4096 4 10000 112724 1 112722
133628 4096 4 10000 132789 0 132773
21950 4096 4 10000 21942 1 21942
110722 4096 4 10000 110706 1 110704
239810 4335 5 1000 239797 1 239795
617223 4076 6 125 617217 0 617199
24513 4096 4 10000 24503 1 24500
9884 4050 3 1000000 9880 1 9878
212444 4335 5 1000 212429 1 212425
13603 4318 3 2500000 13592 1 13589
67822 4335 5 1000 67808 1 67805
11131014 4840 10 10 11131001 1 11130998
143021 4335 5 1000 143001 1 142999
24500 4096 4 10000 24486 1 24483
32047533 4067 11 5 32047517 1 32047514
408852 4910 5 2500 408839 1 408837
153002 4335 5 1000 152989 1 152987
138030 4096 4 10000 138022 1 138019
2860202 4293 7 50 2860189 1 2860187
1331037 4293 7 50 1331023 1 1331020
13402 4928 3 20000000 13395 1 13393
9726 4050 3 1000000 9717 1 9715
112360 4725 3 10000000 111650 0 111641
172794 4910 4 62500 172783 1 172780
101114 4096 4 10000 101103 1 101101
355176 4096 4 10000 355169 1 355168
32237 4503 4 25000 31142 0 31130
60577 4335 5 1000 60545 0 60535
569226 4335 5 1000 569214 1 569212
371340 4335 5 1000 371322 1 371320
7623 4993 3 25000000 7614 1 7613
225276 4335 5 1000 228654 0 224602
29890 4404 4 20000 29874 1 29870
90010 4115 3 1250000 86695 0 86676
76379 4335 5 1000 75936 0 75921
13872702 4840 10 10 13872684 1 13872680
15782363 4840 10 10 15782329 0 15782321
145322 4335 5 1000 145311 1 145308
56847 4404 4 20000 56819 1 56816
954771 4293 7 50 953812 0 953806
21026 4096 4 10000 21015 1 21012
9072 4050 3 1000000 8392 0 8384
14660 4050 3 1000000 13660 0 13650
6196402 4163 8 20 6196385 1 6196382
20176014 4840 10 10 20175206 0 20175197
86812 4725 3 10000000 86035 0 86025
715579 4661 6 250 706571 0 706559
224695 4769 5 2000 224679 1 224676
403725 4661 6 250 403713 1 403711
27489 4096 4 10000 27479 1 27478
695641 4335 5 1000 695619 1 695617
28660 4096 4 10000 27867 0 27859
9839 4050 3 1000000 9827 1 9824
14197 4521 3 5000000 13369 0 13361
152126 4096 4 10000 152111 1 152108
332123 4096 4 10000 332110 1 332107
14748483 4840 10 10 14748466 1 14748463
61425 4335 5 1000 61413 1 61411
25823 4811 4 50000 25809 1 25807
85501 4725 3 10000000 84379 0 84371
257076 4503 4 25000 257063 1 257059
12307 4725 3 10000000 11525 0 11519
775161 4335 5 1000 775148 1 775146
235520 4404 4 20000 235507 1 235503
118883 4335 5 1000 118872 1 118870
11244 4050 3 1000000 11237 1 11235
19817 4096 4 10000 19800 1 19795
14042 4456 3 4000000 13272 0 13265
953884 4473 6 200 953072 0 953065
343607 4335 5 1000 343595 1 343593
444715 4335 5 1000 444685 0 444677
378023 4096 4 10000 378016 1 378013
9673 4050 3 1000000 9662 1 9659
21730 4096 4 10000 21715 0 21708
29299 4811 4 50000 29287 1 29284
214064 4096 4 10000 214043 1 214040
19889 4811 4 50000 19874 1 19871
172766 4769 5 2000 172752 1 172750
13078 4521 3 5000000 13067 1 13065
