9982 4050 3 1000000 9972 1 9970
18286 4195 4 12500 18278 1 18275
5590 4050 3 1000000 5581 1 5579
30094618 4831 12 5 30093329 0 30093308
33557 4811 4 50000 33546 1 33544
106035 4050 3 1000000 106017 1 106014
13160247 4840 10 10 13160233 1 13160231
74765881 4831 12 5 74765859 0 74765850
10905 4725 3 10000000 10892 1 10890
159582 4195 4 12500 158670 0 158658
140474 4050 3 1000000 140462 1 140459
130388 4404 4 20000 129929 0 129914
12273 4725 3 10000000 12261 1 12259
199132 4096 4 10000 199120 1 199118
6362 4521 3 5000000 6350 1 6347
184630 4096 4 10000 184613 1 184609
14103 4050 3 1000000 13231 0 13217
27942 4096 4 10000 27930 1 27927
67086 4769 5 2000 67076 1 67074
1800903 4293 7 50 1800883 0 1800874
1047057 4293 7 50 1047040 1 1047038
15583068 4840 10 10 15583057 1 15583054
9663 4725 3 10000000 9656 1 9655
7519 4725 3 10000000 7511 1 7509
38132 4096 4 10000 38113 1 38111
12651 4725 3 10000000 12645 1 12642
11138 4050 3 1000000 11130 1 11128
752650 4769 5 2000 752639 1 752636
323096 4475 5 1250 322331 0 322321
25700 4811 4 50000 25692 1 25690
3080458 4293 7 50 3080451 1 3080449
22506 4096 4 10000 22493 1 22490
23369 4096 4 10000 23356 1 23354
23791 4096 4 10000 23779 1 23778
66048 4335 5 1000 66034 1 66031
315800 4335 5 1000 315787 1 315784
31103 4096 4 10000 30339 0 30330
185781 4050 3 1000000 185766 1 185765
10326 4725 3 10000000 9576 0 9566
192276 4725 3 10000000 192269 1 192267
24723 4811 4 50000 24009 0 24004
169839 4335 5 1000 169429 0 169422
1219635 4076 6 125 1218820 0 1218815
184223 4811 4 50000 184207 0 184199
9886 4928 3 20000000 8881 0 8872
174463 4335 5 1000 173680 0 173673
33769 4096 4 10000 33759 1 33757
91470 4050 3 1000000 91454 1 91450
29801 4811 4 50000 29793 1 29790
14110367 4840 10 10 14110255 0 14110247
472040 4335 5 1000 472027 1 472023
67700 4096 4 10000 66766 0 66757
698152 4335 5 1000 698141 1 698139
205692 4096 4 10000 204849 0 204840
299965 4335 5 1000 299158 0 299150
48454 4040 5 625 48441 1 48439
10453 4521 3 5000000 10443 1 10441
11509 4050 3 1000000 11498 1 11496
10684 4725 3 10000000 10670 1 10669
139692 4096 4 10000 139679 1 139676
11011 4050 3 1000000 11000 1 10997
10188 4725 3 10000000 10179 1 10178
197908 4503 4 25000 197894 1 197891
1693331 4293 7 50 1693318 1 1693316
212939 4335 5 1000 212925 1 212923
254078 4335 5 1000 254064 1 254061
386410 4335 5 1000 386398 1 386394
460099 4335 5 1000 460087 1 460085
23709 4811 4 50000 23699 1 23695
162719 4050 3 1000000 162714 1 162712
7940 4050 3 1000000 7929 1 7926
10557 4050 3 1000000 9802 0 9795
860914 4076 6 125 860903 1 860901
8012 4384 3 3125000 8004 1 8003
28268152 4840 10 10 28268136 1 28268132
9742 4050 3 1000000 9732 1 9731
372533 4475 5 1250 372520 1 372518
827227 4769 5 2000 827217 1 827214
20334 4096 4 10000 20322 1 20320
546791 4790 3 12500000 546776 1 546774
408647 4335 5 1000 408631 1 408628
15707094 4840 10 10 15707078 1 15707075
199680 4050 3 1000000 199673 1 199671
11788 4050 3 1000000 11772 1 11770
57228 4475 5 1250 56661 0 56650
25253 4503 4 25000 25239 1 25237
11794 4050 3 1000000 11783 1 11779
753219 4335 5 1000 752534 0 752526
56082 4335 5 1000 55240 0 55231
119700 4096 4 10000 119688 1 119686
297521 4096 4 10000 297038 0 297026
13370 4725 3 10000000 12553 0 12547
606547 4335 5 1000 606534 1 606532
15635998 4840 10 10 15635984 1 15635982
195965 4335 5 1000 195959 1 195955
9212 4050 3 1000000 9206 1 9204
781200 4076 6 125 781187 1 781185
1588139 4661 6 250 1588129 1 1588127
563850 4384 3 3125000 563838 1 563836
14076 4318 3 2500000 13259 0 13248
177651 4195 4 12500 177639 1 177636
20163373 4840 10 10 20163359 1 20163358
171106 4811 4 50000 170194 0 170186
17982 4096 4 10000 17971 1 17969
2448659 4293 7 50 2448646 1 2448644
201954 4910 5 2500 201537 0 201529
41193 4096 4 10000 41184 1 41182
193647 4335 5 1000 193627 1 193624
21825 4096 4 10000 21382 0 21374
71723 4335 5 1000 70816 0 70808
2416926 4473 8 25 2416910 1 2416908
26003 4503 4 25000 25986 1 25982
1433849 4076 6 125 1433065 0 1433057
125142 4335 5 1000 125126 1 125123
9177 4725 3 10000000 9165 1 9162
436263 4335 5 1000 435469 0 435464
194234 4096 4 10000 194221 1 194218
239884 4725 3 10000000 239871 1 239869
470538 4335 5 1000 470525 1 470521
156357 4335 5 1000 156341 1 156337
125650586 4831 12 5 125650544 0 125650536
16555441 4840 10 10 16555429 1 16555429
9314993 4840 10 10 9314985 1 9314984
19714200 4840 10 10 19714187 1 19714186
230475 4769 5 2000 230057 0 230053
13413 4790 3 12500000 12856 1 12855
36893548 4067 11 5 36893534 1 36893532
13608196 4840 10 10 13608125 0 13608122
228231 4335 5 1000 227469 0 227466
187203 4811 4 50000 187189 1 187188
12799 4725 3 10000000 12791 1 12791
312900 4335 5 1000 312451 0 312446
602726 4335 5 1000 602712 1 602711
17186728 4840 10 10 17186297 0 17186293
22427 4096 4 10000 22411 1 22410
12510 4050 3 1000000 12499 1 12498
12794 4253 3 2000000 12782 1 12782
268907 4335 5 1000 268892 1 268890
155588 4725 3 10000000 155573 1 155572
10936 4115 3 1250000 10930 1 10929
521004 4335 5 1000 520264 0 520260
860649 4293 7 50 859937 0 859933
17672487 4840 10 10 17672370 0 17672367
9466 4725 3 10000000 9460 1 9459
570277 4335 5 1000 570262 1 570261
142848 4096 4 10000 142034 0 142032
13977 4318 3 2500000 13201 0 13198
352620 4335 5 1000 352180 0 352176
18615589 4840 10 10 18615565 1 18615564
205517 4318 3 2500000 202621 0 202616
12161 4253 3 2000000 12148 1 12147
13860 4790 3 12500000 13847 1 13846
37777 4096 4 10000 36676 0 36673
327898 4335 5 1000 327890 1 327881
35648214 4067 11 5 35648197 1 35648197
86353 4521 3 5000000 86331 1 86330
89754 4335 5 1000 89228 0 89225
153497 4335 5 1000 153068 0 153063
98079 4503 4 25000 97849 0 97846
27268 4096 4 10000 27257 1 27256
594738 4910 5 2500 594723 1 594722
13232 4050 3 1000000 13225 1 13225
14951 4050 3 1000000 14941 1 14940
158893 4335 5 1000 158810 0 158806
165328 4096 4 10000 165305 0 165302
13148781 4840 10 10 13148760 0 13148756
297028 4096 4 10000 297012 1 297011
208727 4335 5 1000 208333 0 208329
16506 4318 3 2500000 16496 1 16494
1079660 4473 6 200 1079648 1 1079647
30245 4096 4 10000 30226 0 30224
1157790 4293 7 50 1157776 1 1157775
250500 4928 3 20000000 250474 1 250472
482530 4769 5 2000 482517 1 482515
186462 4335 5 1000 186064 0 186060
630075 4335 5 1000 630048 1 630047
350688 4195 4 12500 349883 0 349878
206872 4335 5 1000 206854 1 206854
18753617 4840 10 10 18753603 1 18753601
13639 4725 3 10000000 12805 0 12803
18768512 4840 10 10 18768495 1 18768494
75634498 4831 12 5 75634480 1 75634480
329852 4335 5 1000 329041 0 329037
9787 4725 3 10000000 9782 1 9782
13445 4725 3 10000000 12214 0 12208
22785 4096 4 10000 22774 1 22773
11258 4521 3 5000000 10450 0 10446
13182 4050 3 1000000 13171 1 13170
21734 4096 4 10000 21719 0 21717
21442 4096 4 10000 21430 1 21430
120394 4475 5 1250 120379 1 120378
14591 4928 3 20000000 14580 1 14579
235230 4335 5 1000 235215 1 235214
83164 4115 3 1250000 83154 1 83153
473871 4661 6 250 473850 0 473846
14494599 4840 10 10 14494504 0 14494501
13078 4993 3 25000000 13071 1 13070
270651 4335 5 1000 270637 1 270635
2283358 4293 7 50 2283346 1 2283345
8980573 4840 10 10 8980560 1 8980559
530249 4335 5 1000 229678 0 229674
120546 4993 3 25000000 120533 1 120532
138236 4096 4 10000 138222 1 138222
61159 4811 4 50000 61147 1 61146
169276 4096 4 10000 169265 1 169264
160570 4096 4 10000 160554 1 160553
98158 4096 4 10000 97089 0 97084
232447 4335 5 1000 232430 1 232429
29729 4096 4 10000 28635 0 28632
2110762 4293 7 50 2110741 0 2110739
10503 4050 3 1000000 9570 0 9567
14363620 4840 10 10 14363605 1 14363604
12500821 4840 10 10 12500809 0 12500806
1384424 4293 7 50 1384415 1 1384414
330340 4335 5 1000 329439 0 329427
