13369 4811 4 50000 13363 1 13362
33770 4335 5 1000 33764 1 33761
43121 4335 5 1000 42606 0 42590
38045 4335 5 1000 38038 1 38034
5969 4725 3 10000000 5963 1 5961
16563 4096 4 10000 16557 1 16554
13620 4096 4 10000 13614 1 13613
54521 4335 5 1000 54009 0 53996
18495 4195 4 12500 18488 1 18485
5500 4253 3 2000000 5497 1 5496
7736 4725 3 10000000 7728 1 7724
7049 4521 3 5000000 7044 1 7042
5343 4050 3 1000000 5336 1 5333
2209139 4840 10 10 2209125 1 2209120
4868247 4840 10 10 4868231 1 4868223
17157 4456 3 4000000 17161 1 17144
12759 4050 3 1000000 12755 1 12745
20800 4096 4 10000 20801 1 20786
13214 4050 3 1000000 13215 1 13203
14238 4050 3 1000000 13168 0 13121
113076 4335 5 1000 113079 1 113064
60038 4335 5 1000 60046 1 60024
66344 4335 5 1000 66343 1 66332
60791 4335 5 1000 60789 1 60773
4590993 4840 10 10 4590313 0 4590274
14247 4521 3 5000000 14245 1 14234
9920 4050 3 1000000 9918 1 9916
13657 4993 3 25000000 13660 1 13644
12841 4725 3 10000000 12150 0 12123
79417 4335 5 1000 79418 1 79405
9686 4521 3 5000000 9685 1 9673
7747 4521 3 5000000 7745 1 7738
11727 4725 3 10000000 11724 1 11714
1368156 4473 8 25 1368152 1 1368143
17801 4725 3 10000000 17804 1 17785
25440 4096 4 10000 25438 1 25419
125528 4335 5 1000 125523 1 125507
28933 4096 4 10000 28255 0 28219
19279 4503 4 25000 18572 0 18539
94287 4335 5 1000 94303 0 94266
26220 4811 4 50000 26231 1 26205
12569 4115 3 1250000 12560 1 12550
147600 4473 6 200 147602 1 147589
76434 4335 5 1000 76435 1 76418
95331 4335 5 1000 95331 1 95318
67320 4811 4 50000 67320 1 67307
16962 4993 3 25000000 16964 1 16952
13244 4318 3 2500000 13247 1 13232
330682 4293 7 50 330609 0 330569
34267 4096 4 10000 34265 1 34247
171559 4473 6 200 170816 0 170808
76085 4335 5 1000 76072 1 76070
33759 4096 4 10000 33552 0 33528
100625 4769 5 2000 99344 0 99324
9788 4050 3 1000000 9367 0 9356
90362 4335 5 1000 89868 0 89848
34931 4096 4 10000 34921 1 34919
58808 4096 4 10000 58796 1 58794
35111 4811 4 50000 35097 1 35095
81232 4335 5 1000 81221 1 81218
8748 4050 3 1000000 8729 1 8726
28270 4096 4 10000 28248 1 28245
16319 4521 3 5000000 16309 1 16307
102245 4335 5 1000 102232 1 102229
174632 4335 5 1000 173823 0 173806
44157 4503 4 25000 44148 1 44145
8342 4725 3 10000000 8329 1 8328
51453 4335 5 1000 51439 1 51437
6196893 4840 10 10 6196888 0 6196876
67223 4335 5 1000 67208 1 67205
434747 4293 7 50 433992 0 433974
10732 4993 3 25000000 10727 1 10726
12274 4050 3 1000000 12260 1 12257
49546 4521 3 5000000 49531 1 49528
467055 4293 7 50 467042 1 467039
6021439 4840 10 10 6021225 0 6021207
6199598 4840 10 10 6199587 1 6199585
16982 4050 3 1000000 16969 1 16966
68306 4096 4 10000 68290 1 68286
16492 4318 3 2500000 16484 1 16483
41527 4096 4 10000 41515 1 41512
11044 4456 3 4000000 11036 1 11034
104737 4096 4 10000 104724 1 104722
64969 4335 5 1000 64952 1 64948
9164 4050 3 1000000 9144 1 9141
145759 4335 5 1000 144937 0 144905
166132 4335 5 1000 166118 1 166116
1603849 4163 8 20 1603830 1 1603827
497115 4076 6 125 497102 1 497100
54429 4335 5 1000 54413 0 54401
11741 4050 3 1000000 10560 0 10548
23179 4096 4 10000 23168 1 23165
130086 4335 5 1000 130069 1 130066
87549 4725 3 10000000 87532 1 87529
66923 4725 3 10000000 66079 0 66061
15786 4993 3 25000000 14602 0 14583
7852831 4840 10 10 7852733 0 7852718
24986 4503 4 25000 24305 0 24290
177651 4195 4 12500 176904 0 176891
23071172 4067 11 5 23071160 0 23071143
343826 4335 5 1000 175306 0 175280
31585 4404 4 20000 31569 1 31566
500959 4335 5 1000 500946 1 500943
19335319 4840 10 10 19335309 1 19335307
11201381 4840 10 10 11201373 1 11201372
85017 4725 3 10000000 85009 1 85006
12216035 4840 10 10 12216019 1 12216016
27049 4811 4 50000 27040 1 27038
7597 4993 3 25000000 7585 1 7583
12967 4050 3 1000000 12152 0 12128
100056 4503 4 25000 100044 1 100041
10056 4050 3 1000000 10047 1 10044
11940 4050 3 1000000 11924 1 11922
129540 4050 3 1000000 129525 1 129523
319916 4503 4 25000 319902 1 319900
172332 4096 4 10000 172321 1 172319
24160 4811 4 50000 24146 1 24143
553500 4335 5 1000 553484 1 553481
8447 4725 3 10000000 8438 1 8437
1128680 4293 7 50 1128752 0 1128649
29210061 4067 11 5 29210050 1 29210048
127796 4096 4 10000 127779 1 127777
8699 4521 3 5000000 8693 1 8691
288252 4910 5 2500 287598 0 287522
186094 4335 5 1000 186077 1 186074
7398 4993 3 25000000 7390 1 7389
259893 4811 4 50000 259880 0 259874
475185 4335 5 1000 475158 1 475155
459807 4096 4 10000 459690 0 459683
272606 4725 3 10000000 272591 1 272588
245909 4811 4 50000 245101 0 245092
10408 4725 3 10000000 10399 1 10396
9961 4521 3 5000000 9532 0 9525
15235649 4840 10 10 15235640 1 15235637
234618 4725 3 10000000 234609 1 234607
872726 4661 6 250 872712 1 872709
292971 4811 4 50000 292031 0 292023
557446 4661 6 250 557298 0 557290
17369 4253 3 2000000 17359 1 17356
281192 4096 4 10000 281185 1 281183
8757 4993 3 25000000 8748 1 8747
338943 4096 4 10000 338930 0 338923
17050170 4840 10 10 17050156 1 17050154
9221 4050 3 1000000 9210 1 9208
630620 4335 5 1000 630608 1 630606
24588 4096 4 10000 24569 1 24567
264015 4335 5 1000 264024 1 264004
9538 4050 3 1000000 9526 1 9523
318748 4473 6 200 318739 1 318738
1028804 4473 6 200 1027697 0 1027688
26146 4811 4 50000 26132 1 26129
29139 4503 4 25000 29127 1 29125
714241 4195 4 12500 714228 1 714226
72276 4335 5 1000 72263 1 72260
12074 4050 3 1000000 11236 0 11227
181933 4521 3 5000000 181920 1 181918
24786 4811 4 50000 24775 1 24773
186830 4473 6 200 186816 1 186812
10045 4993 3 25000000 10034 1 10032
310738 4335 5 1000 310722 1 310719
1750476 4473 6 200 1750462 1 1750458
157043 4521 3 5000000 156637 0 156628
7757 4521 3 5000000 7053 0 7049
419557 4335 5 1000 419538 1 419534
11969 4050 3 1000000 11173 0 11165
20430728 4840 10 10 20430302 0 20430294
12499 4253 3 2000000 12493 1 12490
80065 4335 5 1000 79283 0 79272
267516 4335 5 1000 267507 1 267504
11143 4725 3 10000000 11135 1 11135
1636105 4293 7 50 1636094 0 1636086
4062340 4473 8 25 4062325 1 4062323
21784 4096 4 10000 21771 1 21768
10957 4993 3 25000000 10946 1 10944
11131 4318 3 2500000 10290 0 10283
564642 4335 5 1000 564633 1 564631
21116563 4840 10 10 21116552 1 21116549
66836 4521 3 5000000 65996 0 65987
140930 4335 5 1000 140917 1 140913
404916 4096 4 10000 404902 1 404899
14124 4050 3 1000000 13347 0 13341
13113 4050 3 1000000 13099 1 13097
12977 4587 3 6250000 12965 1 12963
95135 4096 4 10000 95106 1 95105
23598 4811 4 50000 23581 1 23578
10912 4318 3 2500000 10404 0 10397
188067 4335 5 1000 187245 0 187235
201894 4096 4 10000 201880 1 201877
201272 4096 4 10000 201261 1 201258
172591 4811 4 50000 172576 1 172574
44905 4253 3 2000000 44082 0 44076
10880 4993 3 25000000 10866 1 10864
192638 4096 4 10000 192618 1 192615
130741 4725 3 10000000 130724 1 130720
6548 4928 3 20000000 6541 1 6539
155831 4050 3 1000000 155687 1 155684
376382 4335 5 1000 376372 1 376370
102398 4993 3 25000000 101597 0 101589
15230 4725 3 10000000 15219 1 15217
2838898 4293 7 50 2838886 1 2838882
885597 4335 5 1000 884629 0 884621
2701128 4473 8 25 2701113 0 2701105
19608576 4840 10 10 19608564 1 19608562
1106530 4473 6 200 1106518 1 1106516
11690 4725 3 10000000 10796 0 10787
9067 4993 3 25000000 9062 1 9061
355545 4335 5 1000 355531 1 355529
231757 4811 4 50000 230933 0 230924
27701 4096 4 10000 27682 1 27679
29686 4811 4 50000 29669 1 29666
102456 4096 4 10000 101571 0 101564
13231 4521 3 5000000 13224 1 13222
