8380912 5819 11 10 8380899 1 8380894
14026 5196 3 50000000 14025 1 14015
84604 5780 5 10000 84602 1 84589
460921 5054 7 100 460192 0 460156
87420 5345 5 5000 87407 1 87404
124410 5400 3 100000000 124391 1 124388
7631 5400 3 100000000 7624 1 7624
754140 5054 7 100 754127 1 754124
481651 5780 5 10000 481551 0 481533
10717 5400 3 100000000 10700 1 10697
1025548 5120 4 100000 25227 0 25201
9478 5400 3 100000000 9472 1 9471
725075 5054 7 100 725063 1 725060
398491 5780 5 10000 397818 0 397809
594471 5832 6 1000 535953 0 535927
489942 5246 6 500 489930 1 489928
847376 5054 7 100 847368 1 847366
84952 5400 3 100000000 84935 1 84933
11537 5400 3 100000000 11529 1 11528
325185 5780 5 10000 325174 1 325172
1008087 5054 7 100 1008075 1 1008073
245723 5120 4 100000 245715 1 245711
1316028 5054 7 100 1315354 0 1315338
15358 5400 3 100000000 14629 0 14615
9434 5196 3 50000000 9430 1 9429
680116 5054 7 100 679374 0 679364
486325 5832 6 1000 486315 1 486312
2446178 5436 8 50 2446160 1 2446158
26988 5120 4 100000 26978 1 26977
28890477 5819 11 10 28890461 1 28890458
30022078 5819 11 10 30022067 1 30022063
9267 5400 3 100000000 9261 1 9260
1182847 5054 7 100 1182836 1 1182833
110679 5835 4 500000 110667 1 110666
7677 5196 3 50000000 7671 1 7671
2013539 5054 7 100 2013521 0 2013513
175257 5120 4 100000 175243 1 175241
22780 5120 4 100000 22761 1 22758
1275671 5054 7 100 1275658 1 1275655
79412 5780 5 10000 79398 1 79396
1376471 5054 7 100 1376454 1 1376452
226648 5120 4 100000 226636 1 226633
1430420 5054 7 100 1430351 0 1430345
28380 5120 4 100000 28368 1 28365
629241 5832 6 1000 629225 1 629221
8166 5196 3 50000000 8159 1 8158
14940 5196 3 50000000 13847 0 13839
4021856 5054 7 100 4021842 1 4021839
1289091 5246 6 500 1289072 1 1289069
11327 5400 3 100000000 11313 1 11309
185066 5120 4 100000 185057 1 185055
3426551 5436 8 50 3426539 1 3426537
3708598 5436 8 50 3708589 1 3708587
511387 5832 6 1000 511373 1 511371
439135 5345 5 5000 438427 0 438421
9771 5400 3 100000000 9767 1 9766
307842 5835 4 500000 307829 1 307826
12877 5400 3 100000000 12866 1 12864
24000 5120 4 100000 23238 0 23227
241872 5120 4 100000 241859 1 241857
481485 5835 4 500000 481475 1 481472
1126631 5054 7 100 1126616 1 1126614
5558441 5436 8 50 5558035 0 5558025
214668 5120 4 100000 214660 0 214654
2311831 5054 7 100 2310982 0 2310977
122432 5780 5 10000 121601 0 121592
699004 5832 6 1000 698554 0 698540
202101 5400 3 100000000 202087 1 202084
566836 5780 5 10000 566143 0 566136
462969 5832 6 1000 462953 1 462951
247559 5780 5 10000 247542 1 247540
527487 5780 5 10000 527477 1 527474
72792 5780 5 10000 72781 1 72779
1982776 5054 7 100 1981789 0 1981780
178193 5400 3 100000000 178184 1 178182
486543 5246 6 500 486368 0 486360
1591958 5054 7 100 1591942 1 1591939
626005 5428 4 200000 625993 1 625991
1191284 5832 6 1000 1191269 1 1191267
13628 5400 3 100000000 12615 0 12605
890560 5832 6 1000 890546 0 890539
1854177 5054 7 100 1854163 1 1854161
310748 5780 5 10000 310727 1 310725
503003 5780 5 10000 502989 1 502988
334915 5246 6 500 334899 1 334897
573895 5832 6 1000 573149 0 573141
39709837 5819 11 10 39709829 1 39709824
1309296 5832 6 1000 1134513 0 1134502
9224 5196 3 50000000 9223 1 9215
455245 5780 5 10000 455230 1 455228
562048 5832 6 1000 562035 1 562033
1716947 5814 7 200 1716933 1 1716930
60010710 5819 11 10 60009771 0 60009765
54234 5120 4 100000 54222 1 54218
27853 5835 4 500000 27036 0 27028
502535 5832 6 1000 502526 1 502523
420622 5832 6 1000 420611 1 420609
10568 5400 3 100000000 9826 0 9815
1099064 5832 6 1000 1099043 1 1099042
1361963 5054 7 100 1361947 1 1361946
14465 5400 3 100000000 13642 0 13634
9035 5196 3 50000000 9025 1 9022
2857345 5054 7 100 2857330 1 2857328
550057 5832 6 1000 549753 0 549743
12666 5196 3 50000000 12659 1 12657
48939 5120 4 100000 48925 1 48922
920577 5832 6 1000 920560 1 920557
859965 5832 6 1000 859188 0 859180
342970 5780 5 10000 342959 1 342955
153623 5400 3 100000000 152817 0 152809
70259 5780 5 10000 70246 1 70244
282453 5780 5 10000 282437 0 282430
406247 5780 5 10000 405462 0 405454
193031 5120 4 100000 193017 1 193015
397988 5832 6 1000 397553 0 397545
174669 5219 4 125000 174411 0 174401
189295 5345 5 5000 189282 1 189280
930488 5832 6 1000 930477 1 930474
310676 5832 6 1000 310661 1 310657
968687 5246 6 500 968675 1 968672
1351504 5054 7 100 1351492 1 1351490
2283891 5054 7 100 2283878 1 2283875
12545 5196 3 50000000 12527 1 12524
435466 5780 5 10000 433874 0 433866
189812 5400 3 100000000 189798 1 189796
2663564 5054 7 100 2663549 1 2663546
190168 5780 5 10000 190149 1 190147
404691 5120 4 100000 404677 1 404676
1109098 5832 6 1000 1108222 0 1108215
523252 5832 6 1000 523237 1 523235
28668 5120 4 100000 28659 1 28657
10035 5196 3 50000000 10023 1 10022
468976 5832 6 1000 468539 0 468531
362048 5780 5 10000 362035 1 362033
11640 5400 3 100000000 11628 1 11626
112897 5120 4 100000 112891 1 112891
885629 5054 7 100 885613 1 885610
67449 5780 5 10000 67439 1 67435
543419 5780 5 10000 543409 1 543407
13701 5196 3 50000000 13693 1 13690
139287 5120 4 100000 139273 1 139271
204047149 5679 13 5 204047134 0 204047123
26792 5527 4 250000 26771 1 26770
192555 5780 5 10000 192539 1 192538
11076 5400 3 100000000 11063 1 11063
601702 5246 6 500 601691 1 601690
856317 5246 6 500 856301 1 856300
27179 5120 4 100000 27165 1 27163
529920 5832 6 1000 529909 1 529908
281784 5780 5 10000 281772 1 281771
6577410 5548 9 25 6577082 0 6577079
10371 5400 3 100000000 10359 1 10359
1345853 5832 6 1000 1345839 1 1345838
9017 5400 3 100000000 9006 1 9005
10571 5400 3 100000000 10557 1 10556
1365816 5832 6 1000 1365802 1 1365801
7828 5400 3 100000000 7815 1 7814
13854 5400 3 100000000 13837 1 13836
9697 5400 3 100000000 9690 1 9690
124843 5120 4 100000 124828 1 124827
8621 5196 3 50000000 8608 1 8607
1127041 5832 6 1000 1127025 1 1127024
1589178 5054 7 100 1589160 1 1589160
1623027 5054 7 100 1623011 1 1623010
33747117 5819 11 10 33747103 1 33747102
271738 5780 5 10000 271721 1 271720
495100 5832 6 1000 495078 1 495077
9511 5400 3 100000000 9496 1 9496
9916 5400 3 100000000 9908 1 9908
486186 5832 6 1000 486176 1 486175
470865 5780 5 10000 470850 1 470849
983866 5832 6 1000 983849 1 983848
190910 5120 4 100000 190896 1 190895
830136 5054 7 100 830121 1 830120
14590 5400 3 100000000 13662 0 13658
68769 5780 5 10000 68756 1 68755
369000 5832 6 1000 368985 1 368984
26152 5120 4 100000 25943 0 25940
1135824 5832 6 1000 1135810 1 1135810
183101 5780 5 10000 182999 0 182995
1395940 5832 6 1000 1395926 1 1395925
15249 5400 3 100000000 15240 1 15240
305024 5246 6 500 305009 1 305008
11763 5400 3 100000000 10846 0 10842
267191 5345 5 5000 267175 1 267175
12401 5400 3 100000000 12387 1 12387
241899 5780 5 10000 240885 0 240881
235818 5780 5 10000 235803 1 235802
856459 5832 6 1000 856444 1 856443
960158 5054 7 100 960137 1 960135
14228 5400 3 100000000 13257 0 13252
1312229 5054 7 100 1312216 1 1312215
647839 5054 7 100 647611 1 647610
297802 5120 4 100000 296896 0 296892
483529 5780 5 10000 483514 1 483513
36106 5835 4 500000 36094 1 36093
32270 5527 4 250000 32252 1 32251
13196 5196 3 50000000 13187 1 13187
150232 5400 3 100000000 150218 1 150217
3590952 5054 7 100 3590940 1 3590939
8867 5400 3 100000000 8859 1 8858
242709 5780 5 10000 242695 1 242695
7418 5400 3 100000000 7408 1 7407
1044158 5054 7 100 1044146 1 1044145
89043 5920 5 12500 89018 1 89016
498987 5832 6 1000 498973 1 498972
173498 5428 4 200000 173482 1 173481
1214808 5054 7 100 1214790 1 1214789
1428737 5054 7 100 1428726 1 1428725
175498 5780 5 10000 175084 0 175081
582752 5780 5 10000 581931 0 581927
140298 5780 5 10000 140237 1 140232
37957 5835 4 500000 37945 1 37944
825699 5832 6 1000 825682 1 825681
1794613 5054 7 100 1794603 1 1794602
154689 5832 6 1000 154674 0 154670
36174052 5819 11 10 36174036 1 36174035
29397698 5819 11 10 29397653 0 29397650
548683 5832 6 1000 548664 1 548663
1162009 5832 6 1000 1161165 0 1161162
9588 5400 3 100000000 9583 1 9582
