69269 5780 5 10000 69260 1 69253
285839 5054 7 100 284746 0 284724
64650 5780 5 10000 64639 1 64634
84863 5780 5 10000 84853 1 84849
23786 5120 4 100000 23064 0 23043
272329 5054 7 100 272331 0 272312
58932 5345 5 5000 58259 0 58234
56672 5780 5 10000 56658 1 56650
20885 5120 4 100000 20876 1 20872
81652 5780 5 10000 81640 1 81635
52756 5345 5 5000 52750 1 52744
161384 5832 6 1000 161374 1 161368
294273 5054 7 100 294264 1 294260
115638 5345 5 5000 115626 1 115621
146102 5832 6 1000 146086 1 146079
271077 5832 6 1000 271069 1 271063
314097 5054 7 100 314085 0 314066
10410 5196 3 50000000 10407 1 10404
93660 5345 5 5000 92950 0 92925
64540 5780 5 10000 63449 0 63422
256114 5832 6 1000 256104 1 256099
38291 5120 4 100000 38273 1 38267
42222 5120 4 100000 42212 1 42207
33476 5196 3 50000000 33402 1 33387
111675992 5679 13 5 111675973 1 111675970
1522444 5832 6 1000 1522428 1 1522426
275847 5345 5 5000 275836 1 275834
1099502 5054 7 100 1099489 1 1099486
338638 5832 6 1000 338629 1 338627
137262 5196 3 50000000 137255 1 137254
112318 5835 4 500000 112305 1 112303
10735 5400 3 100000000 10328 0 10310
81242 5196 3 50000000 81227 1 81224
12542 5400 3 100000000 12531 1 12529
136150 5120 4 100000 136142 1 136140
796129 5832 6 1000 795340 0 795323
364201 5780 5 10000 364192 1 364190
163682 5400 3 100000000 162966 0 162946
476824 5485 5 6250 475695 0 475672
343539 5120 4 100000 343528 1 343526
329649 5345 5 5000 329632 1 329630
172934 5120 4 100000 172923 1 172919
1129459 5054 7 100 1129446 1 1129444
11909 5400 3 100000000 11898 1 11896
1522191 5054 7 100 1514407 0 1514383
1374387 5054 7 100 1374374 1 1374372
918491 5832 6 1000 918479 1 918476
9314 5196 3 50000000 9306 1 9303
459586 5345 5 5000 459572 1 459569
176766 5780 5 10000 176400 0 176388
1841740 5054 7 100 1841727 1 1841725
229636 5428 4 200000 229612 1 229609
29438 5835 4 500000 29424 1 29420
538463 5832 6 1000 538454 1 538451
161950 5120 4 100000 161937 1 161935
11967 5400 3 100000000 11958 1 11957
248559 5780 5 10000 248548 1 248547
1331771 5054 7 100 1331756 1 1331754
202322 5400 3 100000000 202313 1 202309
1077179 5054 7 100 1077164 1 1077160
393682 5832 6 1000 393666 1 393664
2043987 5054 7 100 2043978 1 2043974
989478 5832 6 1000 989467 1 989464
240481 5780 5 10000 240468 1 240465
1312381 5054 7 100 1312368 1 1312366
254584 5120 4 100000 253912 0 253892
222144731 5679 13 5 222144715 1 222144712
1056980 5054 7 100 1056961 1 1056958
1357825 5054 7 100 1357808 0 1357800
182855 5400 3 100000000 182839 1 182837
1834715 5054 7 100 1833958 0 1833950
8218 5400 3 100000000 8206 1 8204
21501 5120 4 100000 21489 1 21487
100945 5527 4 250000 100931 1 100928
14665 5196 3 50000000 14652 1 14650
12628 5400 3 100000000 11781 0 11771
276284 5780 5 10000 276273 1 276271
284646 5780 5 10000 284632 1 284629
236929 5120 4 100000 236918 1 236915
201470 5345 5 5000 201457 1 201456
64184 5345 5 5000 64170 1 64168
1834806 5054 7 100 1834022 0 1834014
181136 5780 5 10000 180016 0 180009
421451 5780 5 10000 421436 1 421433
93590 5120 4 100000 93580 1 93578
467900 5780 5 10000 467888 1 467886
57318 5780 5 10000 57304 1 57301
99161 5835 4 500000 99143 1 99140
312898 5780 5 10000 312883 0 312875
9052 5400 3 100000000 9037 1 9034
191415648 5679 13 5 191415634 1 191415632
221729 5780 5 10000 220911 0 220907
10532 5400 3 100000000 10510 1 10509
143931 5780 5 10000 143914 1 143914
54618807 5819 11 10 54618789 0 54618786
1589119 5054 7 100 1589102 1 1589100
24065 5120 4 100000 24055 1 24054
26602 5120 4 100000 26498 0 26494
52614 5780 5 10000 52253 0 52251
10257 5400 3 100000000 10243 1 10242
1172271 5832 6 1000 1172257 1 1172256
1092476 5054 7 100 1092463 1 1092462
498803 5780 5 10000 498790 1 498790
462059 5780 5 10000 462048 1 462047
13403 5196 3 50000000 13390 1 13390
25404 5120 4 100000 24689 0 24686
1972350 5054 7 100 1972336 1 1972336
1746280 5054 7 100 1746264 1 1746262
1105121 5054 7 100 1105107 1 1105106
415001 5780 5 10000 414987 1 414987
459465 5780 5 10000 459046 0 459041
35586 5835 4 500000 35569 1 35569
1493162 5054 7 100 1492768 0 1492765
31742695 5819 11 10 31742676 1 31742675
22670 5120 4 100000 22655 1 22654
2601085 5054 7 100 2600336 0 2600332
188128 5120 4 100000 188119 1 188119
200127 5780 5 10000 199342 0 199338
34263677 5819 11 10 34263627 0 34263624
3628690 5436 8 50 3628254 0 3628250
161679 5780 5 10000 161279 0 161274
337015 5345 5 5000 336996 1 336992
137646 5120 4 100000 137631 1 137630
942465 5054 7 100 942452 1 942451
81498 5345 5 5000 81486 1 81486
69515 5527 4 250000 69500 1 69499
175612 5835 4 500000 175592 1 175591
181116 5527 4 250000 181103 1 181102
109680 5120 4 100000 109670 1 109669
366349 5832 6 1000 366334 1 366333
219293 5780 5 10000 218402 0 218399
82012 5400 3 100000000 81952 1 81951
2712406 5054 7 100 2712382 0 2712378
11682 5400 3 100000000 11671 1 11671
10863 5196 3 50000000 10054 0 10051
1265363 5246 6 500 1264508 0 1264503
71371 5345 5 5000 71357 1 71356
122755 5400 3 100000000 122741 0 122738
277288 5780 5 10000 277273 1 277272
20817 5835 4 500000 20806 1 20805
551357 5832 6 1000 551341 1 551340
17794 5835 4 500000 17783 1 17783
10917 5400 3 100000000 10906 1 10906
16819 5400 3 100000000 16036 0 16032
735307 5832 6 1000 735284 0 735280
154496 5196 3 50000000 153694 0 153689
607256 5832 6 1000 606268 0 606264
6375523 5436 8 50 6375511 1 6375510
869247 5246 6 500 869234 1 869233
200541 5780 5 10000 200526 1 200526
374199 5780 5 10000 374185 1 374183
92355 5400 3 100000000 92340 1 92339
1028563 5246 6 500 1028549 1 1028548
209717 5780 5 10000 209700 1 209699
10293 5196 3 50000000 10286 1 10286
309018 5246 6 500 308999 0 308996
307518 5832 6 1000 307503 0 307499
94449 5120 4 100000 94430 1 94429
216300 5780 5 10000 216282 1 216281
80603 5780 5 10000 80373 0 80370
1021342 5246 6 500 708222 0 708217
126869 5120 4 100000 126851 1 126851
1240020 5054 7 100 1239069 0 1239066
774042 5246 6 500 774028 1 774028
11337 5400 3 100000000 11327 1 11327
534620 5832 6 1000 533794 0 533790
75056 5780 5 10000 75041 1 75039
29462 5318 4 156250 29444 1 29443
919833 5054 7 100 919764 0 919761
14668 5400 3 100000000 13840 0 13836
127674 5835 4 500000 127651 0 127645
92228 5527 4 250000 92212 1 92210
850534 5246 6 500 850520 1 850518
1429035 5832 6 1000 1428209 0 1428204
27215 5527 4 250000 27199 1 27197
26919 5527 4 250000 26687 0 26683
283416 5780 5 10000 283403 1 283402
665785 5832 6 1000 665772 1 665771
662057 5832 6 1000 662043 1 662042
36346689 5819 11 10 36346672 1 36346671
23132 5120 4 100000 23120 1 23119
133263 5345 5 5000 133157 0 133154
353426 5780 5 10000 352602 0 352598
152851 5120 4 100000 151842 0 151838
556171 5246 6 500 556146 0 556143
238714 5196 3 50000000 237921 0 237917
143793 5120 4 100000 143786 1 143785
78937 5835 4 500000 78925 1 78924
1599912 5054 7 100 1599890 0 1599888
3393645 5054 7 100 3393634 1 3393633
119582 5120 4 100000 118535 0 118531
26720 5120 4 100000 25953 0 25951
700687 5054 7 100 700676 1 700675
1270223 5246 6 500 1269439 0 1269437
1229359 5814 7 200 1229344 1 1229343
135374 5780 5 10000 135367 1 135367
589695 5832 6 1000 589678 0 589674
932654 5832 6 1000 932640 1 932639
208953 5780 5 10000 208938 1 208937
10462 5400 3 100000000 10454 1 10454
149480 5428 4 200000 149470 1 149469
5198332 5436 8 50 5198318 1 5198317
179158 5400 3 100000000 12772 0 12766
33308076 5819 11 10 33308060 1 33308060
163575 5120 4 100000 163564 1 163562
13517 5196 3 50000000 12706 0 12702
11551 5400 3 100000000 11543 1 11543
802832 5832 6 1000 802818 1 802816
14804 5400 3 100000000 14793 1 14792
977746 5832 6 1000 977734 1 977732
889277 5832 6 1000 889265 1 889264
25807 5120 4 100000 25789 1 25788
976412 5054 7 100 976400 1 976400
1453088 5054 7 100 1453075 1 1453074
237018 5780 5 10000 237013 1 237012
186700 5345 5 5000 186683 1 186682
752418 5832 6 1000 752403 1 752402
357360 5780 5 10000 357351 1 357350
996790 5054 7 100 996779 1 996778
771319 5246 6 500 771307 1 771306
19851 5120 4 100000 19836 1 19836
3205661 5054 7 100 3204856 0 3204853
