100301 5832 6 1000 99508 0 99478
10095 5400 3 100000000 10088 1 10084
29140 5120 4 100000 29128 1 29124
286177 5054 7 100 285577 0 285561
9529 5400 3 100000000 9520 1 9515
26241 5120 4 100000 26232 1 26228
218859 5054 7 100 218850 1 218846
17200 5120 4 100000 17192 1 17188
11938 5196 3 50000000 11932 1 11929
113051 5832 6 1000 112463 0 112440
9186 5400 3 100000000 8423 0 8397
55227 5780 5 10000 55223 1 55215
12429 5196 3 50000000 12418 1 12412
188120 5832 6 1000 188091 1 188088
280618 5054 7 100 279967 0 279949
53103 5780 5 10000 53097 1 53093
22851 5835 4 500000 22840 1 22833
103676 5832 6 1000 103668 1 103663
413355 5054 7 100 413347 1 413342
11717 5196 3 50000000 11707 1 11702
149580 5832 6 1000 149231 0 149213
9284 5196 3 50000000 9274 1 9267
285013 5246 6 500 284995 1 284986
355391 5054 7 100 355384 1 355380
14545 5400 3 100000000 14532 1 14525
218489 5832 6 1000 217075 0 217048
544953 5054 7 100 544028 0 544000
378058 5054 7 100 378046 1 378039
258051 5435 6 625 258038 1 258032
10761 5196 3 50000000 10751 1 10746
142745 5832 6 1000 142750 0 142724
144746 5832 6 1000 143966 0 143937
67156 5780 5 10000 67144 1 67141
233622 5832 6 1000 233610 1 233600
11958 5400 3 100000000 11949 1 11942
69519 5780 5 10000 69414 0 69378
163566 5832 6 1000 163515 1 163509
8856 5400 3 100000000 7997 0 7973
63331 5920 5 12500 63324 1 63316
164667 5832 6 1000 164301 0 164257
85689 5780 5 10000 85687 1 85682
2912197 5163 9 20 2911479 0 2911443
23944 5120 4 100000 23948 1 23931
740058 5298 7 125 739229 0 739186
34228 5835 4 500000 34227 1 34213
66623 5780 5 10000 66624 1 66607
98192 5780 5 10000 97458 0 97418
23984 5835 4 500000 23984 1 23965
373641 5054 7 100 373649 1 373629
621767 5054 7 100 621764 1 621752
192061 5832 6 1000 192071 0 192030
83419 5780 5 10000 83418 1 83404
7447 5400 3 100000000 7445 1 7439
101760 5780 5 10000 100820 0 100798
27534 5120 4 100000 27532 1 27524
75831 5780 5 10000 75827 1 75806
76807 5780 5 10000 76803 1 76793
13186 5196 3 50000000 13188 1 13172
406901 5054 7 100 406917 0 406878
44347 5120 4 100000 44345 1 44333
12112 5196 3 50000000 12110 1 12099
21690 5120 4 100000 21687 1 21678
92846 5780 5 10000 92111 0 92072
36220 5120 4 100000 36219 1 36204
33298 5120 4 100000 33294 1 33277
159292 5832 6 1000 159294 1 159279
51887 5835 4 500000 51884 1 51871
1175323 5436 8 50 1175309 0 1175295
445190 5832 6 1000 445179 1 445176
197163 5780 5 10000 197151 1 197149
231432 5832 6 1000 231419 1 231415
24485 5120 4 100000 24478 1 24475
604248 5246 6 500 604236 1 604233
1352527 5436 8 50 1352512 1 1352510
31554 5835 4 500000 31459 0 31442
16763510 5819 11 10 16762733 0 16762715
320873 5832 6 1000 320863 1 320861
11391 5196 3 50000000 11382 1 11380
51558 5196 3 50000000 51547 1 51545
56333 5780 5 10000 56325 1 56323
38493 5120 4 100000 38028 0 38013
389055 5832 6 1000 389046 1 389043
308979 5780 5 10000 308280 0 308263
31848 5835 4 500000 31835 1 31833
11787 5400 3 100000000 11110 0 11096
137994 5780 5 10000 137990 1 137988
10475 5400 3 100000000 10468 1 10467
761634 5054 7 100 760814 0 760796
759982 5814 7 200 759972 1 759970
754094 5054 7 100 754080 1 754076
74462 5400 3 100000000 74447 1 74445
251040 5780 5 10000 250226 0 250209
440282 5832 6 1000 440269 1 440267
291031 5780 5 10000 291019 1 291017
573339 5298 7 125 573330 1 573328
24092 5835 4 500000 23311 0 23300
922247 5814 7 200 921445 0 921429
613634 5054 7 100 613625 1 613622
11924 5400 3 100000000 11912 1 11908
11693 5400 3 100000000 10986 0 10971
18503 5120 4 100000 18494 1 18492
72706 5780 5 10000 71985 0 71971
231897 5345 5 5000 231882 1 231879
7701 5400 3 100000000 7690 1 7687
80698 5196 3 50000000 80688 1 80686
18418389 5819 11 10 18418371 1 18418369
545028 5832 6 1000 545014 1 545010
91055 5345 5 5000 91045 0 91031
631469 5832 6 1000 631456 1 631454
1098676 5832 6 1000 1098666 1 1098663
21137176 5819 11 10 21137161 1 21137159
665628 5246 6 500 664887 0 664868
446072 5246 6 500 445071 0 445051
335846 5780 5 10000 335834 1 335832
325478 5832 6 1000 324723 0 324708
15469 5400 3 100000000 15458 1 15455
26428 5835 4 500000 26422 1 26421
117766 5345 5 5000 117755 1 117752
516835 5780 5 10000 516820 1 516818
2797976 5436 8 50 2797962 1 2797960
9035 5196 3 50000000 9027 1 9026
1181070 5054 7 100 1180159 0 1180128
176668 5120 4 100000 176661 1 176658
124831 5196 3 50000000 124815 1 124812
9812 5196 3 50000000 9412 0 9392
1640128 5054 7 100 1639185 0 1639165
26446219 5819 11 10 26446210 1 26446207
35825 5120 4 100000 35809 1 35808
407330 5780 5 10000 407322 1 407320
26798 5120 4 100000 26783 1 26782
162479 5120 4 100000 162466 1 162463
257139 5780 5 10000 257124 1 257121
1099229 5054 7 100 1097403 0 1097386
173946 5527 4 250000 173935 1 173933
430948 5832 6 1000 430937 1 430935
496969 5246 6 500 496959 1 496956
804544 5832 6 1000 804533 1 804530
351940 5120 4 100000 351928 1 351926
33082 5934 4 625000 33068 1 33066
9530 5400 3 100000000 9520 1 9518
148879 5780 5 10000 148866 1 148864
666593 5832 6 1000 666576 1 666573
183833 5780 5 10000 183822 1 183820
38305 5835 4 500000 38297 1 38295
847188 5054 7 100 846414 0 846404
445089 5832 6 1000 445079 1 445076
614422 5832 6 1000 614401 1 614398
76300 5120 4 100000 75496 0 75485
170721 5835 4 500000 170707 1 170705
2991699 5436 8 50 2991582 0 2991573
388085 5780 5 10000 388073 1 388072
1550535 5054 7 100 1549462 0 1549452
21199 5835 4 500000 20189 0 20175
1112249 5054 7 100 1112245 1 1112243
23633 5835 4 500000 23623 0 23611
141961 5345 5 5000 141950 1 141948
31941 5835 4 500000 31931 1 31929
155219 5196 3 50000000 155207 1 155204
35601290 5819 11 10 35601176 0 35601167
1423731 5054 7 100 1423721 1 1423718
52898 5345 5 5000 52879 1 52876
745908 5832 6 1000 745891 1 745888
88201 5527 4 250000 88189 1 88186
545067 5345 5 5000 543909 0 543902
27357 5120 4 100000 27350 1 27348
69051 5780 5 10000 69039 1 69037
105907 5120 4 100000 105890 1 105888
490080 5780 5 10000 490067 1 490064
12030 5400 3 100000000 12021 1 12019
182691 5835 4 500000 181914 0 181904
1402100 5054 7 100 1402088 1 1402086
261357 5120 4 100000 261345 1 261342
67766 5345 5 5000 67752 1 67749
1170523 5832 6 1000 1169587 0 1169575
12400 5196 3 50000000 12390 1 12386
309025 5246 6 500 309014 1 309011
1426537 5054 7 100 1426523 1 1426518
11961 5400 3 100000000 11180 0 11169
3653092 5054 7 100 3652138 0 3652129
1241407 5832 6 1000 1241399 1 1241396
24043 5835 4 500000 24029 1 24027
1221853 5832 6 1000 1221017 0 1221007
913473 5832 6 1000 913462 1 913460
4670892 5298 7 125 4670880 1 4670876
221867 5120 4 100000 215096 0 215088
2321565 5054 7 100 2321548 1 2321546
708366 5832 6 1000 708354 1 708353
9976 5400 3 100000000 9970 1 9968
246258 5780 5 10000 246245 1 246241
1045747 5054 7 100 1045732 1 1045729
212809 5120 4 100000 212048 0 212037
7172 5400 3 100000000 7168 1 7167
11472 5196 3 50000000 11466 1 11463
185149 5780 5 10000 185137 1 185134
25687 5120 4 100000 25676 1 25675
33760 5527 4 250000 33747 1 33745
142002 5120 4 100000 141989 1 141986
209359 5527 4 250000 209352 1 209349
678011 5246 6 500 676952 0 676944
158947 5400 3 100000000 158808 0 158799
908832 5054 7 100 908819 1 908816
25545 5120 4 100000 25524 1 25521
703649 5832 6 1000 703637 1 703634
550243 5780 5 10000 550231 1 550228
250254 5780 5 10000 249259 0 249251
134822 5835 4 500000 133878 0 133867
2757970 5054 7 100 2757961 1 2757957
