168498 5832 6 1000 168488 1 168480
13950 5196 3 50000000 13941 1 13935
53169 5345 5 5000 53162 1 53159
72816 5780 5 10000 72802 1 72795
151315 5832 6 1000 151317 0 151292
24365 5120 4 100000 24353 1 24347
7251 5400 3 100000000 7241 1 7235
162631 5246 6 500 162618 1 162612
125143 5832 6 1000 125130 1 125121
126193 5832 6 1000 126182 1 126176
392925 5054 7 100 392916 1 392913
50113 5120 4 100000 49404 0 49376
114000 5780 5 10000 113994 1 113988
158452 5832 6 1000 158448 0 158440
57821 5120 4 100000 57816 1 57814
140823 5832 6 1000 140800 1 140795
93416 5780 5 10000 93406 1 93402
381683 5054 7 100 380664 0 380638
814160 5054 7 100 814150 1 814143
26971 5120 4 100000 26266 0 26243
8289 5400 3 100000000 8286 1 8284
177885 5832 6 1000 177102 0 177077
359014 5054 7 100 358135 0 358115
36029 5120 4 100000 35365 0 35340
65502 5780 5 10000 65431 1 65429
375962 5054 7 100 375320 0 375302
1260325 5436 8 50 1260315 1 1260313
115623 5780 5 10000 115613 1 115611
12027 5196 3 50000000 12019 1 12015
7712 5196 3 50000000 7705 1 7703
1409148 5436 8 50 1409136 1 1409132
29497 5835 4 500000 28669 0 28654
14581 5196 3 50000000 13549 0 13539
8874 5400 3 100000000 8863 1 8860
462663 5246 6 500 462651 0 462636
26984 5120 4 100000 26973 1 26970
135213 5345 5 5000 135200 1 135198
72104 5780 5 10000 72092 1 72089
427952 5054 7 100 427942 1 427940
100231 5345 5 5000 100214 1 100212
101811 5120 4 100000 101802 1 101799
1021020 5054 7 100 1021004 1 1021001
13168 5400 3 100000000 13153 1 13150
291871 5246 6 500 291853 1 291850
11639 5196 3 50000000 11630 1 11629
131969 5780 5 10000 131956 1 131954
12448 5400 3 100000000 12431 1 12428
508681 5832 6 1000 508670 1 508667
311772 5832 6 1000 311761 1 311760
222502 5780 5 10000 221667 0 221646
947168 5054 7 100 947153 1 947150
529637 5832 6 1000 529627 1 529624
261963 5832 6 1000 261952 1 261948
401129 5832 6 1000 400138 0 400120
19341414 5819 11 10 19341406 1 19341404
32483 5120 4 100000 32470 1 32467
462340 5832 6 1000 461550 0 461528
31739963 5819 11 10 31739951 0 31739935
202180 5835 4 500000 202168 1 202165
9238 5400 3 100000000 9230 1 9229
753284 5054 7 100 753274 0 753261
73380 5780 5 10000 73367 1 73366
3216526 5436 8 50 3216526 0 3216508
60589 5780 5 10000 60578 1 60575
836049 5832 6 1000 836037 1 836034
24196643 5819 11 10 24196630 1 24196628
108373 5835 4 500000 108356 1 108353
9452 5196 3 50000000 9444 1 9442
518706 5780 5 10000 518701 1 518700
134192 5120 4 100000 134176 1 134173
325417 5527 4 250000 324461 0 324444
21140 5835 4 500000 21126 1 21124
208288 5400 3 100000000 208280 1 208277
141200 5780 5 10000 141193 1 141191
644025 5780 5 10000 644013 1 644010
178184 5835 4 500000 177372 0 177350
579230 5832 6 1000 578488 0 578480
166097 5835 4 500000 166083 1 166080
690554 5832 6 1000 690440 0 690422
897850 5832 6 1000 897833 1 897831
286427 5780 5 10000 286424 1 286407
283508 5120 4 100000 282835 0 282817
990617 5054 7 100 990602 1 990599
60970 5345 5 5000 60959 1 60954
395669 5832 6 1000 395652 0 395637
44357365 5819 11 10 44357355 1 44357350
4185116 5054 7 100 4185101 1 4185098
63370 5120 4 100000 63357 1 63353
3236581 5814 7 200 3236575 1 3236574
1112825 5054 7 100 1112811 1 1112808
722629 5643 6 800 722616 1 722614
30570 5120 4 100000 29731 0 29722
11646 5400 3 100000000 11634 1 11632
40675076 5819 11 10 40674617 0 40674606
287972 5120 4 100000 287960 1 287956
181125 5835 4 500000 181110 0 181102
1330636 5832 6 1000 1329673 0 1329664
106671 5120 4 100000 106659 1 106657
207748 5780 5 10000 207731 1 207728
1223402 5345 5 5000 1222561 0 1222550
38719535 5819 11 10 38719522 1 38719520
596748 5780 5 10000 299050 0 299039
487092 5780 5 10000 487080 1 487078
1950271 5054 7 100 1950023 0 1950013
24091 5120 4 100000 24082 1 24079
194015 5400 3 100000000 194004 1 194002
1769733 5832 6 1000 1768896 0 1768887
228298 5780 5 10000 228286 1 228284
239010 5835 4 500000 238997 1 238994
804723 5054 7 100 804709 1 804706
485580 5120 4 100000 485567 1 485564
200358 5120 4 100000 200347 1 200344
403429 5832 6 1000 403424 1 403424
387687 5780 5 10000 387672 1 387669
583930 5832 6 1000 582850 0 582846
1704180 5054 7 100 1703397 0 1703388
208266 5832 6 1000 208250 1 208248
54923977 5819 11 10 54923962 1 54923960
12846 5400 3 100000000 12832 1 12828
197857 5780 5 10000 197813 0 197807
483603 5832 6 1000 483585 0 483578
524426 5832 6 1000 524367 0 524359
139520624 5679 13 5 139520603 1 139520602
485182 5246 6 500 485164 0 485161
11503 5400 3 100000000 11489 1 11488
175905 5400 3 100000000 175087 0 175083
1103959 5832 6 1000 1103941 1 1103940
40259 5835 4 500000 39314 0 39310
2004370 5054 7 100 2002187 0 2002184
84180 5400 3 100000000 84172 1 84170
1719709 5246 6 500 1719701 1 1719701
10294 5196 3 50000000 10279 1 10278
231583 5120 4 100000 231564 1 231563
129226 5120 4 100000 129214 1 129213
1700367 5054 7 100 1700339 1 1700338
38916005 5819 11 10 38915986 0 38915983
75989 5345 5 5000 75796 0 75791
160361 5780 5 10000 160346 1 160345
7698433 5163 9 20 7698400 0 7698395
14493 5196 3 50000000 14475 1 14475
186076 5400 3 100000000 186055 1 186054
138012 5120 4 100000 137995 1 137993
185380 5120 4 100000 185360 1 185359
1462620 5054 7 100 1462467 0 1462462
409856 5345 5 5000 409840 1 409839
11026 5400 3 100000000 10241 0 10239
1966346 5054 7 100 1965256 0 1965253
447011 5780 5 10000 446988 1 446987
1116762 5832 6 1000 1116748 1 1116747
100173 5835 4 500000 99757 0 99753
319450 5345 5 5000 319433 1 319432
178118 5120 4 100000 178103 1 178102
172803 5120 4 100000 172784 1 172783
1648058 5054 7 100 1647055 0 1647051
11403 5400 3 100000000 10580 0 10577
163293 5120 4 100000 163280 1 163280
1397590 5054 7 100 1397579 1 1397578
903934 5832 6 1000 903915 1 903915
559708 5832 6 1000 558888 0 558884
1981804 5054 7 100 1981787 1 1981786
449911 5780 5 10000 449898 1 449898
278594 5780 5 10000 278578 1 278577
25796 5120 4 100000 25780 1 25779
1231294 5054 7 100 1231059 0 1231054
78092 5527 4 250000 78084 1 78084
1734518 5054 7 100 1733584 0 1733581
1224128 5832 6 1000 1224110 1 1224109
1181105 5832 6 1000 1181089 1 1181088
1785554 5054 7 100 1784483 0 1784479
746475 5054 7 100 746459 1 746458
83906 5920 5 12500 83887 1 83886
754891 5832 6 1000 754145 0 754141
254690 5780 5 10000 254678 1 254676
197361 5780 5 10000 197342 1 197341
1411744 5054 7 100 1411730 1 1411728
14594 5400 3 100000000 14580 1 14579
317553 5120 4 100000 317347 0 317344
10072 5400 3 100000000 10060 1 10059
10147 5400 3 100000000 10126 1 10125
163668 5196 3 50000000 163655 1 163655
418911 5780 5 10000 418894 1 418893
45557937 5819 11 10 45557920 1 45557919
792921 5832 6 1000 792899 1 792898
14051 5196 3 50000000 14036 1 14035
403670 5832 6 1000 402859 0 402855
223306 5120 4 100000 223289 1 223287
112160 5120 4 100000 112144 1 112143
666839 5345 5 5000 666036 0 666032
13135 5400 3 100000000 13122 1 13121
31387033 5819 11 10 31387004 0 31386999
661357 5345 5 5000 661350 1 661349
13212 5400 3 100000000 13197 1 13196
13331 5196 3 50000000 13311 1 13310
198343 5835 4 500000 197519 0 197514
32856 5120 4 100000 32840 1 32839
896618 5054 7 100 896607 1 896606
254578 5780 5 10000 254567 1 254567
322711 5832 6 1000 322667 0 322663
133252 5120 4 100000 132825 0 132821
1087177 5054 7 100 1087148 1 1087147
170467 5400 3 100000000 169686 0 169682
28865 5120 4 100000 28855 1 28855
598865 5780 5 10000 598083 0 598079
985664 5832 6 1000 985650 1 985649
194696 5780 5 10000 194683 1 194682
8927 5196 3 50000000 8919 1 8919
515763 5780 5 10000 514596 0 514593
676783 5345 5 5000 676774 1 676773
1227313 5054 7 100 1227295 1 1227295
485656 5246 6 500 485641 1 485641
29933 5835 4 500000 29915 1 29914
497957 5832 6 1000 497917 0 497915
636570 5832 6 1000 636245 0 636240
468189 5832 6 1000 468172 1 468171
267217 5120 4 100000 267202 1 267201
547886 5246 6 500 547869 1 547868
150006 5345 5 5000 149991 1 149990
404312 5832 6 1000 404302 1 404301
385547 5345 5 5000 385532 1 385532
128516 5400 3 100000000 128503 1 128502
