1641638 6400 8 100 1641627 1 1641624
22260 6859 4 5000000 22217 0 22186
1400229 6400 8 100 1400218 1 1400216
21689 6144 4 1000000 21677 1 21674
56561 6859 4 5000000 56552 1 56551
18161 6144 4 1000000 18152 1 18150
70190 6144 4 1000000 70179 0 70162
26320 6144 4 1000000 26304 1 26302
80240 6144 4 1000000 80231 1 80229
1483966 6400 8 100 1483958 1 1483957
32171 6243 4 1250000 32165 1 32152
2887228 6743 9 50 2887216 1 2887213
26580 6243 4 1250000 26567 1 26565
299558 6355 5 25000 298838 0 298821
24330 6760 4 4000000 24321 1 24319
62220 6859 4 5000000 62210 1 62209
82713 6144 4 1000000 82700 1 82696
229985 6452 4 2000000 22164 0 22137
60175 6144 4 1000000 60164 1 60161
91393 6144 4 1000000 91385 1 91382
37014 6859 4 5000000 35647 0 35630
39458 6144 4 1000000 39447 1 39445
29865257 6912 12 10 29865260 0 29865243
28372 6144 4 1000000 28361 1 28358
728110 6820 7 500 727425 0 727409
632449 6605 6 2500 632437 1 632429
2778348 6400 8 100 2778338 1 2778335
3573624 6400 8 100 3572949 0 3572936
98156 6144 4 1000000 98144 1 98142
2952955 6400 8 100 2952941 1 2952937
25915 6859 4 5000000 25385 0 25360
73773 6355 5 25000 73761 1 73759
732060 6605 6 2500 732049 1 732046
63842 6790 5 50000 63832 1 63830
4684087 6743 9 50 4684078 1 4684073
25043 6859 4 5000000 25033 1 25032
90952 6144 4 1000000 90936 1 90934
488266 6649 5 40000 488249 1 488246
29337 6859 4 5000000 29324 1 29322
4357915 6400 8 100 4357088 0 4357068
25146 6144 4 1000000 25140 1 25139
42749 6144 4 1000000 41835 0 41819
28983 6452 4 2000000 28599 0 28582
1492424 6820 7 500 1491449 0 1491424
63085991 6912 12 10 63085429 0 63085417
1831825 6820 7 500 1831821 1 1831820
351604 6650 4 3125000 351590 1 351588
4442579 6400 8 100 4442563 0 4442552
354183 6859 4 5000000 354170 1 354166
3823134 6059 7 250 3823123 1 3823121
3621815 6400 8 100 3621796 1 3621793
27883 6551 4 2500000 27418 0 27409
2486686 6400 8 100 2486666 0 2486660
102097 6144 4 1000000 102084 1 102082
606180 6214 5 20000 606168 1 606166
33487 6859 4 5000000 33477 1 33476
1060608 6417 6 2000 1060353 0 1060344
349765 6790 5 50000 349751 1 349748
24172 6551 4 2500000 24157 1 24154
2094896 6820 7 500 2094884 1 2094882
3627112 6400 8 100 3627096 1 3627093
33337 6859 4 5000000 33320 1 33317
562610 6020 6 1250 562598 1 562596
190147 6790 5 50000 190130 1 190127
109783 6452 4 2000000 109773 1 109770
4795078 6400 8 100 4795061 1 4795059
146155 6144 4 1000000 146140 1 146138
21681 6144 4 1000000 21665 1 21663
564235 6793 6 3125 564217 1 564215
3151831 6400 8 100 3151816 1 3151814
23320276 6766 10 25 23320260 1 23320257
308801 6551 4 2500000 307997 0 307989
600258 6355 5 25000 599198 0 599191
34707 6144 4 1000000 33721 0 33705
14930 6144 4 1000000 14919 1 14917
27661 6144 4 1000000 26827 0 26817
26271 6144 4 1000000 25353 0 25328
141151 6859 4 5000000 141138 1 141135
25255 6551 4 2500000 24346 0 24337
1999894 6059 7 250 1999877 1 1999874
30460 6144 4 1000000 30449 1 30446
6017974 6743 9 50 6017956 0 6017946
476077 6214 5 20000 476060 1 476058
206172 6958 4 6250000 206140 1 206138
3484509 6400 8 100 3484492 1 3484484
5092157 6400 8 100 5092140 1 5092137
24334 6859 4 5000000 23619 0 23612
136951 6790 5 50000 136091 0 136084
23055 6144 4 1000000 23045 0 23038
27821 6144 4 1000000 27809 1 27806
223372 6790 5 50000 222479 0 222467
22151 6859 4 5000000 22142 1 22139
239932 6790 5 50000 239914 1 239911
115351 6144 4 1000000 115339 1 115337
252621 6144 4 1000000 252604 0 252596
32844 6859 4 5000000 32829 1 32828
223150 6551 4 2500000 223134 1 223134
212872 6144 4 1000000 212859 1 212858
4164440 6400 8 100 4164424 0 4164421
3293346 6400 8 100 3293330 1 3293329
3129321 6400 8 100 3129304 1 3129303
170927 6144 4 1000000 170912 1 170911
2915064 6400 8 100 2914221 0 2914217
3183227 6400 8 100 3183204 0 3183200
3933187 6400 8 100 3933170 1 3933169
6123643 6400 8 100 6123634 1 6123633
281398 6790 5 50000 281378 1 281377
407648 6551 4 2500000 407636 1 407635
647152 6790 5 50000 647137 1 647136
30936 6859 4 5000000 30928 1 30928
4495870 6400 8 100 4494750 0 4494747
214326 6144 4 1000000 214312 1 214311
367421 6790 5 50000 367410 1 367410
31638 6144 4 1000000 30640 0 30635
155373 6144 4 1000000 155362 1 155360
1080119 6059 7 250 1080094 0 1080091
98509 6144 4 1000000 98486 1 98485
633506 6020 6 1250 633491 1 633490
1924629 6820 7 500 1924600 0 1924597
1703143 6820 7 500 1703129 1 1703128
146509 6859 4 5000000 146497 1 146495
281088 6790 5 50000 281075 1 281075
23170 6144 4 1000000 23139 1 23138
90502818 6912 12 10 90502800 1 90502799
3231135 6400 8 100 3231114 0 3231111
25870 6144 4 1000000 25855 1 25854
1239442 6820 7 500 1237790 0 1237786
84301 6144 4 1000000 83472 0 83466
114924 6144 4 1000000 114901 0 114898
807511 6605 6 2500 807496 1 807495
203849 6144 4 1000000 202924 0 202920
61319 6790 5 50000 61306 1 61305
1040218 6820 7 500 1039173 0 1039170
161977 6144 4 1000000 161960 1 161958
2131037 6400 8 100 2130991 0 2130988
4002672 6400 8 100 4001874 0 4001871
62401621 6912 12 10 62401606 1 62401604
113901 6958 4 6250000 113888 1 113886
2275186 6400 8 100 2275168 1 2275167
24732 6144 4 1000000 24525 0 24522
53143 6859 4 5000000 53131 1 53131
97954 6790 5 50000 97944 1 97943
2679808 6400 8 100 2679793 1 2679792
38199 6859 4 5000000 38189 1 38189
589515 6417 6 2000 588715 0 588712
158186 6144 4 1000000 157508 0 157505
125623 6355 5 25000 125613 1 125612
1670862 6400 8 100 1670851 1 1670851
24456 6452 4 2000000 24441 1 24440
127240 6859 4 5000000 127227 1 127225
555957 6020 6 1250 555237 0 555233
98610 6144 4 1000000 98597 1 98596
2257512 6400 8 100 2254477 0 2254474
33215 6859 4 5000000 33199 1 33199
120244 6243 4 1250000 120236 1 120236
42308271 6912 12 10 42308255 1 42308254
1561354 6400 8 100 1561339 1 1561338
22996 6144 4 1000000 22979 1 22978
103745 6214 5 20000 103738 1 103737
1404719 6400 8 100 1404703 1 1404702
70519 6144 4 1000000 70485 0 70481
79657 6958 4 6250000 78828 0 78824
42313 6144 4 1000000 42297 1 42296
29730 6144 4 1000000 29715 1 29714
40146617 6912 12 10 40146463 0 40146457
105492 6859 4 5000000 105479 1 105478
171463 6790 5 50000 170771 0 170768
88164 6859 4 5000000 88153 1 88152
98398 6144 4 1000000 98387 1 98387
27037 6859 4 5000000 27027 1 27027
895189 6400 8 100 895176 1 895175
758169 6059 7 250 757922 0 757918
43009 6144 4 1000000 42997 1 42996
2366974 6400 8 100 2366958 1 2366957
92619 6859 4 5000000 92608 1 92607
77692 6790 5 50000 77679 1 77678
338305 6605 6 2500 337417 0 337413
228594 6214 5 20000 227766 0 227762
92189 6452 4 2000000 91347 0 91342
380760 6417 6 2000 380738 0 380733
26094 6452 4 2000000 26081 1 26080
29500 6144 4 1000000 29489 1 29488
25982 6144 4 1000000 25964 1 25962
1325281 6400 8 100 1325266 0 1325263
102069 6144 4 1000000 102052 1 102052
485778 6820 7 500 485354 0 485350
77422 6144 4 1000000 77414 1 77413
215687 6790 5 50000 133579 0 133574
77260 6790 5 50000 77248 1 77247
61524 6790 5 50000 61512 1 61511
26563 6144 4 1000000 26551 1 26549
29135 6551 4 2500000 28412 0 28408
32832 6551 4 2500000 32820 1 32819
49633 6790 5 50000 47044 0 47041
37727 6859 4 5000000 37718 1 37717
100500 6214 5 20000 99669 0 99666
3916283 6743 9 50 3916267 1 3916266
89817 6342 4 1562500 89806 1 89805
1311488 6400 8 100 1311471 0 1311467
37111190 6912 12 10 37110844 0 37110840
3492449 6400 8 100 3492433 1 3492432
74353 6859 4 5000000 74342 1 74340
114625 6355 5 25000 114618 1 114616
1202011 6710 8 125 1201991 1 1201990
76947 6144 4 1000000 76933 1 76931
1575595 6400 8 100 1575582 1 1575581
154636 6790 5 50000 153875 0 153872
31108 6144 4 1000000 31096 1 31095
2051334 6400 8 100 2051325 1 2051324
48548 6144 4 1000000 48539 1 48538
21086 6144 4 1000000 20380 0 20376
3495608 6743 9 50 3495594 1 3495593
106457 6144 4 1000000 106446 1 106446
