558677 6575 7 400 554195 0 554150
85535 6355 5 25000 85553 1 85519
27338 6144 4 1000000 27325 1 27322
50928 6144 4 1000000 50999 0 50905
50009 6144 4 1000000 49996 1 49995
1274452 6400 8 100 1274444 0 1274431
198952 6790 5 50000 198943 1 198941
78985 6790 5 50000 78970 1 78966
95882 6859 4 5000000 95441 0 95422
120854 6859 4 5000000 120845 1 120842
23970 6144 4 1000000 23527 0 23513
136058 6355 5 25000 136053 1 136051
67882 6144 4 1000000 67874 1 67870
45112759 6912 12 10 45112801 1 45112733
30488 6144 4 1000000 30475 1 30473
20087 6144 4 1000000 20078 1 20076
109866 6355 5 25000 108974 0 108955
488164 6605 6 2500 488153 1 488150
110334829 6912 12 10 110334812 1 110334809
83226874 6912 12 10 83226863 1 83226860
2701689 6400 8 100 2701674 1 2701670
820098 6820 7 500 820086 1 820084
213964 6144 4 1000000 213949 1 213947
28001 6859 4 5000000 27989 1 27988
124216 6144 4 1000000 124206 1 124204
1071932 6820 7 500 1071920 1 1071918
3002221 6820 7 500 3002203 1 3002201
29424 6859 4 5000000 28602 0 28595
3857171 6400 8 100 3857158 1 3857155
372791 6355 5 25000 372780 1 372776
179148 6144 4 1000000 179135 1 179132
24569 6452 4 2000000 23790 0 23783
243790 6243 4 1250000 243779 1 243778
4294627 6400 8 100 4294142 0 4294129
25098 6144 4 1000000 25088 1 25086
371851 6790 5 50000 371837 1 371834
6632274 6743 9 50 6632258 1 6632255
221107 6790 5 50000 221085 1 221081
498493 6790 5 50000 498481 1 498479
185703 6551 4 2500000 185691 1 185688
199857 6144 4 1000000 199848 1 199846
2292363 6710 8 125 2292350 1 2292348
22678 6144 4 1000000 22664 1 22661
20522 6144 4 1000000 20510 1 20509
696566 6059 7 250 696555 1 696553
25708 6144 4 1000000 25692 1 25690
29355 6859 4 5000000 29337 1 29335
66163 6859 4 5000000 66151 1 66149
104512 6144 4 1000000 104498 1 104496
3586524 6400 8 100 3586502 0 3586495
2203072 6400 8 100 2203059 1 2203057
1094696 6059 7 250 1094635 0 1094627
2665401 6400 8 100 2665394 1 2665392
3395492 6400 8 100 3395485 1 3395484
2964562 6400 8 100 2964550 1 2964547
33906 6144 4 1000000 31481 0 31476
22150 6144 4 1000000 22143 1 22143
243828 6355 5 25000 243814 1 243812
33912 6859 4 5000000 33899 1 33898
7483783 6743 9 50 7483770 1 7483768
85213843 6912 12 10 85213272 0 85213268
26007 6144 4 1000000 25742 0 25735
322140 6144 4 1000000 322128 1 322127
440181 6355 5 25000 440163 0 440159
115684 6859 4 5000000 115667 1 115666
133570 6144 4 1000000 133556 1 133555
42084 6859 4 5000000 42072 1 42072
7159097 6743 9 50 7158984 0 7158981
76239433 6912 12 10 76238147 0 76238144
714746 6820 7 500 714736 1 714735
45791 6144 4 1000000 45090 0 45088
138560 6859 4 5000000 137762 0 137759
4182842 6400 8 100 4182816 1 4182815
69782 6790 5 50000 68859 0 68856
2566445 6400 8 100 2566421 1 2566420
133181 6144 4 1000000 133163 1 133162
44028 6144 4 1000000 44012 1 44011
77912 6144 4 1000000 77901 1 77900
194233 6144 4 1000000 194216 1 194215
154201 6790 5 50000 154182 1 154181
3263958 6400 8 100 3263848 0 3263846
105663 6144 4 1000000 105646 1 105646
2570047 6400 8 100 2569484 0 2569481
1285208 6820 7 500 1285184 1 1285183
2733117 6400 8 100 2733096 0 2733092
2399745 6400 8 100 2399731 1 2399730
1772789 6400 8 100 1772772 1 1772772
81146 6355 5 25000 80093 0 80089
495559 6605 6 2500 495542 0 495537
851183 6020 6 1250 851169 1 851168
2723424 6400 8 100 2723406 1 2723405
3357969 6400 8 100 3357951 1 3357951
276748 6790 5 50000 276737 1 276736
80294070 6912 12 10 80294048 0 80294046
120174 6355 5 25000 120164 1 120163
109759 6859 4 5000000 108551 0 108549
1248870 6605 6 2500 1248033 0 1248029
30233 6144 4 1000000 29390 0 29382
791313 6605 6 2500 790316 0 790313
111583 6243 4 1250000 111574 1 111573
196983 6355 5 25000 196966 1 196964
4886595 6743 9 50 4886589 1 4886588
195215 6790 5 50000 195203 1 195203
23540 6452 4 2000000 23118 0 23114
233159 6859 4 5000000 233144 1 233143
31284 6243 4 1250000 31272 1 31271
187982 6144 4 1000000 187968 1 187967
424813 6060 5 15625 424803 1 424802
208556 6790 5 50000 207725 0 207722
5378285 6400 8 100 5378275 1 5378273
1287712 6820 7 500 1287695 1 1287694
35319 6551 4 2500000 34394 0 34389
1938584 6820 7 500 1938570 1 1938569
791916 6820 7 500 791899 1 791897
2603132 6400 8 100 2602727 0 2602722
120181 6144 4 1000000 120166 1 120165
340727 6790 5 50000 339813 0 339808
237589 6790 5 50000 237192 0 237188
211111 6930 5 62500 211095 1 211094
117592 6452 4 2000000 117578 1 117577
29905 6859 4 5000000 29893 1 29892
108637 6452 4 2000000 108625 1 108624
5554933 6400 8 100 5554117 0 5554112
130475 6144 4 1000000 130463 1 130463
40905 6452 4 2000000 39935 0 39931
63312488 6912 12 10 63311853 0 63311850
160336 6790 5 50000 160323 1 160322
1037156 6820 7 500 1037143 1 1037142
324507 6355 5 25000 323779 0 323776
167998 6551 4 2500000 167981 1 167980
28424 6144 4 1000000 28411 1 28410
4551312 6400 8 100 4551304 1 4551303
26028 6859 4 5000000 26021 1 26020
161060 6144 4 1000000 161050 1 161049
580352 6605 6 2500 580340 1 580339
3934407 6400 8 100 3933620 0 3933616
28150 6144 4 1000000 28137 1 28136
2557977 6400 8 100 2557964 1 2557963
27616 6144 4 1000000 27602 1 27601
190198 6144 4 1000000 190183 1 190182
26315 6452 4 2000000 25836 0 25831
148117 6144 4 1000000 148103 1 148102
31874 6144 4 1000000 31852 1 31851
30606 6144 4 1000000 30594 1 30594
3551123 6400 8 100 3551104 1 3551103
2577521 6059 7 250 2576679 0 2576676
64849 6144 4 1000000 64016 0 64011
113915 6144 4 1000000 113427 0 113422
25691 6144 4 1000000 25677 1 25676
32491 6144 4 1000000 32478 1 32477
129940 6605 6 2500 129923 0 129919
314879 6144 4 1000000 314865 1 314865
136870 6790 5 50000 136857 1 136856
32871 6144 4 1000000 32856 1 32855
27963 6144 4 1000000 27956 1 27955
2591715 6400 8 100 2591701 1 2591701
232441 6214 5 20000 232422 0 232418
2828081 6400 8 100 2828067 1 2828067
852242 6820 7 500 852231 1 852230
84257 6790 5 50000 83459 0 83455
243524 6452 4 2000000 243512 1 243511
319110 6790 5 50000 319093 0 319090
169394 6760 4 4000000 169379 1 169378
315313 6790 5 50000 315302 1 315301
266729 6144 4 1000000 266718 1 266716
22231 6144 4 1000000 22221 1 22220
3793100 6400 8 100 3793090 1 3793089
1151973 6820 7 500 1151951 1 1151950
179172 6790 5 50000 179152 0 179148
174752 6790 5 50000 174742 1 174741
6033946 6743 9 50 6033918 0 6033914
127514 6144 4 1000000 126729 0 126725
26585 6144 4 1000000 26572 1 26571
2666468 6400 8 100 2666352 0 2666348
757604 6605 6 2500 756780 0 756776
30726 6859 4 5000000 30715 1 30714
30576 6859 4 5000000 29717 0 29714
2816981 6400 8 100 2816971 1 2816971
130520 6144 4 1000000 130511 1 130509
479645 6790 5 50000 478780 0 478776
110436 6551 4 2500000 110421 1 110420
12875200 6766 10 25 12875190 1 12875189
1381504 6820 7 500 1381489 1 1381488
134099 6551 4 2500000 133144 0 133140
129276 6144 4 1000000 129260 1 129259
2400497 6400 8 100 2400480 1 2400480
1803596 6400 8 100 1802134 0 1802129
70835 6144 4 1000000 70824 1 70823
63474 6144 4 1000000 63459 1 63458
1785378 6400 8 100 1785366 1 1785365
2352129 6400 8 100 2352111 0 2352107
463052 6605 6 2500 463030 1 463029
2114753 6820 7 500 2113899 0 2113896
255660 6790 5 50000 255646 1 255645
88498 6144 4 1000000 87666 0 87662
343945 6790 5 50000 343139 0 343135
201738 6790 5 50000 201727 1 201726
118165 6859 4 5000000 118155 1 118154
23520 6144 4 1000000 23511 1 23510
2402316 6400 8 100 2394680 0 2394675
207351 6790 5 50000 207331 1 207330
310438 6355 5 25000 310427 1 310426
1817919 6400 8 100 1817906 1 1817904
2307633 6400 8 100 2307175 0 2307171
72453 6144 4 1000000 72441 1 72440
140528 6144 4 1000000 140514 1 140513
99612 6859 4 5000000 98645 0 98639
4040897 6400 8 100 4039048 0 4039043
384959 6790 5 50000 384147 0 384145
35245 6144 4 1000000 35231 1 35231
339706 6417 6 2000 339697 1 339696
152208 6144 4 1000000 152194 1 152193
28803 6144 4 1000000 28791 1 28790
2750747 6400 8 100 2750735 1 2750734
2366968 6400 8 100 2366208 0 2366205
2252816 6400 8 100 2252803 1 2252802
122912 6144 4 1000000 122902 1 122902
30397 6859 4 5000000 30386 1 30386
136759 6144 4 1000000 136746 1 136745
