52506 6355 5 25000 52492 1 52489
309754 6605 6 2500 308885 0 308868
24194 6452 4 2000000 23191 0 23172
1215583 6400 8 100 1215578 0 1215557
1838254 6400 8 100 1838019 0 1838003
30378 6551 4 2500000 29961 0 29944
1300066 6400 8 100 1300055 1 1300054
640108 6820 7 500 640093 1 640090
63077 6859 4 5000000 63067 1 63064
67546 6859 4 5000000 66837 0 66821
2806649 6400 8 100 2731067 0 2731044
112820 6355 5 25000 112811 1 112809
28342 6144 4 1000000 28333 1 28329
4459800 6400 8 100 4459794 0 4459781
143565 6452 4 2000000 142778 0 142757
1989951 6400 8 100 1989952 0 1989933
379306 6790 5 50000 379294 1 379292
179796 6790 5 50000 179006 0 178988
1987265 6400 8 100 1987250 1 1987246
84436 6144 4 1000000 84422 1 84418
6687469 6743 9 50 6687459 1 6687458
17931 6144 4 1000000 17916 1 17914
31554 6551 4 2500000 31541 1 31538
32697 6144 4 1000000 31886 0 31867
1914780 6059 7 250 1914773 1 1914771
1126983 6605 6 2500 1126195 0 1126178
186071 6144 4 1000000 186059 1 186056
22924 6144 4 1000000 22914 1 22912
147536 6144 4 1000000 147526 0 147512
148529 6355 5 25000 148519 1 148516
220429 6859 4 5000000 220417 1 220415
1647674 6820 7 500 1647663 1 1647660
379281 6790 5 50000 379270 1 379267
130719 6144 4 1000000 130707 1 130705
1496157 6605 6 2500 1496145 1 1496143
245495 6859 4 5000000 245489 1 245489
770725 6417 6 2000 769730 0 769720
3749569 6400 8 100 3749558 1 3749555
180026 6551 4 2500000 177676 0 177663
2986047 6400 8 100 2986031 1 2986028
92537 6144 4 1000000 92528 1 92526
560480 6605 6 2500 560468 1 560464
29653 6144 4 1000000 28802 0 28797
544170 6790 5 50000 544157 1 544154
88314 6859 4 5000000 88302 1 88300
224330 6044 4 800000 223511 0 223498
100693 6859 4 5000000 100683 1 100681
147085 6859 4 5000000 147070 1 147067
1997970 6820 7 500 1997951 1 1997949
39715 6452 4 2000000 38993 0 38981
101507 6859 4 5000000 101497 1 101494
65433914 6912 12 10 65433903 1 65433901
26162 6859 4 5000000 26147 1 26144
11923866 6743 9 50 11923850 1 11923847
3524764 6400 8 100 3524748 1 3524744
283063 6790 5 50000 283050 1 283048
153261 6452 4 2000000 153246 1 153243
25822 6144 4 1000000 25015 0 25007
30839 6144 4 1000000 30824 1 30821
193416 6355 5 25000 193403 0 193394
4679721 6400 8 100 4679702 1 4679699
19233432 6766 10 25 19233417 1 19233415
202196 6144 4 1000000 202181 0 202174
24951 6144 4 1000000 24940 1 24938
354218 6144 4 1000000 354206 1 354203
124788200 6912 12 10 124788188 1 124788187
216145 6859 4 5000000 216131 1 216128
287628 6551 4 2500000 287616 1 287613
3063854 6400 8 100 3063712 0 3063705
7022014 6743 9 50 7021996 0 7021990
5202932 6400 8 100 5202919 1 5202917
2613799 6400 8 100 2613785 1 2613783
2798941 6400 8 100 2798178 0 2798171
137307 6790 5 50000 137299 1 137298
22897 6144 4 1000000 22883 1 22881
205130 6551 4 2500000 205115 1 205112
282620 6355 5 25000 281904 0 281895
278942 6551 4 2500000 278703 0 278694
31986 6342 4 1562500 31971 1 31970
2110059 6400 8 100 2109885 0 2109877
245561 6649 5 40000 245543 1 245540
108390 6859 4 5000000 107605 0 107598
200217 6144 4 1000000 199441 0 199431
84989 6144 4 1000000 84976 1 84975
7697771 6743 9 50 7697765 1 7697763
26746 6144 4 1000000 26738 1 26737
177735 6859 4 5000000 176994 0 176986
5774864 6400 8 100 5774007 0 5774004
399047 6930 5 62500 398230 0 398225
8738354 6743 9 50 8737898 0 8737895
115275 6144 4 1000000 115262 1 115260
135791 6859 4 5000000 135776 1 135775
1276897 6820 7 500 1276801 0 1276798
1558687 6820 7 500 1558674 1 1558674
192509 6452 4 2000000 192492 1 192491
1603032 6820 7 500 1603012 1 1603011
3760281 6400 8 100 3760262 1 3760260
24823 6144 4 1000000 24810 1 24809
232350 6790 5 50000 232332 1 232331
1958660 6820 7 500 1958645 1 1958644
235819 6790 5 50000 235805 1 235804
422896 6790 5 50000 422884 1 422884
23139 6452 4 2000000 23124 1 23124
321227 6214 5 20000 321212 1 321211
3650378 6400 8 100 3650362 1 3650361
11404576 6743 9 50 11403597 0 11403592
29675 6144 4 1000000 29659 1 29658
2558900 6400 8 100 2558886 1 2558885
90980894 6912 12 10 90980877 1 90980876
64710369 6912 12 10 64710337 0 64710333
212597 6551 4 2500000 212585 1 212584
4337077 6400 8 100 4336304 0 4336299
174963 6144 4 1000000 174155 0 174150
92047 6859 4 5000000 92035 1 92035
3073523 6400 8 100 3073511 1 3073510
389654 6790 5 50000 389645 1 389644
172908 6144 4 1000000 172895 1 172894
2220248 6400 8 100 2219412 0 2219408
93327 6551 4 2500000 93312 1 93311
38076 6551 4 2500000 37380 0 37375
30869 6859 4 5000000 30069 0 30065
109411 6144 4 1000000 109400 1 109399
232812 6144 4 1000000 232802 1 232801
3456545 6400 8 100 3456525 0 3456521
194753 6243 4 1250000 194738 1 194736
143064 6551 4 2500000 143053 1 143052
387780 6214 5 20000 387768 1 387767
992759 6417 6 2000 992748 1 992747
27508 6144 4 1000000 27497 1 27495
8790328 6743 9 50 8790313 1 8790312
6939527 6743 9 50 6939505 1 6939505
2416435 6400 8 100 2416424 1 2416423
16645878 6296 10 20 16645862 0 16645860
2299393 6400 8 100 2299380 1 2299379
309223 6790 5 50000 309211 1 309210
2380812 6820 7 500 2380801 1 2380801
71167 6958 4 6250000 70381 0 70377
101830 6144 4 1000000 101820 1 101819
31589 6760 4 4000000 31575 1 31574
64070 6355 5 25000 64056 1 64055
2252683 6400 8 100 2252668 1 2252666
2695875 6400 8 100 2562036 0 2562029
1282676 6820 7 500 1282660 1 1282659
34765 6144 4 1000000 33973 0 33968
2712402 6710 8 125 2712387 0 2712383
250692 6144 4 1000000 250678 1 250677
3882591 6400 8 100 3882577 1 3882575
92613 6355 5 25000 92599 1 92598
4490373 6400 8 100 4489562 0 4489558
209505 6020 6 1250 209491 1 209490
1900882 6820 7 500 1900862 0 1900858
2689395 6820 7 500 2688558 0 2688554
1843727 6820 7 500 1843711 1 1843710
2366682 6400 8 100 2366668 1 2366667
1122821 6820 7 500 1122814 1 1122813
775080 6820 7 500 775066 1 775065
72904 6790 5 50000 72891 1 72890
124734 6551 4 2500000 124720 1 124719
29885 6859 4 5000000 29868 1 29867
2516419 6400 8 100 2516392 1 2516388
165687 6144 4 1000000 165670 1 165669
1260324 6820 7 500 1260310 1 1260309
176603 6790 5 50000 176589 0 176586
30951 6859 4 5000000 30110 0 30105
65476 6144 4 1000000 65084 0 65080
122767 6452 4 2000000 121941 0 121938
31774 6144 4 1000000 31759 1 31759
456012 6417 6 2000 455999 1 455998
882378 6020 6 1250 881522 0 881518
84628723 6912 12 10 84628707 0 84628704
8172368 6766 10 25 8172355 1 8172354
206667 6144 4 1000000 205926 0 205921
2422978 6710 8 125 2422966 1 2422964
31151 6243 4 1250000 30446 0 30443
178912 6214 5 20000 178785 0 178782
1432512 6820 7 500 1432502 1 1432502
369490 6605 6 2500 369478 1 369478
1009596 6820 7 500 1009583 1 1009581
91790 6144 4 1000000 91774 1 91773
111287 6144 4 1000000 111273 1 111272
242710 6790 5 50000 242696 1 242694
22489 6243 4 1250000 22474 1 22473
1949249 6400 8 100 1949218 0 1949214
209652 6790 5 50000 208900 0 208898
894044 6605 6 2500 894033 1 894032
231198 6790 5 50000 231184 1 231183
330110 6605 6 2500 330098 0 330096
137565 6144 4 1000000 137549 1 137548
94343 6144 4 1000000 94331 1 94330
22892 6144 4 1000000 22867 0 22864
1047521 6820 7 500 1047509 1 1047508
39959 6144 4 1000000 39946 1 39946
73412 6859 4 5000000 73400 1 73399
202641 6790 5 50000 202619 1 202618
21507 6859 4 5000000 21497 1 21497
120526 6144 4 1000000 120515 1 120514
41117 6144 4 1000000 41105 1 41104
1281897 6820 7 500 1281884 1 1281883
134906 6551 4 2500000 134894 1 134893
183047 6790 5 50000 183038 1 183037
1512144 6400 8 100 1509379 0 1509375
145846 6790 5 50000 145835 1 145834
1864328 6400 8 100 1864308 1 1864308
25574 6144 4 1000000 24776 0 24773
1765220 6400 8 100 1765207 1 1765205
1847955 6400 8 100 1847930 1 1847924
1989595 6400 8 100 1989578 1 1989577
751640 6820 7 500 751626 1 751625
86477 6144 4 1000000 86465 1 86464
3132102 6400 8 100 3131312 0 3131308
453102 6417 6 2000 452262 0 452259
2403202 6400 8 100 2402414 0 2402410
66535 6144 4 1000000 66522 1 66520
239256 6790 5 50000 239246 1 239246
108876 6859 4 5000000 108476 0 108473
2387829 6400 8 100 2387812 1 2387810
