78016 6790 5 50000 78002 1 78000
25518 6144 4 1000000 25127 0 25114
189379 6417 6 2000 189364 1 189362
26699 6144 4 1000000 26690 1 26688
1786048 6400 8 100 1786033 1 1786031
27897 6144 4 1000000 27804 1 27802
1334195 6400 8 100 1333784 0 1333771
36171 6859 4 5000000 35318 0 35306
839340 6400 8 100 839326 1 839323
1264690 6400 8 100 1264679 1 1264677
473922 6605 6 2500 473915 1 473913
34879 6144 4 1000000 34863 1 34861
31837 6859 4 5000000 31823 1 31820
170808 6790 5 50000 170795 1 170792
1526341 6400 8 100 1526331 1 1526329
24801 6144 4 1000000 24786 1 24784
26517 6144 4 1000000 26506 1 26504
66559 6144 4 1000000 66547 1 66545
1090760 6400 8 100 1090694 0 1090675
2054156 6400 8 100 2053215 0 2053192
44470 6144 4 1000000 43739 0 43727
932927 6820 7 500 932916 1 932914
75654 6452 4 2000000 75643 1 75639
143457 6790 5 50000 143446 1 143443
78888 6790 5 50000 78875 1 78873
1281646 6400 8 100 1281640 1 1281638
39766 6144 4 1000000 39551 0 39533
1519660 6400 8 100 1519644 1 1519641
53860923 6912 12 10 53860204 0 53860189
350413 6144 4 1000000 350402 1 350399
135268 6452 4 2000000 135260 1 135258
584940 6417 6 2000 584926 1 584921
24586 6452 4 2000000 24576 1 24574
1203598 6059 7 250 1203578 0 1203558
699495 6417 6 2000 699487 1 699484
60843 6859 4 5000000 60070 0 60054
69179 6144 4 1000000 69167 1 69164
70770 6144 4 1000000 70759 1 70757
2516388 6400 8 100 2487990 0 2487979
2529122 6400 8 100 2529105 1 2529102
918848 6820 7 500 918834 1 918832
26105 6859 4 5000000 26094 1 26093
144094 6144 4 1000000 144084 1 144082
6745052 6743 9 50 6745036 1 6745034
24374 6144 4 1000000 24360 1 24358
265272 6790 5 50000 265078 0 265059
25565 6859 4 5000000 25553 1 25551
3101021 6400 8 100 3101014 1 3101012
329424 6790 5 50000 329412 1 329410
877279 6820 7 500 877275 1 877272
6128093 6743 9 50 6128075 1 6128073
915350 6605 6 2500 915340 1 915338
799009 6820 7 500 798990 1 798987
23459 6144 4 1000000 23450 1 23448
1927957 6820 7 500 1927945 1 1927942
2593217 6400 8 100 2593206 1 2593202
87104049 6912 12 10 87104034 1 87104032
2284253 6400 8 100 2284237 0 2284229
3954790 6400 8 100 3954776 1 3954773
432356 6214 5 20000 432341 1 432338
248243 6214 5 20000 247416 0 247406
4050478 6400 8 100 4050461 1 4050458
216956 6144 4 1000000 216946 1 216943
161403 6790 5 50000 161390 1 161389
2878173 6820 7 500 2878166 1 2878165
672886 6605 6 2500 672871 1 672869
438583 6355 5 25000 438567 1 438564
173924 6551 4 2500000 173914 1 173912
11600800 6743 9 50 11600785 1 11600783
22664 6859 4 5000000 22649 1 22646
4893779 6400 8 100 4893557 0 4893550
8990430 6400 8 100 8989629 0 8989619
4754175 6710 8 125 4753456 0 4753448
2137809 6820 7 500 2136980 0 2136973
757570 6144 4 1000000 757558 1 757557
7269511 6400 8 100 7269502 1 7269501
3094291 6400 8 100 3094270 1 3094268
133060595 6912 12 10 133060578 1 133060577
394645 6355 5 25000 394630 1 394630
727996 6790 5 50000 727982 1 727981
32500 6144 4 1000000 32488 1 32487
4145630 6400 8 100 4145444 0 4145441
114864 6144 4 1000000 114055 0 114050
258466 6551 4 2500000 258455 1 258454
443491 6790 5 50000 443477 1 443476
9465598 6743 9 50 9464527 0 9464522
6420468 6400 8 100 6420451 1 6420451
30826 6144 4 1000000 30806 1 30805
149315 6144 4 1000000 148918 0 148915
554687 6790 5 50000 554676 1 554675
109920 6144 4 1000000 109906 1 109906
1220708 6820 7 500 1220695 1 1220694
2185933 6400 8 100 2185895 1 2185894
182642 6859 4 5000000 181734 0 181731
5784785 6400 8 100 5784764 1 5784763
2237528 6059 7 250 2237505 0 2237500
22486 6144 4 1000000 22469 1 22468
463221 6214 5 20000 462993 0 462988
3688359 6400 8 100 3687672 0 3687669
365301 6214 5 20000 365290 1 365289
149832 6144 4 1000000 149822 1 149822
173018 6144 4 1000000 173003 1 173002
210165 6144 4 1000000 209371 0 209365
195619 6859 4 5000000 195606 1 195605
1673845 6820 7 500 1673828 1 1673828
1621864 6605 6 2500 1621851 1 1621850
353962 6790 5 50000 353946 1 353945
32875 6859 4 5000000 32063 0 32059
2614174 6400 8 100 2614160 1 2614160
208614 6790 5 50000 208600 1 208599
4906025 6400 8 100 4905652 0 4905648
3702679 6400 8 100 3702663 1 3702661
2783588 6400 8 100 2783570 1 2783569
127057 6859 4 5000000 126229 0 126225
237488 6859 4 5000000 237471 1 237471
2381606 6820 7 500 2381572 0 2381568
225447 6355 5 25000 225401 1 225400
1520197 6820 7 500 1520184 1 1520184
225724 6859 4 5000000 225708 1 225707
62993 6214 5 20000 62977 1 62976
2977420 6400 8 100 2977407 1 2977406
66480137 6912 12 10 66479725 0 66479721
227464 6144 4 1000000 227445 1 227444
268002 6790 5 50000 267985 1 267984
26752 6144 4 1000000 26741 1 26740
403981 6355 5 25000 403966 1 403965
2180602 6059 7 250 2179743 0 2179738
931913 6820 7 500 931732 0 931728
37695 6760 4 4000000 36926 0 36921
1300108 6820 7 500 1299630 0 1299624
62471 6144 4 1000000 61046 0 61042
213759 6859 4 5000000 213745 1 213744
875723 6820 7 500 875710 1 875708
3256652 6400 8 100 3256272 0 3256268
4479425 6400 8 100 4479414 1 4479413
297943 6144 4 1000000 297933 1 297931
996759 6605 6 2500 996746 1 996745
473120 6790 5 50000 472310 0 472305
1350819 6820 7 500 1350806 1 1350805
7139847 6743 9 50 7139830 1 7139830
248070 6790 5 50000 248054 1 248053
148924 6859 4 5000000 148911 1 148910
80918 6859 4 5000000 80907 1 80906
25025 6144 4 1000000 25013 1 25013
162852 6243 4 1250000 162018 0 162015
23921 6144 4 1000000 23908 1 23907
2393738 6400 8 100 2393725 1 2393723
191271 6144 4 1000000 191256 1 191255
330218 6214 5 20000 329290 0 329287
5116328 6400 8 100 5116314 1 5116313
2688502 6400 8 100 2688487 1 2688486
101494 6144 4 1000000 101481 1 101480
2475305 6400 8 100 2475293 1 2475292
161941 6551 4 2500000 161929 1 161928
24448 6760 4 4000000 24430 1 24429
277960 6790 5 50000 277945 1 277944
29845 6452 4 2000000 29833 1 29832
16495609 6766 10 25 16495597 1 16495596
190606 6859 4 5000000 190596 1 190596
241623 6790 5 50000 241612 1 241611
414803 6355 5 25000 414793 1 414792
1727864 6400 8 100 1727851 1 1727850
85278 6355 5 25000 85266 1 85265
581863 6417 6 2000 581844 0 581840
136988 6144 4 1000000 136972 1 136970
154402 6859 4 5000000 154386 1 154385
132772 6144 4 1000000 132758 1 132757
332456 6790 5 50000 331576 0 331570
24955 6144 4 1000000 24940 1 24939
366092 6790 5 50000 365244 0 365241
196939 6144 4 1000000 196930 1 196929
2055895 6710 8 125 2055880 1 2055879
26910 6144 4 1000000 26896 1 26895
372534 6790 5 50000 372518 1 372517
64488117 6912 12 10 64488090 0 64488085
192699 6790 5 50000 191848 0 191844
3249092 6400 8 100 3249076 0 3249073
2136812 6400 8 100 2136791 1 2136791
125569 6551 4 2500000 125553 1 125552
64843414 6912 12 10 64843403 1 64843402
2599888 6400 8 100 2599873 1 2599872
26066 6859 4 5000000 26055 1 26054
23207 6342 4 1562500 23198 1 23197
116405 6144 4 1000000 116138 0 116135
24846 6859 4 5000000 24747 1 24746
149953 6859 4 5000000 149946 1 149945
260793 6790 5 50000 260778 1 260777
289085 6790 5 50000 289068 1 289068
26638 6859 4 5000000 26626 1 26625
2365251 6400 8 100 2365237 1 2365237
1742560 6400 8 100 1741781 0 1741777
465769 6605 6 2500 464981 0 464977
60581 6144 4 1000000 60569 1 60568
938396 6820 7 500 937569 0 937565
788971 6820 7 500 788159 0 788154
97138 6859 4 5000000 97128 1 97127
222124 6790 5 50000 222109 1 222107
65542195 6912 12 10 65541242 0 65541238
49179 6650 4 3125000 49170 1 49169
633456 6820 7 500 633441 1 633440
1459987 6820 7 500 1459290 0 1459286
98092 6859 4 5000000 98078 1 98076
104511 6790 5 50000 104497 1 104497
41974545 6912 12 10 41974484 0 41974481
3099733 6743 9 50 3099719 1 3099718
1795292 6400 8 100 1795279 1 1795278
30082 6144 4 1000000 30068 1 30067
25774 6144 4 1000000 25767 1 25766
80330 6144 4 1000000 80316 1 80315
20098 6144 4 1000000 20090 1 20090
66209 6144 4 1000000 66197 1 66196
34758 6144 4 1000000 34005 0 34001
1711034 6400 8 100 1710463 0 1710459
166920 6790 5 50000 166204 0 166201
1977334 6400 8 100 1977322 1 1977322
