31831 7883 4 50000000 31576 0 31561
120705 7225 5 100000 120691 1 120688
784715 7776 6 10000 784704 1 784702
223610 7225 5 100000 223598 1 223595
338616 7776 6 10000 338598 1 338597
629833 7776 6 10000 629816 1 629812
103349 7225 5 100000 103344 1 103343
383554 7776 6 10000 383544 0 383532
612108 7581 7 1000 612102 1 612102
177198 7225 5 100000 177186 1 177184
101589 7575 4 25000000 101572 1 101570
119786 7168 4 10000000 119772 1 119769
94663 7575 4 25000000 93647 0 93625
165710 7225 5 100000 165699 1 165696
350025 7776 6 10000 350009 1 350006
757983 7776 6 10000 757969 1 757966
382316 7190 6 5000 382302 1 382298
105629 7168 4 10000000 105614 1 105610
30987 7168 4 10000000 30238 0 30221
76467 7225 5 100000 75460 0 75444
84470 7168 4 10000000 84458 1 84455
1182037 7581 7 1000 1182023 1 1182021
3614287 7938 9 100 3614274 1 3614271
490208 7776 6 10000 490195 1 490192
3917988 7938 9 100 3917260 0 3917245
26965 7883 4 50000000 26951 1 26949
351325 7776 6 10000 351311 1 351308
597449 7581 7 1000 597436 1 597433
3036048 7938 9 100 3036035 1 3036033
30373 7168 4 10000000 29594 0 29579
374548 7776 6 10000 374536 1 374533
4243774 7938 9 100 4243757 0 4243737
686090 7581 7 1000 686082 1 686080
53492 7168 4 10000000 53483 1 53481
168626 7225 5 100000 168612 1 168610
707945 7581 7 1000 707927 1 707923
91333 7883 4 50000000 90603 0 90586
253375 7225 5 100000 253363 1 253360
237458 7225 5 100000 237447 1 237445
401472 7776 6 10000 401456 1 401455
690824 7225 5 100000 690810 1 690807
352664 7776 6 10000 352576 0 352561
121684 7575 4 25000000 121671 1 121667
318717 7776 6 10000 318709 1 318707
183016 7225 5 100000 183011 1 183011
96287 7883 4 50000000 95442 0 95426
71453 7575 4 25000000 70511 0 70497
195867 7476 4 20000000 195857 1 195855
1314961 7581 7 1000 1314950 1 1314949
139924 7575 4 25000000 139914 1 139911
276664 7776 6 10000 276654 1 276652
229763 7225 5 100000 229751 1 229750
818516 7581 7 1000 818508 1 818507
92938 7476 4 20000000 92928 1 92925
3391302 7938 9 100 3391292 0 3391279
169920 7225 5 100000 169908 1 169906
105261 7225 5 100000 105245 1 105243
55453 7225 5 100000 55404 0 55388
153960 7225 5 100000 153575 0 153558
4633304 7938 9 100 4633285 1 4633280
107698 7883 4 50000000 107689 1 107686
1015730 7581 7 1000 1015719 1 1015716
5510526 7938 9 100 5509708 0 5509689
982382 7776 6 10000 981552 0 981531
126999 7883 4 50000000 126509 0 126488
48994 7168 4 10000000 48984 1 48982
389573 7225 5 100000 389562 1 389560
148151 7168 4 10000000 148142 1 148139
170723 7883 4 50000000 169882 0 169861
30455 7168 4 10000000 30445 0 30426
24148 7575 4 25000000 24118 1 24114
36750 7575 4 25000000 36738 1 36735
25670 7267 4 12500000 25654 1 25652
999822 7581 7 1000 999807 1 999805
1217397 7581 7 1000 1216531 0 1216515
50005 7225 5 100000 49994 1 49991
380380 7776 6 10000 380374 0 380356
25784 7168 4 10000000 25577 0 25563
930948 7776 6 10000 930935 1 930932
363317 7659 5 200000 362567 0 362549
786397 7776 6 10000 785724 0 785707
1098690 7776 6 10000 1098681 1 1098680
27403 7883 4 50000000 27392 1 27389
28232 7168 4 10000000 28221 1 28219
159810 7225 5 100000 159800 1 159796
1776606 7581 7 1000 1776594 1 1776592
831089 7776 6 10000 830058 0 830040
2265663 7673 8 250 2265652 1 2265650
7246454 7938 9 100 7246439 1 7246436
4812968 7938 9 100 4812954 1 4812953
200016 7225 5 100000 200003 1 200001
178033 7575 4 25000000 178019 1 178015
24136 7883 4 50000000 24127 1 24126
1028259 7776 6 10000 1028248 1 1028246
137173 7168 4 10000000 137161 1 137158
575789 7776 6 10000 575763 0 575746
63129 7225 5 100000 63121 1 63120
191484 7168 4 10000000 190414 0 190397
1224237 7581 7 1000 1224224 1 1224222
27265 7168 4 10000000 27249 1 27247
570729 7190 6 5000 570716 1 570713
101255 7883 4 50000000 100083 0 100067
744621 7776 6 10000 744605 1 744602
1049390 7581 7 1000 1049384 1 1049383
188745 7168 4 10000000 188732 1 188729
916501 7776 6 10000 915714 0 915696
899096 7190 6 5000 898707 0 898693
22047 7267 4 12500000 22038 1 22037
24712 7883 4 50000000 24700 1 24698
539682 7225 5 100000 539671 1 539668
640414 7776 6 10000 640401 1 640399
33182 7883 4 50000000 33172 1 33170
104628 7883 4 50000000 103920 0 103905
5439280 7938 9 100 5439172 0 5439155
420106 7800 5 250000 419424 0 419413
20534 7168 4 10000000 20523 1 20520
103388 7476 4 20000000 102644 0 102629
537149 7776 6 10000 537138 1 537136
772662 7776 6 10000 771992 0 771976
348807 7225 5 100000 348793 1 348791
281447 7883 4 50000000 281443 1 281442
22355 7883 4 50000000 21954 0 21940
188860 7168 4 10000000 187864 0 187852
2033445 7825 7 1250 2033433 1 2033430
1641003 7776 6 10000 1553878 0 1553860
139069 7225 5 100000 139057 1 139053
23199 7476 4 20000000 23186 1 23183
439853 7225 5 100000 439843 1 439840
232368 7168 4 10000000 231656 0 231647
8826709 7938 9 100 8826698 1 8826693
475986 7776 6 10000 475973 1 475970
1022075 7776 6 10000 1021092 0 1021080
290654 7883 4 50000000 290640 1 290637
1116225 7190 6 5000 1116209 1 1116205
914502 7776 6 10000 914490 1 914485
2052952 7581 7 1000 2052940 1 2052935
1596343 7581 7 1000 1596318 0 1596309
2193748 7581 7 1000 2193727 1 2193725
134894 7225 5 100000 134889 1 134888
429675 7776 6 10000 429659 1 429656
744832 7776 6 10000 744816 1 744813
259586 7225 5 100000 259578 1 259577
31115 7883 4 50000000 31106 1 31102
905738 7776 6 10000 905549 0 905531
138916 7267 4 12500000 138224 0 138215
563556 7776 6 10000 562588 0 562580
232548 7505 5 156250 232147 0 232137
2005835 7581 7 1000 2005816 0 2005806
4257529 7673 8 250 4257422 0 4257412
1181532 7776 6 10000 1181521 1 1181517
255265 7883 4 50000000 255252 1 255249
116150 7168 4 10000000 116144 1 116137
108764 7168 4 10000000 107972 0 107964
389984 7776 6 10000 389969 1 389966
409279 7225 5 100000 409258 1 409256
920190 7190 6 5000 919302 0 919293
32427 7168 4 10000000 32413 1 32410
325298 7225 5 100000 325290 1 325289
30462 7883 4 50000000 29672 0 29662
22834 7575 4 25000000 22826 1 22823
3395322 7581 7 1000 3395306 1 3395302
29265 7883 4 50000000 29248 1 29244
1052326 7581 7 1000 1052312 0 1052303
670407 7776 6 10000 670398 1 670397
280507 7225 5 100000 280495 1 280493
176521 7168 4 10000000 176508 1 176505
8125329 7938 9 100 8125318 1 8125316
172744 7883 4 50000000 171963 0 171953
1918709 7581 7 1000 1918694 0 1918688
502232 7225 5 100000 502218 1 502216
34957 7883 4 50000000 34947 1 34945
1923708 7581 7 1000 1923697 1 1923695
1712858 7581 7 1000 1712845 1 1712843
591273 7776 6 10000 591265 1 591263
424707 7225 5 100000 424688 0 424681
2443174 7581 7 1000 2442512 0 2442502
497193 7190 6 5000 497179 1 497177
1553816 7581 7 1000 1553802 1 1553798
244481 7883 4 50000000 244460 0 244454
22169 7575 4 25000000 22159 1 22157
17371 7883 4 50000000 17363 1 17361
835741 7581 7 1000 835724 0 835716
106694 7883 4 50000000 106682 1 106678
1161904 7776 6 10000 1161891 1 1161889
605734 7190 6 5000 605726 1 605724
14033562 7938 9 100 14033547 1 14033543
33074 7883 4 50000000 33059 1 33055
1153959 7581 7 1000 1153955 1 1153954
8192407 7938 9 100 8192392 1 8192390
188802 7575 4 25000000 188789 1 188787
395993 7225 5 100000 395251 0 395243
3254709 7581 7 1000 3254699 1 3254697
10771045 7938 9 100 10771025 1 10771023
387916 7883 4 50000000 387206 0 387202
55331 7225 5 100000 55321 1 55320
777496 7776 6 10000 777482 1 777481
28355 7168 4 10000000 28142 0 28134
27128 7168 4 10000000 27112 1 27110
218054 7168 4 10000000 218044 1 218040
337400 7225 5 100000 337387 1 337384
923711 7776 6 10000 923693 0 923685
213109 7225 5 100000 213101 1 213100
28014 7267 4 12500000 27999 1 27996
185599 7225 5 100000 185587 1 185584
222353 7168 4 10000000 222345 1 222343
186513 7476 4 20000000 186502 1 186499
388448 7800 5 250000 387654 0 387647
221293 7225 5 100000 221281 1 221278
1925578 7776 6 10000 1924823 0 1924816
104915 7575 4 25000000 104904 1 104901
216911 7168 4 10000000 216229 0 216222
990011 7776 6 10000 989090 0 989081
961739 7190 6 5000 961730 1 961728
27608 7575 4 25000000 27229 0 27222
1532198 7776 6 10000 1532179 0 1532172
