21993 7883 4 50000000 21983 1 21981
21587 7476 4 20000000 21578 1 21576
612748 7581 7 1000 612735 1 612733
1661706 7673 8 250 1661697 1 1661695
506128 7776 6 10000 505362 0 505342
66922 7225 5 100000 66909 1 66907
511566 7581 7 1000 511551 1 511548
3652355 7938 9 100 3652342 1 3652339
513032 7776 6 10000 513020 1 513017
98794 7168 4 10000000 98786 1 98786
62175 7168 4 10000000 62164 1 62161
813458 7581 7 1000 813452 1 813451
37846 7168 4 10000000 37836 1 37833
659755 7581 7 1000 659747 0 659729
38183 7575 4 25000000 37429 0 37416
1485960 7825 7 1250 1485951 1 1485949
117732 7267 4 12500000 117084 0 117069
96130 7883 4 50000000 96115 1 96112
716878 7581 7 1000 716865 1 716862
154861 7225 5 100000 154847 1 154843
3077822 7938 9 100 3072047 0 3072030
78932 7225 5 100000 78918 1 78915
760092 7581 7 1000 760078 1 760075
31523 7168 4 10000000 31508 1 31505
358218 7776 6 10000 358207 1 358205
381888 7776 6 10000 381872 1 381870
719834 7581 7 1000 719828 1 719827
32322 7168 4 10000000 32313 1 32309
211324 7776 6 10000 211311 1 211308
150357 7225 5 100000 71917 1 71915
31977 7168 4 10000000 31961 1 31959
97814 7168 4 10000000 97016 0 96996
125935 7225 5 100000 125921 1 125919
217338 7776 6 10000 209542 0 209524
1112445 7581 7 1000 1112434 1 1112433
139233 7267 4 12500000 139226 1 139223
387087 7476 4 20000000 387073 1 387069
1483244 7581 7 1000 1482408 0 1482389
238297 7575 4 25000000 238287 1 238284
150771 7883 4 50000000 150759 1 150757
242747 7776 6 10000 159126 0 159106
341185 7776 6 10000 341173 1 341171
1011761 7581 7 1000 1011793 1 1011744
436705 7190 6 5000 436693 1 436689
89621 7225 5 100000 89610 1 89608
30679 7168 4 10000000 30674 1 30671
657668 7776 6 10000 656980 0 656964
646044 7776 6 10000 646032 1 646029
62619 7883 4 50000000 62611 0 62598
60018 7168 4 10000000 59244 0 59231
24734 7883 4 50000000 24721 1 24719
5090754 7938 9 100 5090745 1 5090743
172826 7168 4 10000000 172809 1 172806
4705148 7938 9 100 4705139 0 4705124
34477 7883 4 50000000 34466 1 34464
31187 7883 4 50000000 30421 0 30407
129993 7168 4 10000000 129983 1 129982
144929 7225 5 100000 144915 1 144910
171172 7476 4 20000000 171165 1 171165
188555 7168 4 10000000 188543 1 188539
660247 7581 7 1000 660220 1 660217
5697689 7938 9 100 5697674 1 5697671
576620 7365 5 125000 576609 1 576606
166935 7883 4 50000000 166921 1 166918
64885 7225 5 100000 64508 0 64492
976268 7581 7 1000 976257 1 976255
92730 7883 4 50000000 92725 0 92714
8853931 7938 9 100 8853919 1 8853916
31100 7168 4 10000000 30429 0 30415
30462 7883 4 50000000 30450 1 30446
57477 7225 5 100000 57465 1 57461
278757 7168 4 10000000 278742 1 278739
5167844 7938 9 100 5167832 1 5167829
92679 7168 4 10000000 92663 1 92660
28958 7168 4 10000000 28949 1 28946
273770 7883 4 50000000 29252 0 29236
254464 7225 5 100000 254452 1 254450
1049873 7776 6 10000 1049861 1 1049859
5443141 7938 9 100 5443033 0 5443017
46939 7883 4 50000000 46924 1 46920
1164556 7581 7 1000 1164241 0 1164220
175162 7168 4 10000000 175150 1 175147
325950 7225 5 100000 325938 1 325935
595955 7776 6 10000 595945 1 595943
291903 7365 5 125000 291895 1 291894
170857 7168 4 10000000 170842 1 170839
140880 7225 5 100000 140869 1 140866
25426 7168 4 10000000 25414 1 25412
693046 7225 5 100000 693037 1 693035
449006 7776 6 10000 448993 1 448990
20892 7883 4 50000000 20483 0 20472
965862 7581 7 1000 965854 0 965835
1319042 7581 7 1000 1319031 1 1319029
395552 7225 5 100000 394810 0 394796
8538267 7938 9 100 8538256 1 8538255
157699 7168 4 10000000 157693 1 157692
31772 7883 4 50000000 31760 1 31757
67501 7168 4 10000000 67489 0 67480
365083 7800 5 250000 364075 0 364066
616987 7800 5 250000 616974 1 616970
44625 7168 4 10000000 43913 0 43901
1522520 7581 7 1000 1521450 0 1521435
8064829 7938 9 100 8064100 0 8064090
9181033 7938 9 100 9181029 0 9181016
142637 7168 4 10000000 142625 1 142622
476766 7776 6 10000 476757 1 476754
1600265 7581 7 1000 1600256 1 1600254
385697 7168 4 10000000 385684 1 385682
3149858 7581 7 1000 3149847 1 3149845
26983 7168 4 10000000 26971 1 26969
1337751 7581 7 1000 1337738 1 1337736
886529 7776 6 10000 886511 1 886508
6637759 7938 9 100 6637724 0 6637718
647532 7581 7 1000 647518 1 647516
167852 7883 4 50000000 167073 0 167065
186049 7225 5 100000 186035 1 186032
130841 7168 4 10000000 130616 0 130609
187543 7575 4 25000000 187533 1 187530
617251 7776 6 10000 617239 1 617237
567029 7776 6 10000 567019 1 567017
465285 7225 5 100000 465268 1 465265
24321 7575 4 25000000 24304 1 24301
172259 7267 4 12500000 172242 1 172240
232968 7225 5 100000 50219 0 50210
154658 7225 5 100000 154643 1 154639
2185934 7581 7 1000 2185816 0 2185806
57407 7225 5 100000 57391 1 57388
25359 7168 4 10000000 25340 1 25337
1437719 7776 6 10000 1437707 1 1437704
469208 7225 5 100000 469195 0 469188
70950 7800 5 250000 70937 1 70935
529894 7225 5 100000 529530 0 529522
568296 7225 5 100000 567516 0 567507
1779212 7581 7 1000 1779202 1 1779199
216533 7883 4 50000000 216518 1 216516
31346 7575 4 25000000 31334 1 31332
7670614 7938 9 100 7670602 1 7670600
1137322 7776 6 10000 1137304 1 1137301
1761881 7825 7 1250 1761866 1 1761862
552060 7225 5 100000 552047 1 552043
135304 7575 4 25000000 135290 1 135287
289065 7225 5 100000 289051 1 289048
19594 7168 4 10000000 19583 1 19580
6709014 7938 9 100 6709001 1 6708998
580292 7964 6 12500 580278 1 580276
36891 7575 4 25000000 36876 1 36874
885321 7190 6 5000 884556 0 884548
31335 7168 4 10000000 31323 1 31319
29421 7168 4 10000000 29408 1 29405
349729 7168 4 10000000 349340 0 349332
1534646 7581 7 1000 1534632 1 1534629
494934 7776 6 10000 493888 0 493866
1831535 7776 6 10000 1534174 0 1534162
741236 7225 5 100000 741223 1 741220
364696 7168 4 10000000 364677 1 364673
756900 7776 6 10000 756651 0 756642
1610317 7581 7 1000 1610304 1 1610301
1625405 7581 7 1000 1625370 0 1625366
506892 7225 5 100000 506882 1 506879
756329 7659 5 200000 755377 0 755367
237314 7659 5 200000 237302 1 237300
61895 7168 4 10000000 61887 1 61887
193367 7883 4 50000000 193354 1 193352
1897759 7581 7 1000 1897653 0 1897646
59839 7225 5 100000 59825 1 59823
39902401 7570 11 20 39902386 1 39902382
47994 7883 4 50000000 47983 1 47980
3655876 7363 8 200 3655862 1 3655860
8620706 7938 9 100 8620690 1 8620688
185115 7883 4 50000000 185098 1 185095
15053808 7938 9 100 15053793 1 15053791
26552 7168 4 10000000 26537 1 26534
215397 7168 4 10000000 215383 1 215381
234990 7168 4 10000000 234265 0 234251
426329 7776 6 10000 426307 0 426299
1492732 7776 6 10000 1491858 0 1491850
275587 7225 5 100000 275053 0 275046
523531 7776 6 10000 523519 1 523516
774254 7168 4 10000000 26208 0 26198
993289 7800 5 250000 993272 1 993269
24606 7168 4 10000000 24591 1 24589
1444928 7581 7 1000 1444914 1 1444912
617747 7800 5 250000 617737 1 617735
1517198 7581 7 1000 1517185 1 1517183
172140 7476 4 20000000 171332 0 171325
27784 7168 4 10000000 27769 1 27765
71436 7168 4 10000000 71422 1 71419
387736 7505 5 156250 386934 0 386928
25326 7168 4 10000000 25315 1 25312
219328 7476 4 20000000 218491 0 218481
27462 7883 4 50000000 27454 1 27453
1408859 7581 7 1000 1408846 1 1408844
1310417 7581 7 1000 1310388 1 1310386
240343 7225 5 100000 240336 1 240334
1736417 7581 7 1000 1736405 1 1736403
29366 7883 4 50000000 28951 0 28942
214055 7225 5 100000 214041 1 214039
873392 7190 6 5000 873382 1 873380
161703 7883 4 50000000 161685 1 161681
1723639 7581 7 1000 1723622 0 1723615
565253 7776 6 10000 564435 0 564426
8385205 7938 9 100 8384742 0 8384735
6679539 7938 9 100 6679462 0 6679453
249049 7168 4 10000000 249035 1 249033
198909 7776 6 10000 198895 1 198893
66183 7883 4 50000000 66171 1 66169
24920 7883 4 50000000 24909 1 24907
1811934 7581 7 1000 1811921 1 1811917
236832 7476 4 20000000 236818 1 236817
7544152 7938 9 100 7543771 0 7543763
33692 7883 4 50000000 33679 1 33677
1324024 7776 6 10000 1324007 1 1324004
882736 7776 6 10000 882725 1 882722
210152 7883 4 50000000 208994 0 208982
