255844 7776 6 10000 255089 0 255073
367984 7776 6 10000 367973 1 367971
25692 7883 4 50000000 25676 1 25673
67345 7168 4 10000000 67323 1 67320
774989 7581 7 1000 774959 0 774940
839703 7581 7 1000 839693 1 839691
806663 7581 7 1000 806649 1 806647
4183956 7938 9 100 4183942 1 4183939
207170 7800 5 250000 207166 0 207154
172664 7225 5 100000 171911 0 171893
2093044 7673 8 250 2093030 1 2093027
182150 7225 5 100000 181399 0 181383
316545 7776 6 10000 316530 1 316528
4533777 7938 9 100 4533769 0 4533753
36126 7883 4 50000000 36117 1 36115
462193 7776 6 10000 462178 1 462175
71761 7225 5 100000 71747 1 71744
851323 7581 7 1000 851314 1 851312
178577 7964 6 12500 178568 1 178564
89003 7225 5 100000 88981 1 88979
93405 7168 4 10000000 93393 1 93390
664456 7581 7 1000 664444 1 664443
161453 7168 4 10000000 161437 1 161435
371991 7190 6 5000 371981 1 371976
216216 7225 5 100000 216207 1 216205
1714257 7581 7 1000 1713419 0 1713399
101970 7168 4 10000000 101956 1 101953
721865 7581 7 1000 721851 1 721849
5263011 7938 9 100 5263002 0 5262987
6858240 7938 9 100 6858225 1 6858223
24767 7575 4 25000000 24757 1 24756
25468 7168 4 10000000 25456 1 25454
68871 7225 5 100000 68858 1 68855
98755 7225 5 100000 98740 1 98737
4487131 7938 9 100 4487067 1 4487066
634459 7776 6 10000 634441 1 634438
6168084 7938 9 100 6168074 1 6168073
62707 7168 4 10000000 62700 1 62699
94868 7225 5 100000 94856 1 94854
211329 7225 5 100000 211316 1 211313
105594 7168 4 10000000 105580 1 105579
2591341 7673 8 250 2591326 1 2591323
400124 7776 6 10000 400114 1 400112
280933 7883 4 50000000 280920 1 280917
64467 7883 4 50000000 64027 0 64009
612365 7776 6 10000 611629 0 611603
116825 7225 5 100000 116813 1 116811
163505 7800 5 250000 162746 0 162732
1207741 7581 7 1000 1207729 1 1207726
336909 7225 5 100000 336894 1 336891
1150621 7581 7 1000 1150610 1 1150607
27287 7575 4 25000000 27276 1 27272
320595 7225 5 100000 320577 1 320573
862411890 7643 15 5 862411875 1 862411874
41897 7883 4 50000000 41880 1 41879
190552 7225 5 100000 190535 1 190535
1023692 7190 6 5000 1023676 1 1023674
1027674 7581 7 1000 1027661 1 1027660
25272 7883 4 50000000 24481 0 24477
220188 7776 6 10000 220176 1 220175
75467 7168 4 10000000 75454 1 75453
191267 7800 5 250000 191255 1 191254
287524 7883 4 50000000 143373 0 143365
32678 7883 4 50000000 32659 0 32656
137045 7267 4 12500000 137029 1 137028
46892 7168 4 10000000 46876 1 46875
1236917 7581 7 1000 1236106 0 1236104
25796 7883 4 50000000 25787 1 25786
194921 7168 4 10000000 194499 0 194495
176296 7225 5 100000 176279 1 176279
82248 7168 4 10000000 81428 0 81425
530123 7776 6 10000 530106 1 530105
226925 7225 5 100000 226911 1 226911
426823 7225 5 100000 426810 1 426809
58926 7225 5 100000 58093 0 58088
215601 7168 4 10000000 215589 1 215587
26451 7476 4 20000000 27581 1 26438
369767 7225 5 100000 369752 1 369750
32852 7267 4 12500000 31984 0 31979
297631 7225 5 100000 297617 1 297607
426676 7776 6 10000 426655 1 426654
141313 7267 4 12500000 141299 1 141298
27166 7883 4 50000000 27149 1 27148
487348 7776 6 10000 487335 1 487334
157948 7168 4 10000000 157939 1 157938
29228 7267 4 12500000 29217 1 29216
635890 7225 5 100000 301260 0 301256
28542 7476 4 20000000 28113 0 28110
242733 7225 5 100000 242721 1 242720
349767 7776 6 10000 349755 1 349753
1170379 7776 6 10000 793798 0 793792
120162 7883 4 50000000 120152 1 120152
567097 7190 6 5000 563792 0 563787
93076 7168 4 10000000 93064 1 93063
120458 7168 4 10000000 120440 0 120436
805950 7581 7 1000 805941 1 805941
1032176 7776 6 10000 1032163 1 1032163
42313 7883 4 50000000 42298 1 42297
5196894 7938 9 100 5196882 1 5196880
93687 7883 4 50000000 93673 1 93673
557696 7776 6 10000 556204 0 556199
28451 7168 4 10000000 28438 1 28437
186896 7168 4 10000000 186881 1 186879
662030 7776 6 10000 662016 1 662015
422574 7225 5 100000 422563 1 422562
598932 7776 6 10000 598921 1 598920
488728 7776 6 10000 488718 1 488717
24234 7168 4 10000000 23862 0 23859
430973 7190 6 5000 430961 1 430960
278603 7225 5 100000 278595 1 278595
141054 7225 5 100000 140478 0 140473
477748 7800 5 250000 477730 1 477729
37187 7168 4 10000000 37176 1 37175
120176 7883 4 50000000 120168 1 120167
247574 7225 5 100000 247558 1 247557
809349 7190 6 5000 808485 0 808480
4622256 7938 9 100 4621994 0 4621989
85356 7225 5 100000 85344 1 85344
167038 7168 4 10000000 166188 0 166184
6985771 7938 9 100 6984788 0 6984785
311507 7190 6 5000 311494 1 311493
25735 7168 4 10000000 25720 1 25719
1926229 7581 7 1000 1925468 0 1925464
290824 7776 6 10000 290808 1 290807
813845 7581 7 1000 813833 1 813832
149494 7225 5 100000 149481 1 149480
4852014 7938 9 100 4851996 1 4851995
1007425 7776 6 10000 1007409 1 1007407
119352 7575 4 25000000 119340 1 119339
742907 7190 6 5000 592427 0 592423
237721 7225 5 100000 237710 1 237709
108005 7883 4 50000000 107993 1 107991
1888812 7581 7 1000 1888796 1 1888795
768054 7776 6 10000 768044 1 768042
811984 7776 6 10000 811969 1 811968
31242 7168 4 10000000 31228 1 31227
5350214 7938 9 100 5350206 1 5350206
619383 7190 6 5000 619374 1 619374
108359 7225 5 100000 108342 1 108341
672855 7581 7 1000 672842 1 672841
95447 7168 4 10000000 95432 1 95431
263259 7225 5 100000 263241 0 263238
102708 7168 4 10000000 102697 1 102696
997538 7581 7 1000 997518 0 997514
791395 7776 6 10000 790533 0 790529
101620 7168 4 10000000 100967 0 100963
764210 7581 7 1000 764197 1 764196
331906 7225 5 100000 331103 0 331100
364584 7776 6 10000 364571 1 364569
42610 7883 4 50000000 41837 0 41833
296165 7800 5 250000 296154 1 296152
315039 7776 6 10000 315028 1 315027
859972 7581 7 1000 859959 1 859959
152904 7476 4 20000000 152885 1 152884
164484 7168 4 10000000 36415 0 36409
80192 7225 5 100000 79780 0 79776
1091411 7581 7 1000 1090617 0 1090613
29838 7168 4 10000000 29824 1 29822
33987 7168 4 10000000 33977 1 33976
723544 7776 6 10000 723532 1 723531
638540 7964 6 12500 637540 0 637536
477858 7225 5 100000 477844 1 477842
148530 7659 5 200000 148517 1 148516
729544 7581 7 1000 729532 1 729531
161222 7225 5 100000 161211 1 161209
1150030 7581 7 1000 1150017 1 1150016
327196 7190 6 5000 327178 1 327178
89184 7225 5 100000 89172 1 89171
509019 7776 6 10000 509005 1 509004
37801 7883 4 50000000 37791 1 37790
4130692 7938 9 100 4130679 1 4130678
1226496 7581 7 1000 1226482 1 1226482
600666 7190 6 5000 600651 1 600650
741547 7776 6 10000 741532 1 741531
62103 7883 4 50000000 62090 1 62089
127271 7168 4 10000000 126459 0 126454
64984 7575 4 25000000 64975 1 64973
375210 7776 6 10000 375195 1 375193
135983 7168 4 10000000 135967 1 135966
174683 7168 4 10000000 174670 1 174669
57616 7883 4 50000000 57599 1 57598
5714713 7938 9 100 5714692 1 5714690
166361 7225 5 100000 166346 1 166345
87111 7168 4 10000000 87098 1 87097
194114 7190 6 5000 194100 1 194098
5185069 7938 9 100 5183124 0 5183118
201326 7225 5 100000 201309 1 201308
599678 7190 6 5000 598651 0 598647
47095 7883 4 50000000 46193 0 46190
1112628 7581 7 1000 1112603 0 1112599
1126824 7581 7 1000 1126053 0 1126044
387959 7776 6 10000 387946 1 387945
105135 7225 5 100000 105127 1 105126
5561483 7938 9 100 5561468 1 5561466
1130998 7581 7 1000 1130983 1 1130982
1967745 7581 7 1000 1967736 1 1967734
157336 7168 4 10000000 157328 1 157327
225444 7776 6 10000 225431 1 225431
751666 7581 7 1000 751654 1 751653
30326 7168 4 10000000 30310 1 30309
507790 7776 6 10000 507771 0 507768
373489 7776 6 10000 373477 1 373476
31336 7883 4 50000000 31325 1 31324
169676 7225 5 100000 169660 1 169659
59366 7168 4 10000000 59357 1 59356
447103 7776 6 10000 447090 1 447089
1056847 7581 7 1000 1056831 1 1056831
1382784 7581 7 1000 1381984 0 1381981
312135 7190 6 5000 312120 1 312119
78915 7225 5 100000 78902 1 78902
31822 7168 4 10000000 30912 0 30909
88950 7168 4 10000000 87701 0 87697
372804 7776 6 10000 372015 0 372012
778490 7581 7 1000 778477 1 778476
180198 7575 4 25000000 180186 1 180185
92273 7168 4 10000000 91376 0 91372
4656880 7938 9 100 4655816 0 4655813
151972 7168 4 10000000 151175 0 151170
836794 7581 7 1000 836781 1 836780
309477 7776 6 10000 309459 1 309458
116180 7168 4 10000000 116167 1 116166
578800 7776 6 10000 578790 1 578790
