98051 7225 5 100000 98044 0 98032
136808 7225 5 100000 136796 1 136794
96471 7883 4 50000000 96439 1 96436
587793 7190 6 5000 587777 1 587774
2565137 7938 9 100 2565125 1 2565123
128104 7168 4 10000000 128087 1 128085
776961 7581 7 1000 776950 1 776948
166022 7225 5 100000 165256 0 165240
1095366 7581 7 1000 1097832 1 1095346
100935 7575 4 25000000 100684 0 100669
578812 7776 6 10000 578798 1 578796
146472 7225 5 100000 145769 0 145756
73126 7225 5 100000 73114 1 73111
22273 7883 4 50000000 22252 1 22248
428290 7225 5 100000 427393 0 427379
92195 7168 4 10000000 91382 0 91362
778087 7581 7 1000 777016 0 776999
35446 7883 4 50000000 34756 0 34741
3780357 7938 9 100 3780339 1 3780337
1024062 7581 7 1000 1024052 1 1024051
635416 7776 6 10000 634676 0 634658
923261 7190 6 5000 923245 1 923242
402494 7964 6 12500 402484 1 402481
350544 7776 6 10000 350541 0 350523
861024 7776 6 10000 861011 1 861008
353088 7776 6 10000 353074 1 353071
96320 7225 5 100000 96223 0 96203
25069 7168 4 10000000 24302 0 24286
74700 7800 5 250000 74657 0 74626
646845 7581 7 1000 646842 0 646824
22428 7267 4 12500000 22418 1 22416
448857 7776 6 10000 448839 1 448836
226520 7225 5 100000 225509 0 225491
289346 7225 5 100000 289329 1 289326
1073497 7581 7 1000 1073490 1 1073487
932725 7581 7 1000 932712 1 932710
359804 7659 5 200000 359792 1 359789
34075 7168 4 10000000 33268 0 33246
73338 7225 5 100000 73336 0 73320
57595 7883 4 50000000 57583 1 57580
758277 7581 7 1000 758266 1 758263
31152 7575 4 25000000 30253 0 30239
271923 7575 4 25000000 35197 0 35180
827079 7776 6 10000 827067 1 827065
5594065 7938 9 100 5594049 1 5594045
134413 7575 4 25000000 134407 0 134392
3460195 7938 9 100 3460180 1 3460178
36276 7476 4 20000000 36266 1 36258
90737 7168 4 10000000 90722 1 90719
612298 7190 6 5000 612280 1 612279
559944 7190 6 5000 559928 1 559925
177964 7575 4 25000000 177205 0 177189
995623 7776 6 10000 995605 1 995596
189310 7225 5 100000 189299 1 189298
35227 7575 4 25000000 35217 1 35214
5559712 7938 9 100 5559702 1 5559699
92620 7575 4 25000000 92213 0 92193
35031 7476 4 20000000 35014 1 35011
7959329 7938 9 100 7959313 1 7959310
1846277 7581 7 1000 1846261 1 1846259
1444440 7581 7 1000 1444435 0 1444421
20526 7575 4 25000000 20514 1 20512
191731 7225 5 100000 191720 1 191718
7594292 7938 9 100 7594282 1 7594279
5541976 7938 9 100 5541966 1 5541964
311008 7800 5 250000 310128 0 310112
2101248 7581 7 1000 2100485 0 2100466
172669 7225 5 100000 171840 0 171826
108542 7883 4 50000000 108192 0 108180
10542929 7938 9 100 10542919 1 10542918
314608 7225 5 100000 314600 1 314598
9897971 7938 9 100 9897957 0 9897944
1241934 7776 6 10000 1241924 1 1241919
247972 7168 4 10000000 247961 1 247959
27786 7883 4 50000000 27773 1 27770
667920 7190 6 5000 667906 1 667904
2141667 7581 7 1000 2141646 1 2141634
409055 7225 5 100000 409043 1 409041
129564 7168 4 10000000 129553 1 129551
3353180 7581 7 1000 3353169 1 3353167
194587 7225 5 100000 194576 1 194574
5748537 7938 9 100 5748522 1 5748519
1356818 7776 6 10000 1356803 1 1356800
540948 7800 5 250000 540939 1 540936
21382 7168 4 10000000 21375 1 21373
1186770 7776 6 10000 1186754 1 1186751
1188344 7776 6 10000 1188334 1 1188332
240854 7168 4 10000000 239904 0 239890
980947 7581 7 1000 980930 1 980928
1273098 7581 7 1000 1273086 0 1273078
632466 7225 5 100000 632453 1 632449
30804 7267 4 12500000 30794 1 30791
1126608 7776 6 10000 1126593 1 1126591
7690931 7938 9 100 7690916 0 7690909
2440242 7581 7 1000 2440231 1 2440229
411895 7776 6 10000 411881 1 411877
4862462 7938 9 100 4862441 0 4862433
285575 7225 5 100000 285563 1 285561
1492171 7581 7 1000 1492160 1 1492157
322806 7168 4 10000000 322797 1 322795
93553 7883 4 50000000 93174 0 93167
680768 7800 5 250000 680757 1 680754
628596 7659 5 200000 628580 1 628577
11668816 7938 9 100 11668804 1 11668802
211725 7883 4 50000000 211710 1 211706
1257463 7776 6 10000 1257446 1 1257444
21696 7168 4 10000000 21688 1 21686
1387087 7581 7 1000 1387081 1 1387079
1396108 7776 6 10000 1396092 1 1396090
725019 7776 6 10000 725008 1 725006
384985 7225 5 100000 384248 0 384240
365884 7225 5 100000 365870 1 365867
526665 7225 5 100000 525367 1 525365
824565 7776 6 10000 824543 0 824536
288203 7800 5 250000 287304 0 287296
1034045 7190 6 5000 1033237 0 1033227
389453 7883 4 50000000 389438 1 389434
237039 7225 5 100000 237029 1 237025
145030 7225 5 100000 144217 0 144210
1063889 7581 7 1000 1063881 1 1063877
211249 7168 4 10000000 210861 0 210850
262327 7883 4 50000000 262301 1 262299
2219568 7825 7 1250 2219556 1 2219553
256012 7476 4 20000000 256006 1 256004
7512135 7938 9 100 7512118 1 7512116
37224 7168 4 10000000 37212 1 37210
147610 7883 4 50000000 147391 0 147380
2066979 7776 6 10000 2066964 1 2066959
286385 7776 6 10000 286379 1 286376
13073435 7938 9 100 13073423 1 13073420
600814 7776 6 10000 600797 1 600795
34579 7883 4 50000000 34567 1 34565
184003 7883 4 50000000 181251 0 181242
7396457 7938 9 100 7396444 1 7396441
714566 7776 6 10000 713755 0 713748
900978 7776 6 10000 900862 0 900853
161549 7225 5 100000 161534 1 161532
827446 7776 6 10000 827436 1 827434
841030 7776 6 10000 841016 1 841012
587991 7659 5 200000 587980 1 587977
447587 7776 6 10000 447557 0 447549
179272 7883 4 50000000 179258 1 179254
552234 7776 6 10000 552223 1 552220
148364 7225 5 100000 148354 1 148351
339749 7225 5 100000 339021 0 339010
1694199 7776 6 10000 1693203 0 1693196
350105 7225 5 100000 350095 1 350092
313863 7168 4 10000000 313244 0 313236
896319 7776 6 10000 896305 1 896303
427867 7225 5 100000 427851 1 427848
2025205 7581 7 1000 2025187 0 2025181
62260 7225 5 100000 62251 1 62249
9592308 7938 9 100 9592293 1 9592289
164929 7168 4 10000000 164726 0 164718
24117 7883 4 50000000 24111 0 24104
1570078 7825 7 1250 1570068 1 1570065
1359532 7776 6 10000 1358693 0 1358685
465067 7168 4 10000000 465054 1 465050
207370 7168 4 10000000 207358 1 207356
95744 7883 4 50000000 95733 1 95730
1235289 7776 6 10000 1234537 0 1234529
545929 7225 5 100000 545912 1 545908
745963 7776 6 10000 745950 1 745947
1633719 7581 7 1000 1633705 1 1633702
521228 7776 6 10000 521221 1 521220
28076 7168 4 10000000 28063 1 28062
652139 7776 6 10000 652126 1 652123
75476 7225 5 100000 74886 0 74875
458923 7225 5 100000 458908 1 458905
316840 7168 4 10000000 316079 0 316072
280136 7883 4 50000000 280121 1 280118
453712 7225 5 100000 453694 0 453686
443454 7225 5 100000 442704 0 442696
1188383 7190 6 5000 1188367 1 1188366
325806 7776 6 10000 325793 1 325791
832974 7776 6 10000 832962 1 832960
1362498 7776 6 10000 1361665 0 1361656
330338 7225 5 100000 329519 0 329511
717607 7776 6 10000 717595 1 717593
125920 7168 4 10000000 125907 1 125904
1025016 7776 6 10000 1024996 1 1024993
1367383 7581 7 1000 1367363 0 1367354
26877 7267 4 12500000 26867 1 26865
30046 7168 4 10000000 30030 1 30029
30199 7476 4 20000000 29786 0 29778
1073695 7190 6 5000 1073685 1 1073684
554724 7776 6 10000 554705 1 554702
5192688 7673 8 250 5191931 0 5191921
8100957 7938 9 100 8100942 1 8100939
652817 7776 6 10000 652804 1 652801
301084 7883 4 50000000 300268 0 300259
202342 7168 4 10000000 201542 0 201534
739987 7776 6 10000 739934 0 739925
525146 7225 5 100000 525127 1 525125
3190956 7581 7 1000 3190944 1 3190941
438446 7168 4 10000000 438436 1 438433
1026742 7776 6 10000 1026729 1 1026727
181689 7168 4 10000000 181675 1 181673
39619 7575 4 25000000 39605 1 39604
9274515 7938 9 100 9274499 1 9274496
1437305 7190 6 5000 1437293 1 1437291
557821 7225 5 100000 557809 1 557808
913747 7776 6 10000 913740 1 913739
7054486 7938 9 100 7054468 0 7054461
44034 7476 4 20000000 43247 0 43242
62742 7168 4 10000000 62727 1 62724
1029622 7776 6 10000 1029613 1 1029611
235620 7225 5 100000 235604 1 235600
369808 7168 4 10000000 369791 1 369789
702333 7776 6 10000 702316 1 702314
6961581 7938 9 100 6961569 1 6961567
