370201 8670 5 1000000 370180 1 370176
109298 8670 5 1000000 109289 1 109287
108484 8192 4 100000000 107106 0 107085
99032 8192 4 100000000 99023 1 99020
24402 8192 4 100000000 24395 1 24393
11659083 8223 10 50 11658916 0 11658898
234948 8192 4 100000000 234937 1 234935
30278 8192 4 100000000 29410 0 29396
31827 8192 4 100000000 31814 1 31812
67332 8192 4 100000000 67316 1 67312
73435 8670 5 1000000 73428 1 73425
138504 8670 5 1000000 138490 1 138487
110191 8192 4 100000000 110178 1 110176
30305 8192 4 100000000 30292 1 30288
34959 8192 4 100000000 34263 0 34253
361319 8670 5 1000000 361308 1 361304
324202 8670 5 1000000 324174 0 324161
294338 8670 5 1000000 293557 0 293536
170722 8192 4 100000000 170710 1 170707
107417 8192 4 100000000 106571 0 106553
25751 8192 4 100000000 25738 1 25736
213089 8670 5 1000000 210774 0 210755
26088 8192 4 100000000 26077 1 26074
138988 8192 4 100000000 138976 1 138974
172059 8192 4 100000000 172048 1 172047
23556 8192 4 100000000 23537 1 23535
113139 8192 4 100000000 113127 1 113123
193894 8192 4 100000000 192995 0 192973
241107 8235 5 500000 240047 0 240037
517687 8670 5 1000000 516961 0 516950
283487 8235 5 500000 283477 1 283475
43899 8192 4 100000000 43885 1 43882
30174 8192 4 100000000 30158 1 30156
103500 8192 4 100000000 103495 0 103475
169082 8192 4 100000000 169066 1 169063
110343 8192 4 100000000 110331 1 110329
29200 8192 4 100000000 29185 1 29182
35338 8192 4 100000000 35318 1 35316
895353 8341 7 2000 894782 0 894763
102391 8192 4 100000000 102368 1 102364
29367 8192 4 100000000 28634 0 28614
151927 8192 4 100000000 151921 1 151921
30579 8192 4 100000000 30563 1 30561
634625 8670 5 1000000 634615 1 634613
105516 8235 5 500000 105499 1 105496
116943 8192 4 100000000 116929 1 116927
35281 8192 4 100000000 34406 0 34384
212749 8670 5 1000000 212741 1 212740
313743 8670 5 1000000 313735 0 313716
169879 8670 5 1000000 169867 1 169865
27810 8192 4 100000000 27798 1 27795
421038 8670 5 1000000 420238 0 420223
110183 8192 4 100000000 110169 1 110166
103147 8192 4 100000000 103137 1 103133
170006 8810 5 1250000 169992 1 169988
50007 8192 4 100000000 49992 1 49989
211114 8670 5 1000000 211099 1 211096
88307 8192 4 100000000 86762 0 86744
73398 8192 4 100000000 72538 0 72520
22056 8192 4 100000000 22048 1 22047
180081 8192 4 100000000 179298 0 179274
102834 8192 4 100000000 102816 1 102813
132394 8192 4 100000000 132380 1 132376
42711 8192 4 100000000 42698 1 42695
1006798 8341 7 2000 1006785 1 1006783
356073 8670 5 1000000 356063 1 356062
32140 8192 4 100000000 32128 1 32126
379233 8235 5 500000 379223 1 379219
40047 8192 4 100000000 39251 0 39230
26865 8192 4 100000000 26850 1 26847
262930 8235 5 500000 262097 0 262081
220949 8670 5 1000000 220933 1 220932
77207 8192 4 100000000 77198 1 77196
21805 8192 4 100000000 21114 0 21101
24064 8192 4 100000000 24052 1 24050
209805 8670 5 1000000 209771 1 209767
22288 8192 4 100000000 22275 1 22272
545517 8361 6 20000 545507 1 545504
85573 8192 4 100000000 84778 0 84751
24716 8192 4 100000000 24701 1 24698
27438 8192 4 100000000 27424 1 27422
126392 8192 4 100000000 126379 1 126376
63726 8670 5 1000000 63506 0 63488
194256 8192 4 100000000 194245 1 194243
25552 8192 4 100000000 25536 1 25534
38941 8192 4 100000000 38925 1 38922
31974 8192 4 100000000 31962 1 31958
284366 8670 5 1000000 284352 1 284348
31647 8192 4 100000000 31436 0 31419
50039 8192 4 100000000 50027 1 50025
231055 8670 5 1000000 231041 1 231038
508514 8670 5 1000000 181163 0 181140
369806 8549 6 25000 369798 0 369779
165427 8670 5 1000000 165049 0 165032
288603 8670 5 1000000 288593 1 288589
146573 8192 4 100000000 145813 0 145779
328795 8235 5 500000 328783 1 328781
192057 8670 5 1000000 192048 1 192045
172405 8670 5 1000000 172389 1 172387
140804 8192 4 100000000 140792 1 140789
30854 8192 4 100000000 30840 1 30836
264166 8670 5 1000000 264155 1 264152
404213 8670 5 1000000 403646 0 403628
431251 8670 5 1000000 431243 1 431242
27360 8192 4 100000000 27349 1 27347
149695 8192 4 100000000 149682 1 149679
252368 8670 5 1000000 252356 1 252353
312079 8192 4 100000000 312063 1 312060
183475 8192 4 100000000 183460 1 183458
76199 8192 4 100000000 76187 1 76185
210778 8192 4 100000000 210368 0 210361
241369360 8125 13 10 241369346 1 241369345
30972 8192 4 100000000 30170 0 30166
1751858 8586 7 2500 1751843 1 1751841
1284992 8341 7 2000 1284978 1 1284977
28129 8192 4 100000000 28115 1 28114
41226 8192 4 100000000 40417 0 40412
768457 8670 5 1000000 767708 0 767705
3432377 8636 8 500 3431553 0 3431549
373818 8235 5 500000 373801 1 373800
23342 8192 4 100000000 23326 1 23325
571120 8361 6 20000 570738 0 570732
109753 8192 4 100000000 108855 0 108851
32627 8192 4 100000000 32616 1 32615
287318 8235 5 500000 287303 1 287303
171639 8192 4 100000000 171619 1 171619
501010 8670 5 1000000 500994 1 500993
225878 8670 5 1000000 225861 1 225860
189619 8192 4 100000000 189601 1 189600
419186 8235 5 500000 419160 0 419157
109310 8235 5 500000 109294 1 109293
3167048 8636 8 500 3167036 1 3167034
217666 8670 5 1000000 217649 1 217648
806719 8549 6 25000 806699 0 806695
105415 8192 4 100000000 105387 1 105386
192424 8235 5 500000 192412 1 192411
460953 8235 5 500000 460936 1 460935
3094824 8636 8 500 3094802 0 3094799
6241525 8636 8 500 6241510 1 6241509
26064 8192 4 100000000 26053 1 26052
157006 8192 4 100000000 156993 1 156992
147783 8670 5 1000000 147762 1 147762
1633514 8341 7 2000 1633499 1 1633499
24398 8192 4 100000000 24387 1 24386
179286 8670 5 1000000 179265 1 179263
31952 8192 4 100000000 31940 1 31939
141083 8670 5 1000000 141070 1 141069
178114 8192 4 100000000 178098 1 178097
150309 8670 5 1000000 150294 1 150293
222240 8670 5 1000000 222226 1 222225
505771 8192 4 100000000 505010 0 505007
291564 8192 4 100000000 290710 0 290707
5058994 8946 8 625 5058977 1 5058976
31907673 8134 11 25 31907661 1 31907660
522468 8670 5 1000000 519239 0 519233
944466 8946 6 40000 944451 1 944449
251201 8670 5 1000000 250796 0 250791
100275 8192 4 100000000 100260 1 100259
41275 8192 4 100000000 41262 1 41261
153521483 8125 13 10 153521465 1 153521464
455650 8670 5 1000000 455634 1 455633
559949 8670 5 1000000 558972 0 558968
4594044 8636 8 500 4593352 0 4593350
25942 8192 4 100000000 25932 1 25931
107407 8192 4 100000000 106596 0 106592
155243 8192 4 100000000 155226 1 155225
356137 8670 5 1000000 356122 1 356121
59228 8192 4 100000000 59214 1 59213
167600 8192 4 100000000 167590 1 167589
128893 8235 5 500000 128879 1 128878
212850 8235 5 500000 212836 1 212835
26190 8192 4 100000000 25364 0 25359
283597 8670 5 1000000 283585 1 283584
23105 8192 4 100000000 23093 1 23092
366113 8670 5 1000000 366103 1 366101
708256 8192 4 100000000 203676 0 203672
580607 8670 5 1000000 580582 0 580579
35681 8192 4 100000000 35671 1 35670
787889 8235 5 500000 787877 1 787875
647100 8670 5 1000000 646199 0 646195
242685 8670 5 1000000 242211 0 242205
130937 8192 4 100000000 130921 1 130920
22874 8192 4 100000000 22858 1 22857
173052 8192 4 100000000 173043 1 173042
60623 8235 5 500000 60611 1 60610
167405 8192 4 100000000 167392 1 167392
188570 8235 5 500000 187753 0 187749
125995 8192 4 100000000 125123 0 125119
653750 8361 6 20000 652966 0 652963
273679 8670 5 1000000 273667 1 273666
1398394 8586 7 2500 1398381 1 1398380
24500 8192 4 100000000 24486 1 24485
133986 8670 5 1000000 133920 0 133915
103035 8192 4 100000000 103022 1 103021
139726432 8125 13 10 139726406 0 139726402
166794 8235 5 500000 166774 0 166771
32173 8192 4 100000000 31329 0 31325
2718376 8636 8 500 2718365 1 2718364
322375 8235 5 500000 321575 0 321571
160966 8192 4 100000000 160723 0 160719
38658 8192 4 100000000 38647 1 38646
200680 8670 5 1000000 200020 0 200017
60455 8192 4 100000000 60444 1 60443
402703 8950 5 1562500 402673 0 402669
542480 8361 6 20000 542465 1 542464
29117 8192 4 100000000 28674 0 28670
77085 8192 4 100000000 77075 1 77074
2942983 8636 8 500 2942969 1 2942968
38112 8192 4 100000000 38099 1 38099
538134 8361 6 20000 538122 1 538121
143490 8670 5 1000000 143005 0 143000
631151 8549 6 25000 630338 0 630331
72588 8192 4 100000000 72575 1 72574
100852 8192 4 100000000 100839 1 100838
2350221 8636 8 500 2350092 0 2350087
220652 8670 5 1000000 220015 0 220011
77976 8192 4 100000000 77964 1 77963
1283923 8586 7 2500 1283913 1 1283913
217520 8670 5 1000000 216750 0 216746
162295 8192 4 100000000 162284 1 162282
