30856 8192 4 100000000 30845 1 30842
153384 8670 5 1000000 152474 0 152452
443097 8670 5 1000000 442315 0 442298
6976113 8670 5 1000000 239693 0 239666
344831 8670 5 1000000 344139 0 344127
188424 8670 5 1000000 188413 1 188411
12742458 8223 10 50 12741152 0 12741141
104194 8670 5 1000000 103500 0 103485
32058 8192 4 100000000 32051 0 32035
212293 8670 5 1000000 212277 1 212275
89947 8670 5 1000000 89578 0 89561
155632 8235 5 500000 155616 1 155613
271260 8670 5 1000000 271258 0 271246
23763 8192 4 100000000 23752 1 23751
110381 8670 5 1000000 110372 1 110370
154453 8192 4 100000000 154445 1 154443
79933 8670 5 1000000 79921 1 79920
31160 8192 4 100000000 31148 1 31145
1556549 8636 8 500 1556545 0 1556523
37113 8192 4 100000000 37103 1 37101
60965 8192 4 100000000 60949 1 60945
349478 8670 5 1000000 348755 0 348737
112187 8192 4 100000000 111281 0 111261
94084 8192 4 100000000 94070 1 94066
89329 8235 5 500000 89318 1 89315
3045342 8636 8 500 3044563 0 3044543
263104 8670 5 1000000 262350 0 262337
41887 8192 4 100000000 41875 1 41872
240537 8192 4 100000000 240527 1 240525
297798 8670 5 1000000 297787 1 297786
925938 8549 6 25000 925930 1 925928
29500 8192 4 100000000 29493 1 29491
137538 8192 4 100000000 137526 1 137523
224621 8670 5 1000000 224612 1 224607
136198 8192 4 100000000 136187 1 136185
53772 8192 4 100000000 53078 0 53063
182023 8235 5 500000 182009 1 182008
36245 8192 4 100000000 35833 0 35816
29205 8192 4 100000000 29195 1 29191
249911 8192 4 100000000 249898 1 249896
380187 8670 5 1000000 379408 0 379396
48379 8192 4 100000000 48368 1 48363
270694 8192 4 100000000 156347 0 156328
91059 8192 4 100000000 91055 0 91043
146542 8192 4 100000000 146525 1 146522
149199 8192 4 100000000 149183 1 149180
2939813 8636 8 500 2939802 1 2939798
105245 8192 4 100000000 105224 1 105222
26823 8192 4 100000000 26809 1 26807
95029 8192 4 100000000 95014 1 95011
243917 8670 5 1000000 243558 0 243540
26637 8192 4 100000000 26625 1 26623
173715 8192 4 100000000 173703 1 173702
27596 8192 4 100000000 27587 1 27585
39065 8192 4 100000000 39050 1 39045
165837 8670 5 1000000 165820 1 165818
80098 8192 4 100000000 80087 1 80085
129512 8192 4 100000000 129501 1 129500
56393 8192 4 100000000 56380 1 56378
337441 8192 4 100000000 337432 1 337430
1113235 8586 7 2500 1113223 1 1113219
371729 8670 5 1000000 371717 1 371714
90319 8192 4 100000000 89874 0 89856
26576 8192 4 100000000 26569 1 26567
3123644 8636 8 500 3123455 0 3123439
266246 8670 5 1000000 266232 1 266230
178019 8670 5 1000000 178006 1 178004
259084 8235 5 500000 259076 1 259074
23818 8192 4 100000000 23805 1 23803
150340 8192 4 100000000 150324 1 150322
30826 8192 4 100000000 30815 1 30811
170124 8192 4 100000000 170114 1 170112
56443 8670 5 1000000 56433 1 56431
42524 8192 4 100000000 42510 1 42508
403079 8670 5 1000000 402251 0 402236
153082 8192 4 100000000 153067 1 153065
318274 8670 5 1000000 317879 0 317864
408346 8670 5 1000000 408333 1 408330
172821 8235 5 500000 172812 1 172810
177783 8670 5 1000000 177773 1 177770
71192 8235 5 500000 71176 1 71173
121657 8192 4 100000000 121646 1 121643
287820 8235 5 500000 287808 1 287806
177459 8192 4 100000000 177443 1 177440
209559 8810 5 1250000 209544 1 209539
192403 8670 5 1000000 192390 1 192387
32424 8192 4 100000000 32040 0 32018
161134 8192 4 100000000 160318 0 160303
286386 8670 5 1000000 286373 1 286371
25861 8192 4 100000000 25846 1 25843
153531 8192 4 100000000 152673 0 152663
160655 8670 5 1000000 159974 0 159961
395231 8670 5 1000000 395219 1 395217
63500 8235 5 500000 63435 0 63417
212841 8670 5 1000000 212831 1 212828
215889 8670 5 1000000 215874 1 215872
353473 8670 5 1000000 353460 1 353457
133993 8192 4 100000000 133981 1 133979
112159 8192 4 100000000 111116 0 111098
31565 8192 4 100000000 30500 0 30482
331580 8670 5 1000000 331569 1 331567
23438 8192 4 100000000 23429 1 23427
112086 8192 4 100000000 112075 1 112074
127781 8192 4 100000000 127042 0 127027
23858 8192 4 100000000 23848 1 23846
30062 8192 4 100000000 30055 0 30042
36495 8192 4 100000000 36480 1 36477
143438 8192 4 100000000 143426 1 143424
37375 8192 4 100000000 37365 1 37362
172947 8192 4 100000000 172935 1 172932
20119 8192 4 100000000 20108 1 20104
32371 8192 4 100000000 31438 0 31425
221372 8192 4 100000000 221359 1 221355
141673 8192 4 100000000 141661 1 141658
549026 8549 6 25000 548121 0 548104
455471 8549 6 25000 455459 1 455457
747691 8549 6 25000 747678 1 747675
68845 8192 4 100000000 68831 1 68828
236732 8670 5 1000000 236721 1 236718
35128 8192 4 100000000 35120 0 35103
733015 8549 6 25000 732216 0 732200
456457 8361 6 20000 456444 1 456440
146523 8235 5 500000 146128 0 146110
198229 8670 5 1000000 198224 1 198208
344691 8670 5 1000000 344292 0 344274
371499 8235 5 500000 370382 0 370370
546356 8235 5 500000 546344 1 546341
23915 8192 4 100000000 23901 1 23899
141127 8192 4 100000000 141112 1 141109
306891 8670 5 1000000 306231 0 306218
107742 8670 5 1000000 107723 1 107721
175631 8192 4 100000000 175618 1 175616
2227492 8636 8 500 2227486 1 2227485
179519773 8125 13 10 179518319 0 179518312
85921 8670 5 1000000 85906 1 85904
3006842 8636 8 500 3006825 1 3006822
337204 8192 4 100000000 337192 1 337191
397307 8670 5 1000000 397293 1 397291
269492 8192 4 100000000 269096 0 269089
54223 8192 4 100000000 54209 1 54206
74817 8235 5 500000 74804 1 74802
1112182 8670 5 1000000 1112169 1 1112168
249367 8192 4 100000000 248934 0 248926
345447 8670 5 1000000 344446 0 344441
428916 8670 5 1000000 428117 0 428110
227284 8670 5 1000000 227273 1 227270
224793 8192 4 100000000 224776 1 224773
102233 8192 4 100000000 102220 1 102218
26864 8192 4 100000000 26848 0 26841
716189 8810 5 1250000 715407 0 715398
214338 8192 4 100000000 213560 0 213553
1447952 8549 6 25000 1447936 1 1447934
992374 8549 6 25000 992365 1 992364
38351 8192 4 100000000 38337 1 38334
623702 8235 5 500000 622950 0 622944
221420 8192 4 100000000 221410 1 221408
490512 8670 5 1000000 154386 0 154376
31680 8192 4 100000000 31663 1 31660
21426 8192 4 100000000 21228 0 21222
30377 8192 4 100000000 30367 1 30366
176082 8192 4 100000000 176070 1 176067
39409 8192 4 100000000 39393 1 39391
177055 8235 5 500000 177043 1 177041
187359 8192 4 100000000 186502 0 186494
28149 8192 4 100000000 28138 1 28135
141840 8192 4 100000000 141638 0 141631
221176 8670 5 1000000 220749 0 220741
23991679 8223 10 50 23991647 0 23991641
203958 8192 4 100000000 203185 0 203177
23191 8192 4 100000000 23178 1 23176
442072 8670 5 1000000 441275 0 441268
28941 8192 4 100000000 28930 1 28929
28207 8192 4 100000000 27979 0 27972
204418 8192 4 100000000 204407 1 204404
591227 8670 5 1000000 591200 1 591196
28641 8192 4 100000000 27877 0 27871
163021 8670 5 1000000 162284 0 162274
337759 8670 5 1000000 337741 1 337739
437164 8549 6 25000 435916 0 435908
10556595 8322 9 125 10556580 1 10556577
169354 8235 5 500000 169341 1 169339
72896 8192 4 100000000 72882 1 72880
245581 8670 5 1000000 245564 1 245562
221589 8670 5 1000000 221573 1 221569
426238 8670 5 1000000 426230 1 426229
24599 8192 4 100000000 23763 0 23755
189625 8192 4 100000000 189609 1 189606
143665 8192 4 100000000 142663 0 142655
1558331 8549 6 25000 1557510 0 1557500
360013 8235 5 500000 359997 1 359995
137887 8670 5 1000000 137084 0 137075
28007528 8223 10 50 28007508 1 28007505
154440 8670 5 1000000 153639 0 153630
33451 8192 4 100000000 33441 1 33439
232309 8192 4 100000000 232296 1 232293
169433 8670 5 1000000 169418 0 169408
126615 8192 4 100000000 126601 0 126593
42727 8192 4 100000000 41797 0 41790
298115 8670 5 1000000 297321 0 297312
63613 8192 4 100000000 63111 0 63100
28426 8192 4 100000000 28412 1 28410
29636 8192 4 100000000 29622 1 29620
263976 8192 4 100000000 263184 0 263175
848882 8549 6 25000 848866 1 848861
248024 8235 5 500000 247819 0 247812
160097 8235 5 500000 160085 1 160083
463281 8549 6 25000 463270 1 463268
333343 8670 5 1000000 333327 1 333324
1280662 8361 6 20000 1280650 1 1280647
184432 8192 4 100000000 184418 1 184415
253760 8192 4 100000000 253745 1 253742
26672 8192 4 100000000 26655 1 26653
26958 8192 4 100000000 26942 1 26940
576691 8670 5 1000000 576674 1 576669
27269 8192 4 100000000 27256 1 27254
33253 8192 4 100000000 33243 1 33241
765418 8341 7 2000 765406 1 765403
81620 8670 5 1000000 81610 1 81608
