28700 8192 4 100000000 28693 1 28690
30542 8192 4 100000000 30533 1 30532
42585 8192 4 100000000 41734 0 41718
337536 8670 5 1000000 337526 1 337524
23895 8192 4 100000000 23884 1 23882
56286 8192 4 100000000 56278 1 56274
115236 8192 4 100000000 115011 0 115001
111219 8192 4 100000000 111208 1 111204
25559 8192 4 100000000 25549 1 25547
128472 8192 4 100000000 128468 1 128465
347601 8235 5 500000 346842 0 346828
5241648 8636 8 500 5241622 0 5241615
34078 8192 4 100000000 34070 1 34069
28609 8192 4 100000000 27760 0 27751
109775 8192 4 100000000 109764 1 109762
245997 8192 4 100000000 245987 1 245986
947613 8670 5 1000000 947597 1 947596
26857 8192 4 100000000 26842 1 26839
163656 8192 4 100000000 163642 1 163640
393410 8670 5 1000000 393399 1 393397
20835 8192 4 100000000 20822 1 20820
393467 8670 5 1000000 392675 0 392667
529335 8670 5 1000000 529322 1 529320
259029 8670 5 1000000 241992 0 241980
535664 8670 5 1000000 535653 1 535649
26268 8192 4 100000000 26255 1 26252
40389 8192 4 100000000 40379 1 40377
275889 8192 4 100000000 275092 0 275084
23955 8192 4 100000000 23937 1 23933
30459 8192 4 100000000 30446 1 30444
28516037 8223 10 50 28516026 1 28516024
475276 8670 5 1000000 474916 0 474888
1474244 8831 7 3125 1474227 1 1474224
401431 8670 5 1000000 400435 0 400427
571865 8192 4 100000000 570934 0 570924
488777 8670 5 1000000 488770 1 488768
194586612 8125 13 10 194586592 1 194586588
93722 8192 4 100000000 93707 1 93704
139066 8192 4 100000000 32724 0 32718
231712 8670 5 1000000 231699 1 231695
1490581 8586 7 2500 1490555 0 1490534
104904 8192 4 100000000 104678 0 104669
426522 8670 5 1000000 425680 0 425672
71794 8235 5 500000 71775 0 71769
357560 8094 5 400000 356776 0 356768
120383 8192 4 100000000 119973 0 119964
4644483 8636 8 500 4644445 0 4644437
505623 8192 4 100000000 505611 1 505609
419646 8670 5 1000000 419632 1 419629
132079 8670 5 1000000 132066 1 132064
26074 8192 4 100000000 25317 0 25305
4910062 8636 8 500 3396739 0 3396726
398441 8192 4 100000000 304474 0 304465
234153 8670 5 1000000 234141 1 234138
1210730 8586 7 2500 1210708 0 1210699
24929 8192 4 100000000 24002 0 23995
56363 8670 5 1000000 56350 1 56348
552535 8670 5 1000000 552526 1 552525
52231 8670 5 1000000 52217 1 52214
332367 8670 5 1000000 332354 0 332346
733300 8670 5 1000000 733291 1 733288
680626 8670 5 1000000 680613 1 680612
95469 8192 4 100000000 20174 0 20164
25981 8192 4 100000000 25970 1 25968
256180 8670 5 1000000 256167 1 256165
202672 8192 4 100000000 202656 1 202654
26575 8192 4 100000000 26561 1 26559
134741 8670 5 1000000 134727 1 134723
26269 8192 4 100000000 26255 1 26253
268652 8670 5 1000000 268634 1 268632
31606 8192 4 100000000 31594 1 31592
1413801 8586 7 2500 1413056 0 1413049
212653 8670 5 1000000 212632 1 212630
1284495 8586 7 2500 1284476 1 1284473
25535 8192 4 100000000 25170 0 25162
3422471 8636 8 500 3422462 0 3422457
214572 8670 5 1000000 214560 1 214557
196579 8192 4 100000000 196563 1 196560
25923 8192 4 100000000 25908 1 25906
139017 8192 4 100000000 139003 1 139000
269577 8192 4 100000000 269565 1 269562
143338 8192 4 100000000 143323 1 143321
288739 8192 4 100000000 288729 1 288727
218241 8670 5 1000000 214858 0 214848
37930 8192 4 100000000 37923 1 37921
21920 8192 4 100000000 21908 1 21905
284591 8235 5 500000 284580 1 284576
38756 8192 4 100000000 38743 1 38741
213161 8192 4 100000000 213151 1 213149
310030 8670 5 1000000 309262 0 309255
33404 8192 4 100000000 32616 0 32607
248300 8670 5 1000000 248285 1 248283
31748 8192 4 100000000 31744 1 31738
5081921 8636 8 500 5081489 0 5081481
324953 8670 5 1000000 324940 1 324936
247358 8192 4 100000000 246539 0 246532
296854 8670 5 1000000 296837 1 296835
206587 8670 5 1000000 206571 1 206569
344052 8670 5 1000000 343103 0 343094
168191 8670 5 1000000 167425 0 167418
213704 8670 5 1000000 213556 1 213554
27704 8192 4 100000000 27693 1 27691
313883 8670 5 1000000 313867 1 313864
132015 8192 4 100000000 131997 1 131995
71029 8192 4 100000000 71018 1 71015
170546 8192 4 100000000 170534 1 170531
192481 8670 5 1000000 192470 1 192468
461434 8670 5 1000000 461417 1 461415
138067 8670 5 1000000 138056 1 138052
680845 8670 5 1000000 680830 1 680828
102044 8192 4 100000000 102033 1 102030
203039 8192 4 100000000 203024 1 203022
29554 8192 4 100000000 29543 1 29540
29155 8192 4 100000000 29140 1 29138
26314 8192 4 100000000 25526 0 25518
336448 8670 5 1000000 336435 1 336433
22705124 8223 10 50 22705109 1 22705108
397980 8235 5 500000 397968 1 397967
721348 8810 5 1250000 721334 0 721332
668142 8670 5 1000000 668131 1 668130
369783 8670 5 1000000 369765 1 369765
70422 8670 5 1000000 69625 0 69622
206283 8670 5 1000000 206266 1 206265
1080817 8549 6 25000 1080007 0 1080005
228842 8670 5 1000000 228823 1 228822
527457 8549 6 25000 527440 1 527439
361532 8670 5 1000000 360758 0 360754
639218 8670 5 1000000 639201 1 639200
163445 8235 5 500000 163431 1 163430
141682 8235 5 500000 140549 0 140543
31229 8192 4 100000000 31214 1 31213
28121 8192 4 100000000 27351 0 27348
27592 8192 4 100000000 26634 0 26630
96525 8192 4 100000000 96511 1 96510
199810 8192 4 100000000 199792 1 199792
3507801 8636 8 500 3507785 1 3507784
22491426 8223 10 50 22491359 0 22491353
147548 8192 4 100000000 147544 1 147544
706785 8235 5 500000 547520 0 547515
224573 8670 5 1000000 224559 1 224558
466899 8670 5 1000000 466102 0 466099
394536 8235 5 500000 394512 1 394510
145229 8670 5 1000000 144163 0 144159
447768 8810 5 1250000 446626 0 446621
29315 8192 4 100000000 29301 1 29300
190097 8192 4 100000000 190084 1 190083
175456 8192 4 100000000 172257 0 172253
268050 8670 5 1000000 267233 0 267230
88076 8670 5 1000000 88043 0 88040
103223 8192 4 100000000 103207 1 103206
208890 8192 4 100000000 208530 0 208527
28674 8192 4 100000000 27856 0 27849
471891 8235 5 500000 471878 1 471877
25378 8192 4 100000000 25367 1 25366
26244 8192 4 100000000 26232 1 26231
124255 8192 4 100000000 124242 1 124240
182812 8192 4 100000000 182800 1 182799
27183 8192 4 100000000 26813 0 26808
32237 8192 4 100000000 32219 1 32218
163071 8235 5 500000 163057 1 163056
183893 8670 5 1000000 183879 1 183878
194888 8192 4 100000000 194870 1 194870
648031 8670 5 1000000 648018 1 648017
176522 8192 4 100000000 176500 0 176496
3012146 8636 8 500 3012132 1 3012131
3298192 8636 8 500 3298172 0 3298168
504777 8670 5 1000000 504756 1 504755
524920 8670 5 1000000 524903 1 524902
168703 8670 5 1000000 168690 1 168689
519691 8670 5 1000000 519672 1 519671
656107 8235 5 500000 656087 1 656086
200522 8670 5 1000000 200509 1 200508
403514 8670 5 1000000 403502 1 403501
620721 8670 5 1000000 619862 0 619858
31830 8192 4 100000000 31816 1 31815
72442 8670 5 1000000 72426 1 72425
29402 8192 4 100000000 29374 1 29372
27414 8192 4 100000000 27400 1 27399
150883 8670 5 1000000 150860 1 150859
176798 8192 4 100000000 176779 1 176778
184949 8670 5 1000000 184937 1 184936
2920993 8586 7 2500 2920980 1 2920979
706030 8670 5 1000000 705212 0 705208
235804 8192 4 100000000 234960 0 234956
28158 8192 4 100000000 27307 0 27302
16671818 8223 10 50 16671811 0 16671797
160212 8670 5 1000000 160195 1 160194
321111 8670 5 1000000 321097 1 321096
168695 8192 4 100000000 168305 0 168302
86554 8192 4 100000000 85746 0 85741
371004 8670 5 1000000 370272 0 370266
145337 8670 5 1000000 145320 1 145319
21779191 8223 10 50 21779173 1 21779164
387924 8549 6 25000 387910 1 387909
95202 8192 4 100000000 95187 1 95185
77618 8670 5 1000000 77604 1 77603
284723 8670 5 1000000 284705 1 284704
293097 8670 5 1000000 293082 1 293081
453164 8670 5 1000000 453148 1 453146
135781 8670 5 1000000 135764 0 135759
185832 8670 5 1000000 185812 1 185812
29833 8192 4 100000000 29810 1 29809
30637 8192 4 100000000 29860 0 29857
76541 8670 5 1000000 76082 0 76079
4093141 8636 8 500 4093130 1 4093129
298027 8235 5 500000 298012 1 298011
537227 8192 4 100000000 537214 1 537212
240978 8670 5 1000000 240567 0 240564
134331 8192 4 100000000 134290 1 134289
174467 8192 4 100000000 174442 0 174438
137858 8192 4 100000000 137844 1 137844
389283 8670 5 1000000 388468 0 388462
1904447 8831 7 3125 1904428 1 1904427
197082965 8125 13 10 197082951 1 197082950
23201 8192 4 100000000 23184 0 23181
290695 8670 5 1000000 290679 1 290678
136217 8192 4 100000000 136204 1 136202
26861 8192 4 100000000 26843 1 26843
