127499 8670 5 1000000 127490 1 127488
112881 8192 4 100000000 112870 1 112868
572183 8361 6 20000 572171 1 572169
58867 8670 5 1000000 58855 1 58853
222524 8235 5 500000 222514 1 222513
458080 8670 5 1000000 457333 0 457317
151690 8670 5 1000000 151682 1 151680
108209 8192 4 100000000 108195 1 108190
71293 8670 5 1000000 71287 1 71285
254876 8670 5 1000000 254867 1 254863
108172 8192 4 100000000 108157 1 108154
3346469 8636 8 500 3346276 0 3346268
22365 8192 4 100000000 22354 1 22353
330793 8235 5 500000 330783 1 330781
328314 8670 5 1000000 328307 1 328305
304351 8670 5 1000000 303608 0 303597
56237 8670 5 1000000 56217 1 56214
574793 8549 6 25000 574782 1 574778
916504 8549 6 25000 915776 0 915770
31545 8192 4 100000000 31534 1 31532
145359 8192 4 100000000 145347 1 145344
139063 8670 5 1000000 138289 0 138282
68482 8192 4 100000000 68469 1 68468
290813 8192 4 100000000 290069 0 290064
81783 8192 4 100000000 81767 1 81764
29572 8192 4 100000000 29558 1 29555
32650 8192 4 100000000 32639 1 32636
335921 8670 5 1000000 335907 1 335905
49436 8192 4 100000000 49425 1 49423
197682 8235 5 500000 197672 1 197670
381257 8235 5 500000 381250 1 381250
37386 8192 4 100000000 36541 0 36533
1547937 8586 7 2500 1547925 1 1547923
23904 8192 4 100000000 23893 1 23890
203867 8192 4 100000000 203859 1 203854
169407 8192 4 100000000 169392 1 169391
22226 8192 4 100000000 21510 0 21503
1186035 8341 7 2000 1186023 1 1186022
763285 8670 5 1000000 763268 1 763266
136240 8192 4 100000000 136229 1 136226
28016 8192 4 100000000 28003 1 28001
229983 8192 4 100000000 229969 1 229964
64785 8670 5 1000000 64773 1 64770
29040 8192 4 100000000 28254 0 28247
746514 8670 5 1000000 745686 0 745679
494557 8235 5 500000 494543 1 494540
101560 8192 4 100000000 101335 0 101325
281565 8192 4 100000000 281550 1 281548
3034192 8341 7 2000 3034181 1 3034179
62763 8235 5 500000 62745 1 62742
137400 8192 4 100000000 137379 0 137372
176796 8192 4 100000000 176785 1 176783
601171 8670 5 1000000 601158 1 601156
24940 8192 4 100000000 24928 1 24922
284497 8192 4 100000000 284478 1 284474
367898 8670 5 1000000 367887 1 367886
1107987 8361 6 20000 1107175 0 1107164
36037 8192 4 100000000 36028 1 36025
32153 8192 4 100000000 32144 1 32141
215389 8192 4 100000000 214567 0 214560
25695 8192 4 100000000 25681 1 25679
405335 8670 5 1000000 405324 1 405321
30161 8192 4 100000000 30148 1 30145
584235 8235 5 500000 583503 0 583493
449283 8670 5 1000000 449271 1 449268
281441 8192 4 100000000 281429 1 281428
445902 8670 5 1000000 445891 1 445890
538411 8361 6 20000 537624 0 537616
225218 8192 4 100000000 225205 1 225202
345317 8670 5 1000000 345302 1 345300
146047 8192 4 100000000 146033 1 146030
1719673 8549 6 25000 1719659 1 1719656
780367 8235 5 500000 767809 0 767802
22970 8192 4 100000000 22958 1 22955
346818 8192 4 100000000 346806 1 346804
323460 8670 5 1000000 322701 0 322691
482479 8670 5 1000000 482468 1 482466
31000 8192 4 100000000 30990 1 30987
336038 8670 5 1000000 336026 1 336022
708438 8235 5 500000 708425 1 708422
877320 8549 6 25000 877309 1 877305
27765 8192 4 100000000 27303 0 27295
32860 8192 4 100000000 32845 1 32844
101009 8192 4 100000000 100614 0 100601
227864 8192 4 100000000 227854 1 227851
235858 8192 4 100000000 235846 1 235842
209309 8670 5 1000000 209299 1 209296
844383 8670 5 1000000 844367 1 844363
564961 8670 5 1000000 564951 1 564948
36580 8192 4 100000000 36571 1 36567
5795196 8636 8 500 5795184 1 5795182
269906 8670 5 1000000 269889 0 269885
200424 8192 4 100000000 200029 0 200018
289911 8192 4 100000000 289893 1 289891
217769 8192 4 100000000 217003 0 216994
214074 8670 5 1000000 214062 1 214059
167387 8670 5 1000000 167378 1 167375
384071 8192 4 100000000 384055 1 384051
114359 8192 4 100000000 114348 1 114345
273808 8670 5 1000000 273791 1 273788
268612 8670 5 1000000 268601 1 268599
33977 8192 4 100000000 33968 1 33963
981021 8549 6 25000 981009 1 981007
30183 8192 4 100000000 30170 1 30167
1336563 8549 6 25000 1336448 0 1336440
174467 8192 4 100000000 174446 1 174442
207428 8670 5 1000000 207411 1 207408
3640372 8636 8 500 3640349 0 3640342
244599 8192 4 100000000 244591 1 244588
6085961 8946 8 625 6084969 0 6084958
767872 8670 5 1000000 767856 1 767854
420866 8670 5 1000000 420851 1 420849
561450 8670 5 1000000 561439 0 561431
415852 8670 5 1000000 415838 1 415836
198374 8192 4 100000000 198357 1 198354
270540 8670 5 1000000 270527 1 270524
33648 8192 4 100000000 33637 1 33633
187826704 8125 13 10 187826688 1 187826685
234862 8192 4 100000000 234853 1 234851
736519 8670 5 1000000 735766 0 735757
295028 8670 5 1000000 295012 1 295009
25740 8192 4 100000000 25725 1 25722
31075 8192 4 100000000 31064 1 31061
23066 8192 4 100000000 23055 1 23054
555274 8235 5 500000 554491 0 554482
358125 8670 5 1000000 358114 1 358111
256683 8235 5 500000 255912 0 255903
182998 8192 4 100000000 182273 0 182267
22002 8192 4 100000000 21990 1 21988
165803 8235 5 500000 165051 0 165043
473679 8670 5 1000000 473666 1 473664
297597 8192 4 100000000 297582 1 297580
1633293 8549 6 25000 1632524 0 1632515
359633 8192 4 100000000 359617 1 359616
355847 8810 5 1250000 355837 1 355835
107238 8192 4 100000000 106421 0 106413
28947 8192 4 100000000 28933 0 28926
399157 8235 5 500000 399146 1 399143
701581 8670 5 1000000 700777 0 700769
289333 8192 4 100000000 288446 0 288439
32550 8192 4 100000000 32541 1 32539
385551 8670 5 1000000 385540 1 385538
23853 8192 4 100000000 23841 1 23839
427858 8670 5 1000000 427845 1 427844
375005 8235 5 500000 374795 0 374787
652126 8670 5 1000000 652116 1 652114
259478 8670 5 1000000 259465 1 259463
27067 8192 4 100000000 27053 1 27052
523638 8670 5 1000000 522865 0 522857
332690 8670 5 1000000 331964 0 331956
5562567 8636 8 500 5562554 1 5562552
25491 8192 4 100000000 25474 1 25473
26818 8192 4 100000000 26800 1 26798
1848111 8341 7 2000 1848099 1 1848097
2540398 8636 8 500 2540387 1 2540384
33634 8192 4 100000000 33620 1 33618
27349 8192 4 100000000 27334 1 27330
271528 8192 4 100000000 271302 0 271295
459633 8670 5 1000000 458915 0 458904
322999 8670 5 1000000 322985 1 322984
31850 8192 4 100000000 31836 1 31833
195771 8235 5 500000 195759 1 195757
31495 8192 4 100000000 30788 0 30781
466822 8670 5 1000000 466813 1 466811
30077 8192 4 100000000 30069 1 30067
116593 8235 5 500000 116578 1 116577
209974 8192 4 100000000 209958 1 209952
2887212 8636 8 500 2887008 0 2887000
214780 8670 5 1000000 214768 1 214766
138647 8670 5 1000000 138635 1 138633
197208 8670 5 1000000 197193 1 197191
250100 8192 4 100000000 249323 0 249314
27242 8192 4 100000000 27234 1 27232
147768 8670 5 1000000 147353 0 147344
314846 8192 4 100000000 314831 1 314828
203260 8192 4 100000000 203246 1 203242
270280 8670 5 1000000 269406 0 269402
1363591 8586 7 2500 1363584 1 1363583
36582 8192 4 100000000 36569 1 36566
32216 8192 4 100000000 32201 1 32198
1724712 8586 7 2500 1724701 1 1724699
2439610 8586 7 2500 2438652 0 2438642
174238 8192 4 100000000 174225 1 174224
45326 8192 4 100000000 44456 0 44446
35100 8192 4 100000000 35087 1 35085
704611 8670 5 1000000 704594 1 704592
150354 8670 5 1000000 150337 1 150334
34543 8192 4 100000000 34524 1 34520
406726 8361 6 20000 406715 1 406712
10701090 8192 4 100000000 31331 0 31326
139445 8192 4 100000000 139428 0 139425
75279 8235 5 500000 75264 1 75263
1440019 8341 7 2000 1440009 1 1440009
155800 8192 4 100000000 155787 1 155786
318181 8670 5 1000000 317423 0 317420
31038 8192 4 100000000 31022 1 31021
30788 8192 4 100000000 30774 1 30774
374319 8235 5 500000 374303 1 374302
428656 8235 5 500000 428643 1 428641
415165 8235 5 500000 414291 0 414287
29887 8192 4 100000000 29671 0 29667
25697 8192 4 100000000 23498 0 23495
173739 8192 4 100000000 173725 1 173724
4781242 8636 8 500 4781220 0 4781216
248408 8192 4 100000000 247626 0 247621
643988 8549 6 25000 643967 1 643966
26359 8192 4 100000000 26343 1 26342
148930 8192 4 100000000 148918 1 148918
210096 8670 5 1000000 210082 1 210081
128627 8670 5 1000000 128606 1 128604
40534 8192 4 100000000 40523 1 40522
318596 8192 4 100000000 318580 1 318580
129534 8192 4 100000000 129519 1 129519
173298 8192 4 100000000 172497 0 172494
306672 8670 5 1000000 306656 1 306655
97788 8192 4 100000000 97769 1 97768
284069 8235 5 500000 284050 1 284049
602160 8670 5 1000000 601344 0 601340
169715 8670 5 1000000 169698 1 169697
186286 8192 4 100000000 185358 0 185355
166048 8192 4 100000000 166034 1 166033
310287 8361 6 20000 310274 1 310273
2730389 8636 8 500 2730372 1 2730371
46066 8192 4 100000000 46054 1 46053
193443 8192 4 100000000 193018 0 193015
