493147 1152 8 10
183979 1152 8 10
451982 1152 8 10
378884 1152 8 10
195743 1152 8 10
218068 1152 8 10
165227 1152 8 10
174162 1152 8 10
137126 1152 8 10
194327 1152 8 10
149470 1152 8 10
166794 1152 8 10
171377 1152 8 10
285654 1152 8 10
132117 1152 8 10
181717 1152 8 10
208478 1152 8 10
185158 1152 8 10
200829 1152 8 10
171880 1152 8 10
229736 1152 8 10
236068 1152 8 10
200559 1152 8 10
298401 1152 8 10
186864 1152 8 10
232286 1152 8 10
191375 1152 8 10
183166 1152 8 10
183222 1152 8 10
200240 1152 8 10
317663 1152 8 10
194594 1152 8 10
227734 1152 8 10
213830 1152 8 10
200243 1152 8 10
222762 1152 8 10
250539 1152 8 10
769752 1152 8 10
177190 1152 8 10
437851 1152 8 10
206340 1152 8 10
160607 1152 8 10
223254 1152 8 10
180712 1152 8 10
325500 1152 8 10
260620 1152 8 10
214767 1152 8 10
225344 1152 8 10
190777 1152 8 10
203667 1152 8 10
210785 1152 8 10
193682 1152 8 10
208826 1152 8 10
244657 1152 8 10
265520 1152 8 10
262492 1152 8 10
249204 1152 8 10
235674 1152 8 10
146565 1152 8 10
277673 1152 8 10
179849 1152 8 10
291185 1152 8 10
168003 1152 8 10
250899 1152 8 10
203157 1152 8 10
229280 1152 8 10
317795 1152 8 10
274822 1152 8 10
220008 1152 8 10
280518 1152 8 10
222177 1152 8 10
249277 1152 8 10
257450 1152 8 10
282213 1152 8 10
172132 1152 8 10
236796 1152 8 10
258619 1152 8 10
218978 1152 8 10
226946 1152 8 10
373593 1152 8 10
218506 1152 8 10
199213 1152 8 10
386109 1152 8 10
228308 1152 8 10
254270 1152 8 10
283377 1152 8 10
218095 1152 8 10
305040 1152 8 10
211879 1152 8 10
196464 1152 8 10
222149 1152 8 10
325215 1152 8 10
276609 1152 8 10
230075 1152 8 10
192704 1152 8 10
216008 1152 8 10
695228 1152 8 10
440128 1152 8 10
198625 1152 8 10
243987 1152 8 10
222000 1152 8 10
302416 1152 8 10
363312 1152 8 10
237716 1152 8 10
198858 1152 8 10
199738 1152 8 10
184871 1152 8 10
195264 1152 8 10
215378 1152 8 10
294663 1152 8 10
187337 1152 8 10
213501 1152 8 10
187494 1152 8 10
199071 1152 8 10
356920 1152 8 10
274789 1152 8 10
179856 1152 8 10
179086 1152 8 10
200860 1152 8 10
274958 1152 8 10
315187 1152 8 10
195294 1152 8 10
233223 1152 8 10
235301 1152 8 10
384971 1152 8 10
247534 1152 8 10
277008 1152 8 10
269113 1152 8 10
358439 1152 8 10
293485 1152 8 10
239139 1152 8 10
261445 1152 8 10
183739 1152 8 10
237951 1152 8 10
199683 1152 8 10
200797 1152 8 10
185004 1152 8 10
206326 1152 8 10
167204 1152 8 10
217368 1152 8 10
199127 1152 8 10
203693 1152 8 10
211280 1152 8 10
251963 1152 8 10
219615 1152 8 10
221168 1152 8 10
190969 1152 8 10
240073 1152 8 10
200275 1152 8 10
296108 1152 8 10
212059 1152 8 10
214389 1152 8 10
210964 1152 8 10
325235 1152 8 10
229656 1152 8 10
248876 1152 8 10
198488 1152 8 10
227816 1152 8 10
196446 1152 8 10
190243 1152 8 10
275427 1152 8 10
279965 1152 8 10
194301 1152 8 10
375884 1152 8 10
245673 1152 8 10
298381 1152 8 10
198135 1152 8 10
189218 1152 8 10
311861 1152 8 10
172703 1152 8 10
200481 1152 8 10
196928 1152 8 10
284288 1152 8 10
297975 1152 8 10
304001 1152 8 10
202594 1152 8 10
183427 1152 8 10
164221 1152 8 10
173679 1152 8 10
250534 1152 8 10
185495 1152 8 10
269845 1152 8 10
288827 1152 8 10
247073 1152 8 10
192731 1152 8 10
173554 1152 8 10
195051 1152 8 10
158416 1152 8 10
187407 1152 8 10
177290 1152 8 10
196226 1152 8 10
190761 1152 8 10
193354 1152 8 10
199353 1152 8 10
194475 1152 8 10
170192 1152 8 10
189273 1152 8 10
310218 1152 8 10
198734 1152 8 10
163506 1152 8 10
196447 1152 8 10
228691 1152 8 10
209581 1152 8 10
228869 1152 8 10
189862 1152 8 10
202813 1152 8 10
183602 1152 8 10
187738 1152 8 10
178974 1152 8 10
299031 1152 8 10
260559 1152 8 10
241609 1152 8 10
346148 1152 8 10
298138 1152 8 10
185218 1152 8 10
244934 1152 8 10
180224 1152 8 10
197486 1152 8 10
189203 1152 8 10
311346 1152 8 10
251749 1152 8 10
263170 1152 8 10
271329 1152 8 10
167697 1152 8 10
279414 1152 8 10
274930 1152 8 10
186927 1152 8 10
209347 1152 8 10
238385 1152 8 10
209941 1152 8 10
175643 1152 8 10
237049 1152 8 10
364750 1152 8 10
231974 1152 8 10
228569 1152 8 10
278332 1152 8 10
343960 1152 8 10
173211 1152 8 10
190081 1152 8 10
252206 1152 8 10
283505 1152 8 10
188303 1152 8 10
301751 1152 8 10
208116 1152 8 10
334504 1152 8 10
219423 1152 8 10
246641 1152 8 10
209838 1152 8 10
198535 1152 8 10
191101 1152 8 10
