462046 1152 8 10
152058 1152 8 10
172408 1152 8 10
268484 1152 8 10
177415 1152 8 10
228713 1152 8 10
146027 1152 8 10
247140 1152 8 10
170570 1152 8 10
175328 1152 8 10
172236 1152 8 10
173949 1152 8 10
184079 1152 8 10
333622 1152 8 10
252668 1152 8 10
227186 1152 8 10
187014 1152 8 10
244914 1152 8 10
264490 1152 8 10
176663 1152 8 10
308489 1152 8 10
189207 1152 8 10
247397 1152 8 10
154444 1152 8 10
313215 1152 8 10
217172 1152 8 10
257008 1152 8 10
312146 1152 8 10
152592 1152 8 10
232987 1152 8 10
276007 1152 8 10
643965 1152 8 10
275604 1152 8 10
167797 1152 8 10
525335 1152 8 10
221574 1152 8 10
165613 1152 8 10
217359 1152 8 10
208185 1152 8 10
199264 1152 8 10
253716 1152 8 10
222074 1152 8 10
207121 1152 8 10
219552 1152 8 10
256883 1152 8 10
224616 1152 8 10
282419 1152 8 10
203152 1152 8 10
231675 1152 8 10
198637 1152 8 10
200624 1152 8 10
222268 1152 8 10
237094 1152 8 10
265240 1152 8 10
256825 1152 8 10
197817 1152 8 10
240989 1152 8 10
195370 1152 8 10
215586 1152 8 10
192849 1152 8 10
238723 1152 8 10
286408 1152 8 10
229680 1152 8 10
254252 1152 8 10
212782 1152 8 10
292352 1152 8 10
374684 1152 8 10
257856 1152 8 10
166664 1152 8 10
282233 1152 8 10
233463 1152 8 10
224151 1152 8 10
307576 1152 8 10
196436 1152 8 10
240793 1152 8 10
190192 1152 8 10
231635 1152 8 10
475700 1152 8 10
228207 1152 8 10
240953 1152 8 10
212087 1152 8 10
371246 1152 8 10
248151 1152 8 10
181192 1152 8 10
373517 1152 8 10
209143 1152 8 10
334767 1152 8 10
331962 1152 8 10
359155 1152 8 10
788769 1152 8 10
306265 1152 8 10
251898 1152 8 10
217745 1152 8 10
245736 1152 8 10
287459 1152 8 10
285445 1152 8 10
328872 1152 8 10
178585 1152 8 10
188128 1152 8 10
250358 1152 8 10
327228 1152 8 10
224168 1152 8 10
230744 1152 8 10
208274 1152 8 10
205709 1152 8 10
365589 1152 8 10
204675 1152 8 10
321470 1152 8 10
216822 1152 8 10
172953 1152 8 10
233303 1152 8 10
291733 1152 8 10
201936 1152 8 10
225227 1152 8 10
299600 1152 8 10
232067 1152 8 10
256417 1152 8 10
255450 1152 8 10
281013 1152 8 10
186090 1152 8 10
194688 1152 8 10
184785 1152 8 10
293562 1152 8 10
209092 1152 8 10
168197 1152 8 10
322275 1152 8 10
199653 1152 8 10
270197 1152 8 10
173167 1152 8 10
289348 1152 8 10
222623 1152 8 10
298207 1152 8 10
224856 1152 8 10
205628 1152 8 10
220812 1152 8 10
273854 1152 8 10
293351 1152 8 10
181618 1152 8 10
224103 1152 8 10
221170 1152 8 10
203250 1152 8 10
234835 1152 8 10
266820 1152 8 10
195865 1152 8 10
255731 1152 8 10
188403 1152 8 10
181724 1152 8 10
192226 1152 8 10
233596 1152 8 10
272859 1152 8 10
228827 1152 8 10
209731 1152 8 10
228875 1152 8 10
247606 1152 8 10
179569 1152 8 10
213607 1152 8 10
235866 1152 8 10
280977 1152 8 10
213368 1152 8 10
207062 1152 8 10
214196 1152 8 10
247442 1152 8 10
256893 1152 8 10
148993 1152 8 10
237267 1152 8 10
197684 1152 8 10
155778 1152 8 10
253296 1152 8 10
331162 1152 8 10
189848 1152 8 10
204573 1152 8 10
191658 1152 8 10
298725 1152 8 10
202545 1152 8 10
270318 1152 8 10
214474 1152 8 10
199726 1152 8 10
336409 1152 8 10
161012 1152 8 10
221221 1152 8 10
247012 1152 8 10
244159 1152 8 10
164959 1152 8 10
187081 1152 8 10
250297 1152 8 10
186216 1152 8 10
241667 1152 8 10
228956 1152 8 10
242076 1152 8 10
293776 1152 8 10
191758 1152 8 10
199171 1152 8 10
179648 1152 8 10
205723 1152 8 10
230237 1152 8 10
385083 1152 8 10
168596 1152 8 10
268986 1152 8 10
214510 1152 8 10
196227 1152 8 10
245055 1152 8 10
303512 1152 8 10
381470 1152 8 10
206911 1152 8 10
300764 1152 8 10
230359 1152 8 10
320798 1152 8 10
279620 1152 8 10
206670 1152 8 10
165388 1152 8 10
253667 1152 8 10
246661 1152 8 10
225057 1152 8 10
193618 1152 8 10
181112 1152 8 10
274042 1152 8 10
237435 1152 8 10
191356 1152 8 10
216608 1152 8 10
317871 1152 8 10
221674 1152 8 10
223181 1152 8 10
282930 1152 8 10
217579 1152 8 10
307780 1152 8 10
292582 1152 8 10
387898 1152 8 10
176625 1152 8 10
229164 1152 8 10
375905 1152 8 10
243288 1152 8 10
235519 1152 8 10
348230 1152 8 10
207228 1152 8 10
348125 1152 8 10
199932 1152 8 10
263612 1152 8 10
187852 1152 8 10
208276 1152 8 10
165714 1152 8 10
177113 1152 8 10
192311 1152 8 10
179634 1152 8 10
215527 1152 8 10
268304 1152 8 10
217204 1152 8 10
185802 1152 8 10
244712 1152 8 10
220597 1152 8 10
252599 1152 8 10
