129638 1152 8 10
225623 1152 8 10
262866 1152 8 10
204507 1152 8 10
186888 1152 8 10
197231 1152 8 10
238055 1152 8 10
167166 1152 8 10
158722 1152 8 10
183368 1152 8 10
272506 1152 8 10
187260 1152 8 10
168806 1152 8 10
142055 1152 8 10
168002 1152 8 10
223223 1152 8 10
182844 1152 8 10
210034 1152 8 10
325337 1152 8 10
162993 1152 8 10
162691 1152 8 10
181675 1152 8 10
204307 1152 8 10
180477 1152 8 10
204011 1152 8 10
197601 1152 8 10
316147 1152 8 10
163581 1152 8 10
148858 1152 8 10
309282 1152 8 10
835412 1152 8 10
208864 1152 8 10
445156 1152 8 10
239792 1152 8 10
185254 1152 8 10
190015 1152 8 10
189458 1152 8 10
314439 1152 8 10
339093 1152 8 10
214171 1152 8 10
226591 1152 8 10
212020 1152 8 10
210852 1152 8 10
231066 1152 8 10
290323 1152 8 10
196248 1152 8 10
188898 1152 8 10
182809 1152 8 10
366191 1152 8 10
238694 1152 8 10
185860 1152 8 10
235373 1152 8 10
171152 1152 8 10
191443 1152 8 10
212778 1152 8 10
209598 1152 8 10
265411 1152 8 10
222782 1152 8 10
207141 1152 8 10
210562 1152 8 10
261991 1152 8 10
304491 1152 8 10
297573 1152 8 10
327341 1152 8 10
201277 1152 8 10
332554 1152 8 10
254933 1152 8 10
254225 1152 8 10
263210 1152 8 10
199543 1152 8 10
232820 1152 8 10
222711 1152 8 10
197223 1152 8 10
347899 1152 8 10
279440 1152 8 10
348680 1152 8 10
280966 1152 8 10
272439 1152 8 10
330256 1152 8 10
276954 1152 8 10
178297 1152 8 10
161402 1152 8 10
311542 1152 8 10
247230 1152 8 10
193688 1152 8 10
197406 1152 8 10
161651 1152 8 10
373811 1152 8 10
684348 1152 8 10
249830 1152 8 10
318697 1152 8 10
217973 1152 8 10
272418 1152 8 10
205101 1152 8 10
269630 1152 8 10
351258 1152 8 10
315597 1152 8 10
242608 1152 8 10
358152 1152 8 10
185502 1152 8 10
329292 1152 8 10
229586 1152 8 10
279614 1152 8 10
328154 1152 8 10
301193 1152 8 10
208727 1152 8 10
194143 1152 8 10
213671 1152 8 10
244879 1152 8 10
419448 1152 8 10
176639 1152 8 10
217374 1152 8 10
300506 1152 8 10
306184 1152 8 10
269818 1152 8 10
147281 1152 8 10
168545 1152 8 10
263702 1152 8 10
279897 1152 8 10
210570 1152 8 10
179433 1152 8 10
227711 1152 8 10
227725 1152 8 10
279856 1152 8 10
178012 1152 8 10
187131 1152 8 10
205833 1152 8 10
210392 1152 8 10
225139 1152 8 10
328948 1152 8 10
247041 1152 8 10
230347 1152 8 10
197051 1152 8 10
191824 1152 8 10
332623 1152 8 10
321362 1152 8 10
185536 1152 8 10
166275 1152 8 10
213940 1152 8 10
239141 1152 8 10
255239 1152 8 10
215162 1152 8 10
210889 1152 8 10
219235 1152 8 10
213210 1152 8 10
248088 1152 8 10
220892 1152 8 10
224323 1152 8 10
242986 1152 8 10
240811 1152 8 10
297507 1152 8 10
234419 1152 8 10
337571 1152 8 10
371493 1152 8 10
192085 1152 8 10
218623 1152 8 10
212105 1152 8 10
202876 1152 8 10
200710 1152 8 10
197084 1152 8 10
179665 1152 8 10
183932 1152 8 10
246383 1152 8 10
240868 1152 8 10
293337 1152 8 10
299860 1152 8 10
250581 1152 8 10
256114 1152 8 10
252904 1152 8 10
194949 1152 8 10
252535 1152 8 10
181845 1152 8 10
335424 1152 8 10
183463 1152 8 10
195125 1152 8 10
184549 1152 8 10
218215 1152 8 10
204032 1152 8 10
185497 1152 8 10
199490 1152 8 10
276644 1152 8 10
219518 1152 8 10
212519 1152 8 10
293348 1152 8 10
151603 1152 8 10
220417 1152 8 10
240275 1152 8 10
203443 1152 8 10
193425 1152 8 10
218347 1152 8 10
260560 1152 8 10
185088 1152 8 10
218237 1152 8 10
204571 1152 8 10
178458 1152 8 10
201022 1152 8 10
199977 1152 8 10
199930 1152 8 10
180495 1152 8 10
249423 1152 8 10
211267 1152 8 10
198491 1152 8 10
226253 1152 8 10
192487 1152 8 10
267443 1152 8 10
212041 1152 8 10
250225 1152 8 10
180026 1152 8 10
249214 1152 8 10
220139 1152 8 10
300176 1152 8 10
206339 1152 8 10
189953 1152 8 10
212132 1152 8 10
266835 1152 8 10
315217 1152 8 10
233070 1152 8 10
233224 1152 8 10
210768 1152 8 10
291430 1152 8 10
211723 1152 8 10
198071 1152 8 10
231024 1152 8 10
344340 1152 8 10
187899 1152 8 10
196709 1152 8 10
229434 1152 8 10
214417 1152 8 10
231191 1152 8 10
194185 1152 8 10
245891 1152 8 10
177616 1152 8 10
180613 1152 8 10
329990 1152 8 10
250897 1152 8 10
287122 1152 8 10
221650 1152 8 10
220902 1152 8 10
364694 1152 8 10
181384 1152 8 10
162484 1152 8 10
414368 1152 8 10
176371 1152 8 10
161619 1152 8 10
292496 1152 8 10
178459 1152 8 10
252870 1152 8 10
220065 1152 8 10
264348 1152 8 10
231139 1152 8 10
