223593 1152 8 10
179875 1152 8 10
220392 1152 8 10
162516 1152 8 10
185997 1152 8 10
231449 1152 8 10
172315 1152 8 10
173955 1152 8 10
184279 1152 8 10
225961 1152 8 10
252340 1152 8 10
199774 1152 8 10
229442 1152 8 10
165498 1152 8 10
171100 1152 8 10
171800 1152 8 10
219808 1152 8 10
192204 1152 8 10
259735 1152 8 10
251785 1152 8 10
197773 1152 8 10
261185 1152 8 10
198736 1152 8 10
373902 1152 8 10
606798 1152 8 10
293333 1152 8 10
303766 1152 8 10
399877 1152 8 10
185543 1152 8 10
288818 1152 8 10
186435 1152 8 10
244766 1152 8 10
215173 1152 8 10
215713 1152 8 10
283274 1152 8 10
215748 1152 8 10
228067 1152 8 10
398547 1152 8 10
242407 1152 8 10
301666 1152 8 10
233223 1152 8 10
204980 1152 8 10
233814 1152 8 10
215410 1152 8 10
322001 1152 8 10
269812 1152 8 10
208279 1152 8 10
189879 1152 8 10
200286 1152 8 10
251915 1152 8 10
213633 1152 8 10
201581 1152 8 10
234412 1152 8 10
259298 1152 8 10
293139 1152 8 10
282636 1152 8 10
193855 1152 8 10
210179 1152 8 10
200107 1152 8 10
364733 1152 8 10
248928 1152 8 10
269919 1152 8 10
334753 1152 8 10
200678 1152 8 10
299806 1152 8 10
238042 1152 8 10
259243 1152 8 10
424626 1152 8 10
327348 1152 8 10
259400 1152 8 10
246106 1152 8 10
198725 1152 8 10
255621 1152 8 10
326526 1152 8 10
190526 1152 8 10
202181 1152 8 10
405312 1152 8 10
206106 1152 8 10
192780 1152 8 10
173551 1152 8 10
215452 1152 8 10
680609 1152 8 10
208458 1152 8 10
451851 1152 8 10
209913 1152 8 10
167107 1152 8 10
245091 1152 8 10
490778 1152 8 10
268465 1152 8 10
225666 1152 8 10
221363 1152 8 10
238487 1152 8 10
337956 1152 8 10
381928 1152 8 10
277390 1152 8 10
279089 1152 8 10
196480 1152 8 10
229787 1152 8 10
329394 1152 8 10
182319 1152 8 10
215283 1152 8 10
276990 1152 8 10
371121 1152 8 10
388266 1152 8 10
207583 1152 8 10
258434 1152 8 10
205290 1152 8 10
205775 1152 8 10
185926 1152 8 10
183546 1152 8 10
229529 1152 8 10
319919 1152 8 10
257033 1152 8 10
180821 1152 8 10
186638 1152 8 10
168969 1152 8 10
213894 1152 8 10
260259 1152 8 10
287856 1152 8 10
194253 1152 8 10
193053 1152 8 10
169544 1152 8 10
208929 1152 8 10
231761 1152 8 10
297360 1152 8 10
242577 1152 8 10
301205 1152 8 10
353910 1152 8 10
213993 1152 8 10
285993 1152 8 10
282971 1152 8 10
171730 1152 8 10
312808 1152 8 10
181273 1152 8 10
173869 1152 8 10
220316 1152 8 10
267332 1152 8 10
214571 1152 8 10
210612 1152 8 10
222273 1152 8 10
187779 1152 8 10
205514 1152 8 10
354185 1152 8 10
229761 1152 8 10
283689 1152 8 10
338491 1152 8 10
258167 1152 8 10
285401 1152 8 10
192467 1152 8 10
253313 1152 8 10
289960 1152 8 10
168606 1152 8 10
266658 1152 8 10
176246 1152 8 10
158657 1152 8 10
257743 1152 8 10
236095 1152 8 10
289910 1152 8 10
189336 1152 8 10
197255 1152 8 10
248271 1152 8 10
235814 1152 8 10
207553 1152 8 10
264486 1152 8 10
189369 1152 8 10
225866 1152 8 10
273990 1152 8 10
257224 1152 8 10
224447 1152 8 10
199802 1152 8 10
216818 1152 8 10
157627 1152 8 10
171024 1152 8 10
183914 1152 8 10
226742 1152 8 10
248456 1152 8 10
164831 1152 8 10
179444 1152 8 10
214622 1152 8 10
308866 1152 8 10
209500 1152 8 10
180326 1152 8 10
195621 1152 8 10
201082 1152 8 10
223196 1152 8 10
183023 1152 8 10
234870 1152 8 10
179996 1152 8 10
199305 1152 8 10
207802 1152 8 10
288861 1152 8 10
172796 1152 8 10
177837 1152 8 10
272944 1152 8 10
225240 1152 8 10
332298 1152 8 10
295967 1152 8 10
224061 1152 8 10
175990 1152 8 10
196548 1152 8 10
208775 1152 8 10
256021 1152 8 10
197371 1152 8 10
221703 1152 8 10
240934 1152 8 10
166313 1152 8 10
195612 1152 8 10
233103 1152 8 10
273837 1152 8 10
314513 1152 8 10
212336 1152 8 10
215571 1152 8 10
292609 1152 8 10
206668 1152 8 10
214681 1152 8 10
233433 1152 8 10
254886 1152 8 10
164695 1152 8 10
189628 1152 8 10
204535 1152 8 10
379030 1152 8 10
198151 1152 8 10
180298 1152 8 10
288419 1152 8 10
240616 1152 8 10
169434 1152 8 10
223625 1152 8 10
274449 1152 8 10
309778 1152 8 10
291957 1152 8 10
266709 1152 8 10
234566 1152 8 10
197373 1152 8 10
296436 1152 8 10
233956 1152 8 10
151351 1152 8 10
156360 1152 8 10
175696 1152 8 10
206121 1152 8 10
207587 1152 8 10
150419 1152 8 10
157398 1152 8 10
180120 1152 8 10
289098 1152 8 10
177997 1152 8 10
141072 1152 8 10
164004 1152 8 10
194576 1152 8 10
160812 1152 8 10
168752 1152 8 10
