341548 2304 8 100
163770 2304 8 100
203350 2304 8 100
260592 2304 8 100
200751 2304 8 100
188510 2304 8 100
305646 2304 8 100
149763 2304 8 100
191368 2304 8 100
242291 2304 8 100
204797 2304 8 100
313958 2304 8 100
360904 2304 8 100
199901 2304 8 100
319177 2304 8 100
360865 2304 8 100
174675 2304 8 100
182234 2304 8 100
241111 2304 8 100
176529 2304 8 100
196559 2304 8 100
198772 2304 8 100
313432 2304 8 100
192233 2304 8 100
204999 2304 8 100
213138 2304 8 100
211579 2304 8 100
184549 2304 8 100
139388 2304 8 100
204627 2304 8 100
308108 2304 8 100
239701 2304 8 100
237761 2304 8 100
186544 2304 8 100
200843 2304 8 100
244246 2304 8 100
182957 2304 8 100
327135 2304 8 100
182431 2304 8 100
213693 2304 8 100
252499 2304 8 100
242147 2304 8 100
203702 2304 8 100
258447 2304 8 100
315216 2304 8 100
203902 2304 8 100
233179 2304 8 100
156434 2304 8 100
199509 2304 8 100
241968 2304 8 100
201976 2304 8 100
286019 2304 8 100
258725 2304 8 100
322310 2304 8 100
184492 2304 8 100
212387 2304 8 100
198732 2304 8 100
166592 2304 8 100
441305 2304 8 100
198189 2304 8 100
216739 2304 8 100
401741 2304 8 100
178849 2304 8 100
230028 2304 8 100
176392 2304 8 100
467596 2304 8 100
220671 2304 8 100
216482 2304 8 100
193112 2304 8 100
198241 2304 8 100
163303 2304 8 100
286214 2304 8 100
240997 2304 8 100
137807 2304 8 100
201773 2304 8 100
213027 2304 8 100
254147 2304 8 100
201834 2304 8 100
159888 2304 8 100
250961 2304 8 100
261727 2304 8 100
190140 2304 8 100
272434 2304 8 100
232902 2304 8 100
329543 2304 8 100
219953 2304 8 100
167683 2304 8 100
331399 2304 8 100
238981 2304 8 100
304399 2304 8 100
173199 2304 8 100
222378 2304 8 100
231387 2304 8 100
345759 2304 8 100
265422 2304 8 100
162510 2304 8 100
198191 2304 8 100
181037 2304 8 100
203628 2304 8 100
177252 2304 8 100
197528 2304 8 100
208105 2304 8 100
215191 2304 8 100
351728 2304 8 100
221653 2304 8 100
473603 2304 8 100
293724 2304 8 100
296936 2304 8 100
285412 2304 8 100
332035 2304 8 100
284647 2304 8 100
222561 2304 8 100
207798 2304 8 100
336407 2304 8 100
166112 2304 8 100
256714 2304 8 100
179646 2304 8 100
180614 2304 8 100
190817 2304 8 100
212918 2304 8 100
230290 2304 8 100
227447 2304 8 100
205613 2304 8 100
297929 2304 8 100
193393 2304 8 100
214527 2304 8 100
226300 2304 8 100
205492 2304 8 100
280062 2304 8 100
215221 2304 8 100
321963 2304 8 100
309480 2304 8 100
219357 2304 8 100
319495 2304 8 100
212083 2304 8 100
257918 2304 8 100
320432 2304 8 100
214759 2304 8 100
195695 2304 8 100
197839 2304 8 100
226661 2304 8 100
217512 2304 8 100
361119 2304 8 100
232119 2304 8 100
217960 2304 8 100
187090 2304 8 100
212948 2304 8 100
213160 2304 8 100
209435 2304 8 100
242781 2304 8 100
206452 2304 8 100
218828 2304 8 100
216370 2304 8 100
358173 2304 8 100
220452 2304 8 100
231410 2304 8 100
188855 2304 8 100
212063 2304 8 100
188405 2304 8 100
339922 2304 8 100
190829 2304 8 100
210884 2304 8 100
194765 2304 8 100
216224 2304 8 100
234619 2304 8 100
195817 2304 8 100
206641 2304 8 100
208828 2304 8 100
224396 2304 8 100
193740 2304 8 100
219153 2304 8 100
206006 2304 8 100
253661 2304 8 100
254480 2304 8 100
213309 2304 8 100
185578 2304 8 100
247235 2304 8 100
370726 2304 8 100
293803 2304 8 100
209155 2304 8 100
194061 2304 8 100
256438 2304 8 100
175760 2304 8 100
303439 2304 8 100
298465 2304 8 100
370625 2304 8 100
221001 2304 8 100
142797 2304 8 100
276499 2304 8 100
338825 2304 8 100
257937 2304 8 100
177236 2304 8 100
190650 2304 8 100
208782 2304 8 100
192416 2304 8 100
221282 2304 8 100
251693 2304 8 100
211491 2304 8 100
179947 2304 8 100
304035 2304 8 100
310491 2304 8 100
156575 2304 8 100
197690 2304 8 100
242516 2304 8 100
205090 2304 8 100
250744 2304 8 100
257759 2304 8 100
310356 2304 8 100
367853 2304 8 100
218103 2304 8 100
201464 2304 8 100
190844 2304 8 100
234595 2304 8 100
265818 2304 8 100
300865 2304 8 100
168838 2304 8 100
280585 2304 8 100
238576 2304 8 100
264884 2304 8 100
346624 2304 8 100
264390 2304 8 100
332287 2304 8 100
446257 2304 8 100
292509 2304 8 100
325956 2304 8 100
196359 2304 8 100
281360 2304 8 100
239498 2304 8 100
212135 2304 8 100
230674 2304 8 100
474191 2304 8 100
269521 2304 8 100
256294 2304 8 100
215608 2304 8 100
224905 2304 8 100
269165 2304 8 100
266066 2304 8 100
203009 2304 8 100
176151 2304 8 100
203792 2304 8 100
202860 2304 8 100
304228 2304 8 100
365280 2304 8 100
196108 2304 8 100
313964 2304 8 100
283385 2304 8 100
189779 2304 8 100
228276 2304 8 100
393989 2304 8 100
342064 2304 8 100
