202802 2304 8 100
147640 2304 8 100
262267 2304 8 100
198413 2304 8 100
290520 2304 8 100
185814 2304 8 100
185447 2304 8 100
171336 2304 8 100
171213 2304 8 100
164211 2304 8 100
245140 2304 8 100
206930 2304 8 100
271595 2304 8 100
193409 2304 8 100
277577 2304 8 100
182889 2304 8 100
199496 2304 8 100
201340 2304 8 100
299293 2304 8 100
204038 2304 8 100
185436 2304 8 100
244412 2304 8 100
291200 2304 8 100
208282 2304 8 100
271017 2304 8 100
234185 2304 8 100
275991 2304 8 100
193186 2304 8 100
230182 2304 8 100
200995 2304 8 100
248702 2304 8 100
225960 2304 8 100
205996 2304 8 100
242010 2304 8 100
199177 2304 8 100
251381 2304 8 100
195905 2304 8 100
223034 2304 8 100
306183 2304 8 100
181494 2304 8 100
177864 2304 8 100
164188 2304 8 100
186568 2304 8 100
290178 2304 8 100
383543 2304 8 100
243595 2304 8 100
232292 2304 8 100
194838 2304 8 100
240544 2304 8 100
241049 2304 8 100
236579 2304 8 100
162948 2304 8 100
187800 2304 8 100
190195 2304 8 100
178200 2304 8 100
157060 2304 8 100
376723 2304 8 100
215352 2304 8 100
204190 2304 8 100
209000 2304 8 100
251348 2304 8 100
199082 2304 8 100
170638 2304 8 100
206484 2304 8 100
500404 2304 8 100
206973 2304 8 100
186337 2304 8 100
195455 2304 8 100
252641 2304 8 100
309283 2304 8 100
170736 2304 8 100
289071 2304 8 100
297492 2304 8 100
184039 2304 8 100
182038 2304 8 100
239967 2304 8 100
193238 2304 8 100
405395 2304 8 100
186832 2304 8 100
183522 2304 8 100
241033 2304 8 100
454001 2304 8 100
206053 2304 8 100
195880 2304 8 100
203681 2304 8 100
280387 2304 8 100
232768 2304 8 100
206031 2304 8 100
225104 2304 8 100
208412 2304 8 100
393446 2304 8 100
221159 2304 8 100
385080 2304 8 100
276331 2304 8 100
274856 2304 8 100
223068 2304 8 100
263828 2304 8 100
244597 2304 8 100
317007 2304 8 100
207176 2304 8 100
296959 2304 8 100
294167 2304 8 100
213969 2304 8 100
259584 2304 8 100
192724 2304 8 100
309923 2304 8 100
359616 2304 8 100
327392 2304 8 100
235264 2304 8 100
185047 2304 8 100
208274 2304 8 100
227584 2304 8 100
242351 2304 8 100
212729 2304 8 100
344383 2304 8 100
209547 2304 8 100
221317 2304 8 100
226524 2304 8 100
207080 2304 8 100
246602 2304 8 100
192740 2304 8 100
228316 2304 8 100
183448 2304 8 100
229805 2304 8 100
156774 2304 8 100
371771 2304 8 100
434273 2304 8 100
226660 2304 8 100
206807 2304 8 100
236850 2304 8 100
259351 2304 8 100
293648 2304 8 100
303225 2304 8 100
249182 2304 8 100
236727 2304 8 100
338072 2304 8 100
261430 2304 8 100
189429 2304 8 100
221711 2304 8 100
237150 2304 8 100
246523 2304 8 100
231558 2304 8 100
350890 2304 8 100
187339 2304 8 100
329712 2304 8 100
347645 2304 8 100
179342 2304 8 100
226769 2304 8 100
225242 2304 8 100
224302 2304 8 100
228534 2304 8 100
279468 2304 8 100
325396 2304 8 100
186698 2304 8 100
228579 2304 8 100
185243 2304 8 100
386459 2304 8 100
192563 2304 8 100
192160 2304 8 100
220583 2304 8 100
299432 2304 8 100
188591 2304 8 100
224788 2304 8 100
222764 2304 8 100
223586 2304 8 100
179385 2304 8 100
180243 2304 8 100
203196 2304 8 100
259614 2304 8 100
387386 2304 8 100
203530 2304 8 100
189210 2304 8 100
200760 2304 8 100
191871 2304 8 100
160543 2304 8 100
211223 2304 8 100
340010 2304 8 100
356818 2304 8 100
221229 2304 8 100
272024 2304 8 100
197545 2304 8 100
187068 2304 8 100
220258 2304 8 100
340197 2304 8 100
267863 2304 8 100
197038 2304 8 100
165302 2304 8 100
197398 2304 8 100
259010 2304 8 100
177045 2304 8 100
227016 2304 8 100
195820 2304 8 100
277891 2304 8 100
292159 2304 8 100
185880 2304 8 100
267576 2304 8 100
259686 2304 8 100
199794 2304 8 100
228588 2304 8 100
359670 2304 8 100
271635 2304 8 100
311058 2304 8 100
183654 2304 8 100
275088 2304 8 100
280719 2304 8 100
202500 2304 8 100
208008 2304 8 100
218835 2304 8 100
235379 2304 8 100
207442 2304 8 100
243772 2304 8 100
287729 2304 8 100
180206 2304 8 100
499460 2304 8 100
256405 2304 8 100
334355 2304 8 100
333420 2304 8 100
381296 2304 8 100
216489 2304 8 100
330503 2304 8 100
215203 2304 8 100
295297 2304 8 100
252583 2304 8 100
432838 2304 8 100
242430 2304 8 100
209966 2304 8 100
242021 2304 8 100
232504 2304 8 100
220293 2304 8 100
298648 2304 8 100
301478 2304 8 100
291187 2304 8 100
327639 2304 8 100
351064 2304 8 100
286582 2304 8 100
265362 2304 8 100
266377 2304 8 100
224004 2304 8 100
286206 2304 8 100
261656 2304 8 100
237813 2304 8 100
385752 2304 8 100
299492 2304 8 100
174075 2304 8 100
312571 2304 8 100
300212 2304 8 100
326925 2304 8 100
183461 2304 8 100
184598 2304 8 100
381652 2304 8 100
