210531 2304 8 100
181966 2304 8 100
210295 2304 8 100
183975 2304 8 100
139174 2304 8 100
396521 2304 8 100
311669 2304 8 100
207444 2304 8 100
189088 2304 8 100
245138 2304 8 100
263552 2304 8 100
267901 2304 8 100
294789 2304 8 100
265246 2304 8 100
246986 2304 8 100
306156 2304 8 100
241030 2304 8 100
183880 2304 8 100
176796 2304 8 100
205062 2304 8 100
196499 2304 8 100
213184 2304 8 100
254089 2304 8 100
324248 2304 8 100
300661 2304 8 100
192309 2304 8 100
168053 2304 8 100
215074 2304 8 100
295397 2304 8 100
253244 2304 8 100
204865 2304 8 100
221356 2304 8 100
294663 2304 8 100
329707 2304 8 100
298332 2304 8 100
328997 2304 8 100
145461 2304 8 100
213017 2304 8 100
272380 2304 8 100
213546 2304 8 100
313827 2304 8 100
168994 2304 8 100
198637 2304 8 100
138200 2304 8 100
207193 2304 8 100
217494 2304 8 100
181112 2304 8 100
235572 2304 8 100
248269 2304 8 100
230080 2304 8 100
255334 2304 8 100
235602 2304 8 100
339196 2304 8 100
209082 2304 8 100
177615 2304 8 100
206470 2304 8 100
428422 2304 8 100
192763 2304 8 100
182029 2304 8 100
177681 2304 8 100
197858 2304 8 100
200331 2304 8 100
274528 2304 8 100
235697 2304 8 100
220711 2304 8 100
199906 2304 8 100
195649 2304 8 100
170149 2304 8 100
177703 2304 8 100
275742 2304 8 100
245171 2304 8 100
205651 2304 8 100
199452 2304 8 100
185652 2304 8 100
293694 2304 8 100
202365 2304 8 100
261220 2304 8 100
171739 2304 8 100
327103 2304 8 100
358403 2304 8 100
364342 2304 8 100
200702 2304 8 100
195527 2304 8 100
202688 2304 8 100
395948 2304 8 100
165905 2304 8 100
204472 2304 8 100
299547 2304 8 100
270479 2304 8 100
211938 2304 8 100
276599 2304 8 100
192473 2304 8 100
371008 2304 8 100
172177 2304 8 100
299405 2304 8 100
244315 2304 8 100
300228 2304 8 100
356207 2304 8 100
218386 2304 8 100
370435 2304 8 100
174514 2304 8 100
196946 2304 8 100
210060 2304 8 100
230083 2304 8 100
158733 2304 8 100
276982 2304 8 100
179985 2304 8 100
151498 2304 8 100
284255 2304 8 100
367331 2304 8 100
212056 2304 8 100
267624 2304 8 100
160672 2304 8 100
221566 2304 8 100
380718 2304 8 100
199984 2304 8 100
268358 2304 8 100
226171 2304 8 100
285820 2304 8 100
212651 2304 8 100
210867 2304 8 100
411797 2304 8 100
220661 2304 8 100
297472 2304 8 100
305438 2304 8 100
243526 2304 8 100
374748 2304 8 100
330098 2304 8 100
285050 2304 8 100
223136 2304 8 100
273021 2304 8 100
337709 2304 8 100
227999 2304 8 100
207610 2304 8 100
390671 2304 8 100
185778 2304 8 100
217346 2304 8 100
249523 2304 8 100
207200 2304 8 100
306534 2304 8 100
219145 2304 8 100
226968 2304 8 100
240175 2304 8 100
276016 2304 8 100
210958 2304 8 100
264585 2304 8 100
239811 2304 8 100
229263 2304 8 100
226707 2304 8 100
221967 2304 8 100
207553 2304 8 100
284900 2304 8 100
186763 2304 8 100
180084 2304 8 100
310817 2304 8 100
291664 2304 8 100
226410 2304 8 100
180930 2304 8 100
190601 2304 8 100
220073 2304 8 100
318529 2304 8 100
217921 2304 8 100
226004 2304 8 100
202225 2304 8 100
226374 2304 8 100
214675 2304 8 100
224607 2304 8 100
212425 2304 8 100
254624 2304 8 100
236196 2304 8 100
176824 2304 8 100
229056 2304 8 100
293144 2304 8 100
195680 2304 8 100
234143 2304 8 100
220153 2304 8 100
189136 2304 8 100
191615 2304 8 100
300676 2304 8 100
289918 2304 8 100
257246 2304 8 100
230829 2304 8 100
216484 2304 8 100
366127 2304 8 100
236472 2304 8 100
231986 2304 8 100
271992 2304 8 100
189971 2304 8 100
250031 2304 8 100
175474 2304 8 100
213512 2304 8 100
203072 2304 8 100
248633 2304 8 100
213530 2304 8 100
187477 2304 8 100
202919 2304 8 100
203922 2304 8 100
153692 2304 8 100
243238 2304 8 100
207660 2304 8 100
187354 2304 8 100
213347 2304 8 100
179750 2304 8 100
225758 2304 8 100
294903 2304 8 100
217299 2304 8 100
210186 2304 8 100
315582 2304 8 100
335534 2304 8 100
261346 2304 8 100
331903 2304 8 100
458429 2304 8 100
245753 2304 8 100
246790 2304 8 100
281881 2304 8 100
272846 2304 8 100
359531 2304 8 100
417066 2304 8 100
254215 2304 8 100
283684 2304 8 100
208631 2304 8 100
297179 2304 8 100
257953 2304 8 100
204285 2304 8 100
263038 2304 8 100
197982 2304 8 100
173977 2304 8 100
300537 2304 8 100
333083 2304 8 100
320887 2304 8 100
328561 2304 8 100
276675 2304 8 100
259005 2304 8 100
279004 2304 8 100
229136 2304 8 100
300852 2304 8 100
237516 2304 8 100
267170 2304 8 100
182096 2304 8 100
270231 2304 8 100
174256 2304 8 100
200194 2304 8 100
190127 2304 8 100
204379 2304 8 100
275800 2304 8 100
177033 2304 8 100
309503 2304 8 100
243924 2304 8 100
137179 2304 8 100
315904 2304 8 100
