346066 2304 8 100
257986 2304 8 100
337156 2304 8 100
176814 2304 8 100
300912 2304 8 100
180912 2304 8 100
189258 2304 8 100
186142 2304 8 100
189460 2304 8 100
206392 2304 8 100
178589 2304 8 100
177801 2304 8 100
191578 2304 8 100
300187 2304 8 100
138472 2304 8 100
221591 2304 8 100
363928 2304 8 100
361029 2304 8 100
200468 2304 8 100
228355 2304 8 100
195800 2304 8 100
226961 2304 8 100
187644 2304 8 100
198989 2304 8 100
244894 2304 8 100
169736 2304 8 100
184437 2304 8 100
177663 2304 8 100
285043 2304 8 100
208551 2304 8 100
197862 2304 8 100
342610 2304 8 100
274942 2304 8 100
225706 2304 8 100
286716 2304 8 100
270791 2304 8 100
207136 2304 8 100
224018 2304 8 100
359416 2304 8 100
154623 2304 8 100
135763 2304 8 100
186967 2304 8 100
259390 2304 8 100
203185 2304 8 100
275267 2304 8 100
194456 2304 8 100
188135 2304 8 100
234787 2304 8 100
265524 2304 8 100
273528 2304 8 100
191941 2304 8 100
175171 2304 8 100
267486 2304 8 100
464325 2304 8 100
199186 2304 8 100
190027 2304 8 100
218617 2304 8 100
198316 2304 8 100
229166 2304 8 100
187607 2304 8 100
225369 2304 8 100
222338 2304 8 100
217044 2304 8 100
264864 2304 8 100
203076 2304 8 100
163492 2304 8 100
403172 2304 8 100
227034 2304 8 100
302058 2304 8 100
361623 2304 8 100
191308 2304 8 100
322153 2304 8 100
180245 2304 8 100
272861 2304 8 100
187142 2304 8 100
263305 2304 8 100
296977 2304 8 100
337118 2304 8 100
195944 2304 8 100
305853 2304 8 100
188750 2304 8 100
225601 2304 8 100
211522 2304 8 100
316295 2304 8 100
276356 2304 8 100
183914 2304 8 100
211878 2304 8 100
232379 2304 8 100
193677 2304 8 100
242829 2304 8 100
218293 2304 8 100
233931 2304 8 100
239221 2304 8 100
370280 2304 8 100
195554 2304 8 100
313438 2304 8 100
256270 2304 8 100
187847 2304 8 100
370484 2304 8 100
220000 2304 8 100
195613 2304 8 100
264475 2304 8 100
354862 2304 8 100
180512 2304 8 100
281963 2304 8 100
277494 2304 8 100
190221 2304 8 100
236018 2304 8 100
186955 2304 8 100
208134 2304 8 100
200984 2304 8 100
199141 2304 8 100
310875 2304 8 100
249098 2304 8 100
190027 2304 8 100
230330 2304 8 100
401315 2304 8 100
354193 2304 8 100
180628 2304 8 100
217583 2304 8 100
358102 2304 8 100
216186 2304 8 100
301905 2304 8 100
168072 2304 8 100
236696 2304 8 100
175164 2304 8 100
317026 2304 8 100
233461 2304 8 100
313820 2304 8 100
210939 2304 8 100
333710 2304 8 100
221223 2304 8 100
345428 2304 8 100
194143 2304 8 100
224121 2304 8 100
174410 2304 8 100
188316 2304 8 100
181063 2304 8 100
207522 2304 8 100
245956 2304 8 100
242369 2304 8 100
207282 2304 8 100
199882 2304 8 100
344423 2304 8 100
187967 2304 8 100
302892 2304 8 100
209704 2304 8 100
193575 2304 8 100
282341 2304 8 100
157949 2304 8 100
196126 2304 8 100
240928 2304 8 100
170358 2304 8 100
232967 2304 8 100
226862 2304 8 100
252855 2304 8 100
280130 2304 8 100
168068 2304 8 100
253305 2304 8 100
203275 2304 8 100
219122 2304 8 100
208272 2304 8 100
185731 2304 8 100
180145 2304 8 100
189502 2304 8 100
218311 2304 8 100
249322 2304 8 100
310601 2304 8 100
200832 2304 8 100
206431 2304 8 100
205683 2304 8 100
196935 2304 8 100
391075 2304 8 100
217900 2304 8 100
216939 2304 8 100
201271 2304 8 100
202337 2304 8 100
212951 2304 8 100
268706 2304 8 100
234362 2304 8 100
285361 2304 8 100
217607 2304 8 100
193795 2304 8 100
183287 2304 8 100
293028 2304 8 100
279555 2304 8 100
348993 2304 8 100
155856 2304 8 100
184390 2304 8 100
284764 2304 8 100
298150 2304 8 100
253630 2304 8 100
322952 2304 8 100
350284 2304 8 100
253521 2304 8 100
294781 2304 8 100
217098 2304 8 100
204838 2304 8 100
166928 2304 8 100
202482 2304 8 100
180168 2304 8 100
184287 2304 8 100
294496 2304 8 100
178910 2304 8 100
216115 2304 8 100
186579 2304 8 100
288992 2304 8 100
273696 2304 8 100
223995 2304 8 100
379128 2304 8 100
264381 2304 8 100
170438 2304 8 100
312017 2304 8 100
227250 2304 8 100
261254 2304 8 100
193785 2304 8 100
255453 2304 8 100
235185 2304 8 100
258482 2304 8 100
272723 2304 8 100
266666 2304 8 100
209990 2304 8 100
300079 2304 8 100
215865 2304 8 100
199383 2304 8 100
255434 2304 8 100
175611 2304 8 100
172385 2304 8 100
240400 2304 8 100
273560 2304 8 100
217918 2304 8 100
266737 2304 8 100
282637 2304 8 100
227190 2304 8 100
331663 2304 8 100
252859 2304 8 100
330263 2304 8 100
341630 2304 8 100
224827 2304 8 100
239496 2304 8 100
198519 2304 8 100
171897 2304 8 100
202058 2304 8 100
203040 2304 8 100
211910 2304 8 100
188906 2304 8 100
179167 2304 8 100
198700 2304 8 100
213037 2304 8 100
201500 2304 8 100
