622168 3456 8 1000
255604 3456 8 1000
246401 3456 8 1000
210939 3456 8 1000
433454 3456 8 1000
305351 3456 8 1000
208105 3456 8 1000
197196 3456 8 1000
274937 3456 8 1000
415974 3456 8 1000
226376 3456 8 1000
368418 3456 8 1000
341851 3456 8 1000
750906 3456 8 1000
447598 3456 8 1000
211156 3456 8 1000
278227 3456 8 1000
275199 3456 8 1000
250405 3456 8 1000
174638 3456 8 1000
343202 3456 8 1000
235883 3456 8 1000
229732 3456 8 1000
236461 3456 8 1000
245623 3456 8 1000
279208 3456 8 1000
254049 3456 8 1000
479150 3456 8 1000
231251 3456 8 1000
220867 3456 8 1000
401925 3456 8 1000
373336 3456 8 1000
232501 3456 8 1000
196829 3456 8 1000
200912 3456 8 1000
189901 3456 8 1000
167744 3456 8 1000
182757 3456 8 1000
175700 3456 8 1000
181076 3456 8 1000
213694 3456 8 1000
265126 3456 8 1000
262735 3456 8 1000
184280 3456 8 1000
268754 3456 8 1000
229729 3456 8 1000
226320 3456 8 1000
192098 3456 8 1000
215377 3456 8 1000
212435 3456 8 1000
203967 3456 8 1000
281451 3456 8 1000
311799 3456 8 1000
204408 3456 8 1000
247762 3456 8 1000
273418 3456 8 1000
221939 3456 8 1000
222890 3456 8 1000
191192 3456 8 1000
333888 3456 8 1000
323155 3456 8 1000
337656 3456 8 1000
243094 3456 8 1000
233018 3456 8 1000
239923 3456 8 1000
339233 3456 8 1000
267466 3456 8 1000
303834 3456 8 1000
295837 3456 8 1000
206523 3456 8 1000
194622 3456 8 1000
225028 3456 8 1000
190952 3456 8 1000
244046 3456 8 1000
245451 3456 8 1000
187441 3456 8 1000
296605 3456 8 1000
236622 3456 8 1000
218231 3456 8 1000
267371 3456 8 1000
243958 3456 8 1000
186340 3456 8 1000
296303 3456 8 1000
226352 3456 8 1000
201374 3456 8 1000
182762 3456 8 1000
227003 3456 8 1000
189688 3456 8 1000
281298 3456 8 1000
166089 3456 8 1000
279292 3456 8 1000
161309 3456 8 1000
277169 3456 8 1000
227143 3456 8 1000
193502 3456 8 1000
197122 3456 8 1000
178876 3456 8 1000
222486 3456 8 1000
233945 3456 8 1000
432957 3456 8 1000
302865 3456 8 1000
202854 3456 8 1000
245276 3456 8 1000
354925 3456 8 1000
233206 3456 8 1000
222116 3456 8 1000
193981 3456 8 1000
293694 3456 8 1000
180828 3456 8 1000
221687 3456 8 1000
243664 3456 8 1000
224839 3456 8 1000
363157 3456 8 1000
227642 3456 8 1000
276944 3456 8 1000
208406 3456 8 1000
270374 3456 8 1000
258504 3456 8 1000
277698 3456 8 1000
262243 3456 8 1000
195828 3456 8 1000
194630 3456 8 1000
203069 3456 8 1000
193052 3456 8 1000
355832 3456 8 1000
246901 3456 8 1000
289895 3456 8 1000
416451 3456 8 1000
317227 3456 8 1000
280280 3456 8 1000
290126 3456 8 1000
212689 3456 8 1000
257967 3456 8 1000
236713 3456 8 1000
224742 3456 8 1000
178105 3456 8 1000
268086 3456 8 1000
244726 3456 8 1000
293043 3456 8 1000
240746 3456 8 1000
209840 3456 8 1000
344436 3456 8 1000
293417 3456 8 1000
331568 3456 8 1000
332223 3456 8 1000
332023 3456 8 1000
222086 3456 8 1000
208521 3456 8 1000
235936 3456 8 1000
314678 3456 8 1000
382679 3456 8 1000
215104 3456 8 1000
226348 3456 8 1000
336722 3456 8 1000
255632 3456 8 1000
235580 3456 8 1000
189617 3456 8 1000
203147 3456 8 1000
232474 3456 8 1000
236419 3456 8 1000
295323 3456 8 1000
178381 3456 8 1000
234681 3456 8 1000
247456 3456 8 1000
292010 3456 8 1000
213877 3456 8 1000
213631 3456 8 1000
292212 3456 8 1000
407660 3456 8 1000
343654 3456 8 1000
208776 3456 8 1000
371860 3456 8 1000
257361 3456 8 1000
244386 3456 8 1000
239555 3456 8 1000
213280 3456 8 1000
299812 3456 8 1000
318063 3456 8 1000
228178 3456 8 1000
231973 3456 8 1000
189949 3456 8 1000
346683 3456 8 1000
288617 3456 8 1000
211491 3456 8 1000
297494 3456 8 1000
197810 3456 8 1000
266360 3456 8 1000
211805 3456 8 1000
243167 3456 8 1000
222734 3456 8 1000
272104 3456 8 1000
221225 3456 8 1000
274580 3456 8 1000
318110 3456 8 1000
222861 3456 8 1000
280403 3456 8 1000
208135 3456 8 1000
197839 3456 8 1000
205564 3456 8 1000
202831 3456 8 1000
239202 3456 8 1000
257734 3456 8 1000
361627 3456 8 1000
217845 3456 8 1000
217381 3456 8 1000
201961 3456 8 1000
329061 3456 8 1000
197537 3456 8 1000
292074 3456 8 1000
293577 3456 8 1000
267126 3456 8 1000
185937 3456 8 1000
220898 3456 8 1000
198656 3456 8 1000
216668 3456 8 1000
190058 3456 8 1000
191041 3456 8 1000
212510 3456 8 1000
309457 3456 8 1000
378260 3456 8 1000
211394 3456 8 1000
236347 3456 8 1000
291757 3456 8 1000
315931 3456 8 1000
260750 3456 8 1000
284109 3456 8 1000
215884 3456 8 1000
336260 3456 8 1000
174007 3456 8 1000
241703 3456 8 1000
300777 3456 8 1000
350539 3456 8 1000
185151 3456 8 1000
348731 3456 8 1000
209972 3456 8 1000
180007 3456 8 1000
200970 3456 8 1000
227156 3456 8 1000
372299 3456 8 1000
324113 3456 8 1000
236163 3456 8 1000
268762 3456 8 1000
233663 3456 8 1000
271097 3456 8 1000
323276 3456 8 1000
229885 3456 8 1000
277950 3456 8 1000
200732 3456 8 1000
241209 3456 8 1000
242612 3456 8 1000
