267924 3456 8 1000
346440 3456 8 1000
391994 3456 8 1000
277258 3456 8 1000
161792 3456 8 1000
171086 3456 8 1000
425056 3456 8 1000
273132 3456 8 1000
562960 3456 8 1000
319366 3456 8 1000
749456 3456 8 1000
253634 3456 8 1000
235056 3456 8 1000
190287 3456 8 1000
245126 3456 8 1000
278062 3456 8 1000
252769 3456 8 1000
368834 3456 8 1000
218491 3456 8 1000
403526 3456 8 1000
369028 3456 8 1000
226217 3456 8 1000
242586 3456 8 1000
268010 3456 8 1000
306588 3456 8 1000
196355 3456 8 1000
208122 3456 8 1000
262574 3456 8 1000
242518 3456 8 1000
222577 3456 8 1000
188517 3456 8 1000
236426 3456 8 1000
205506 3456 8 1000
216710 3456 8 1000
276249 3456 8 1000
171510 3456 8 1000
342932 3456 8 1000
186984 3456 8 1000
205811 3456 8 1000
187980 3456 8 1000
196570 3456 8 1000
178633 3456 8 1000
240313 3456 8 1000
351631 3456 8 1000
178617 3456 8 1000
218882 3456 8 1000
221730 3456 8 1000
230484 3456 8 1000
289070 3456 8 1000
353804 3456 8 1000
223275 3456 8 1000
201745 3456 8 1000
347068 3456 8 1000
216351 3456 8 1000
231905 3456 8 1000
192787 3456 8 1000
284553 3456 8 1000
279847 3456 8 1000
208394 3456 8 1000
284864 3456 8 1000
205153 3456 8 1000
235776 3456 8 1000
391140 3456 8 1000
164241 3456 8 1000
231086 3456 8 1000
258497 3456 8 1000
246604 3456 8 1000
190905 3456 8 1000
380204 3456 8 1000
173188 3456 8 1000
217822 3456 8 1000
190423 3456 8 1000
214922 3456 8 1000
279677 3456 8 1000
251073 3456 8 1000
224180 3456 8 1000
184232 3456 8 1000
228975 3456 8 1000
204150 3456 8 1000
214792 3456 8 1000
319040 3456 8 1000
253579 3456 8 1000
170024 3456 8 1000
237253 3456 8 1000
215737 3456 8 1000
229291 3456 8 1000
178171 3456 8 1000
191537 3456 8 1000
228029 3456 8 1000
176674 3456 8 1000
203743 3456 8 1000
198723 3456 8 1000
232915 3456 8 1000
216260 3456 8 1000
214724 3456 8 1000
185307 3456 8 1000
341870 3456 8 1000
488919 3456 8 1000
200866 3456 8 1000
188337 3456 8 1000
228443 3456 8 1000
173366 3456 8 1000
198174 3456 8 1000
221217 3456 8 1000
198006 3456 8 1000
202023 3456 8 1000
194493 3456 8 1000
199106 3456 8 1000
191258 3456 8 1000
232345 3456 8 1000
364286 3456 8 1000
225260 3456 8 1000
272930 3456 8 1000
241091 3456 8 1000
207118 3456 8 1000
255784 3456 8 1000
219780 3456 8 1000
304296 3456 8 1000
221056 3456 8 1000
381990 3456 8 1000
238997 3456 8 1000
197113 3456 8 1000
212118 3456 8 1000
258158 3456 8 1000
257960 3456 8 1000
263040 3456 8 1000
252238 3456 8 1000
241868 3456 8 1000
367675 3456 8 1000
220729 3456 8 1000
239084 3456 8 1000
275314 3456 8 1000
272470 3456 8 1000
245440 3456 8 1000
227664 3456 8 1000
307618 3456 8 1000
225982 3456 8 1000
249854 3456 8 1000
234160 3456 8 1000
238565 3456 8 1000
260025 3456 8 1000
222388 3456 8 1000
321429 3456 8 1000
219502 3456 8 1000
224011 3456 8 1000
212989 3456 8 1000
229924 3456 8 1000
219081 3456 8 1000
208324 3456 8 1000
271881 3456 8 1000
217589 3456 8 1000
294741 3456 8 1000
229143 3456 8 1000
245676 3456 8 1000
329961 3456 8 1000
213499 3456 8 1000
239715 3456 8 1000
228643 3456 8 1000
206035 3456 8 1000
283697 3456 8 1000
213462 3456 8 1000
212471 3456 8 1000
231396 3456 8 1000
232495 3456 8 1000
237208 3456 8 1000
310427 3456 8 1000
180174 3456 8 1000
338287 3456 8 1000
198058 3456 8 1000
273321 3456 8 1000
181962 3456 8 1000
210177 3456 8 1000
322517 3456 8 1000
257864 3456 8 1000
253704 3456 8 1000
316947 3456 8 1000
246879 3456 8 1000
258208 3456 8 1000
202457 3456 8 1000
276321 3456 8 1000
246465 3456 8 1000
275697 3456 8 1000
197791 3456 8 1000
232222 3456 8 1000
198727 3456 8 1000
259112 3456 8 1000
211916 3456 8 1000
269097 3456 8 1000
220844 3456 8 1000
248426 3456 8 1000
223999 3456 8 1000
395530 3456 8 1000
349145 3456 8 1000
217364 3456 8 1000
206446 3456 8 1000
222382 3456 8 1000
333770 3456 8 1000
195635 3456 8 1000
219870 3456 8 1000
193821 3456 8 1000
233927 3456 8 1000
266304 3456 8 1000
288829 3456 8 1000
357547 3456 8 1000
317729 3456 8 1000
231533 3456 8 1000
212002 3456 8 1000
250336 3456 8 1000
315894 3456 8 1000
235623 3456 8 1000
306207 3456 8 1000
225924 3456 8 1000
211253 3456 8 1000
325509 3456 8 1000
195130 3456 8 1000
204534 3456 8 1000
375811 3456 8 1000
213918 3456 8 1000
298611 3456 8 1000
194589 3456 8 1000
247752 3456 8 1000
304224 3456 8 1000
352514 3456 8 1000
238100 3456 8 1000
256855 3456 8 1000
331330 3456 8 1000
208511 3456 8 1000
209737 3456 8 1000
318428 3456 8 1000
314462 3456 8 1000
213842 3456 8 1000
259045 3456 8 1000
230616 3456 8 1000
311969 3456 8 1000
199229 3456 8 1000
226384 3456 8 1000
226790 3456 8 1000
213438 3456 8 1000
210417 3456 8 1000
295303 3456 8 1000
213637 3456 8 1000
263383 3456 8 1000
197898 3456 8 1000
333984 3456 8 1000
228940 3456 8 1000
253369 3456 8 1000
219724 3456 8 1000
320763 3456 8 1000
205995 3456 8 1000
286391 3456 8 1000
