248049 3456 8 1000
148761 3456 8 1000
177362 3456 8 1000
373750 3456 8 1000
227707 3456 8 1000
564510 3456 8 1000
255071 3456 8 1000
810056 3456 8 1000
200078 3456 8 1000
247185 3456 8 1000
288697 3456 8 1000
210750 3456 8 1000
283043 3456 8 1000
250267 3456 8 1000
221057 3456 8 1000
341751 3456 8 1000
204512 3456 8 1000
296481 3456 8 1000
448258 3456 8 1000
243558 3456 8 1000
506485 3456 8 1000
205341 3456 8 1000
214808 3456 8 1000
239644 3456 8 1000
227069 3456 8 1000
260373 3456 8 1000
209492 3456 8 1000
207272 3456 8 1000
179285 3456 8 1000
227898 3456 8 1000
182972 3456 8 1000
277073 3456 8 1000
345065 3456 8 1000
175103 3456 8 1000
214626 3456 8 1000
203533 3456 8 1000
245849 3456 8 1000
235607 3456 8 1000
180597 3456 8 1000
214924 3456 8 1000
257952 3456 8 1000
199472 3456 8 1000
251523 3456 8 1000
362448 3456 8 1000
228410 3456 8 1000
200435 3456 8 1000
202150 3456 8 1000
222936 3456 8 1000
214234 3456 8 1000
157191 3456 8 1000
357738 3456 8 1000
357234 3456 8 1000
250478 3456 8 1000
239176 3456 8 1000
274565 3456 8 1000
205772 3456 8 1000
212956 3456 8 1000
216947 3456 8 1000
219247 3456 8 1000
246717 3456 8 1000
361351 3456 8 1000
211671 3456 8 1000
357581 3456 8 1000
185000 3456 8 1000
211417 3456 8 1000
207635 3456 8 1000
231856 3456 8 1000
260219 3456 8 1000
185959 3456 8 1000
365917 3456 8 1000
196078 3456 8 1000
277813 3456 8 1000
280636 3456 8 1000
284756 3456 8 1000
301161 3456 8 1000
349464 3456 8 1000
298322 3456 8 1000
274710 3456 8 1000
361969 3456 8 1000
258824 3456 8 1000
249553 3456 8 1000
261452 3456 8 1000
201913 3456 8 1000
192790 3456 8 1000
249452 3456 8 1000
290212 3456 8 1000
326586 3456 8 1000
314591 3456 8 1000
188262 3456 8 1000
242426 3456 8 1000
335019 3456 8 1000
152468 3456 8 1000
192976 3456 8 1000
208207 3456 8 1000
191980 3456 8 1000
179136 3456 8 1000
234649 3456 8 1000
167183 3456 8 1000
267341 3456 8 1000
171296 3456 8 1000
211022 3456 8 1000
191039 3456 8 1000
340556 3456 8 1000
344993 3456 8 1000
216227 3456 8 1000
257390 3456 8 1000
418240 3456 8 1000
206138 3456 8 1000
302589 3456 8 1000
211258 3456 8 1000
205394 3456 8 1000
171780 3456 8 1000
286670 3456 8 1000
271345 3456 8 1000
312721 3456 8 1000
189829 3456 8 1000
274685 3456 8 1000
198261 3456 8 1000
332885 3456 8 1000
245280 3456 8 1000
202622 3456 8 1000
259999 3456 8 1000
233135 3456 8 1000
359985 3456 8 1000
205864 3456 8 1000
200537 3456 8 1000
256795 3456 8 1000
231342 3456 8 1000
406924 3456 8 1000
321517 3456 8 1000
333693 3456 8 1000
266894 3456 8 1000
232422 3456 8 1000
186522 3456 8 1000
244638 3456 8 1000
186478 3456 8 1000
215890 3456 8 1000
190962 3456 8 1000
262092 3456 8 1000
214189 3456 8 1000
325259 3456 8 1000
184276 3456 8 1000
225013 3456 8 1000
338885 3456 8 1000
243507 3456 8 1000
238408 3456 8 1000
336747 3456 8 1000
203632 3456 8 1000
219665 3456 8 1000
230567 3456 8 1000
219593 3456 8 1000
299288 3456 8 1000
262712 3456 8 1000
228908 3456 8 1000
270076 3456 8 1000
223102 3456 8 1000
247345 3456 8 1000
205270 3456 8 1000
213777 3456 8 1000
238865 3456 8 1000
255451 3456 8 1000
251104 3456 8 1000
247426 3456 8 1000
240832 3456 8 1000
232719 3456 8 1000
282026 3456 8 1000
234161 3456 8 1000
218494 3456 8 1000
284356 3456 8 1000
196580 3456 8 1000
249798 3456 8 1000
197926 3456 8 1000
388225 3456 8 1000
234450 3456 8 1000
222997 3456 8 1000
226387 3456 8 1000
398140 3456 8 1000
252608 3456 8 1000
302397 3456 8 1000
393018 3456 8 1000
231152 3456 8 1000
248133 3456 8 1000
239772 3456 8 1000
243482 3456 8 1000
265737 3456 8 1000
303212 3456 8 1000
190038 3456 8 1000
198715 3456 8 1000
243277 3456 8 1000
232204 3456 8 1000
202651 3456 8 1000
220577 3456 8 1000
242574 3456 8 1000
380371 3456 8 1000
227762 3456 8 1000
198072 3456 8 1000
281393 3456 8 1000
253611 3456 8 1000
275062 3456 8 1000
211360 3456 8 1000
225323 3456 8 1000
327525 3456 8 1000
343285 3456 8 1000
192004 3456 8 1000
242604 3456 8 1000
212096 3456 8 1000
325564 3456 8 1000
231087 3456 8 1000
220298 3456 8 1000
166609 3456 8 1000
225725 3456 8 1000
325070 3456 8 1000
243852 3456 8 1000
204916 3456 8 1000
361421 3456 8 1000
284583 3456 8 1000
178420 3456 8 1000
335746 3456 8 1000
336538 3456 8 1000
334156 3456 8 1000
239908 3456 8 1000
275141 3456 8 1000
290698 3456 8 1000
210727 3456 8 1000
209323 3456 8 1000
227926 3456 8 1000
205491 3456 8 1000
387976 3456 8 1000
204021 3456 8 1000
275634 3456 8 1000
201364 3456 8 1000
219592 3456 8 1000
252383 3456 8 1000
219889 3456 8 1000
297765 3456 8 1000
507259 3456 8 1000
260559 3456 8 1000
202903 3456 8 1000
326549 3456 8 1000
219157 3456 8 1000
225567 3456 8 1000
203529 3456 8 1000
242201 3456 8 1000
200506 3456 8 1000
199158 3456 8 1000
191056 3456 8 1000
262470 3456 8 1000
258422 3456 8 1000
229169 3456 8 1000
168013 3456 8 1000
