278850 3456 8 1000
373121 3456 8 1000
312366 3456 8 1000
831600 3456 8 1000
214191 3456 8 1000
339750 3456 8 1000
190241 3456 8 1000
240414 3456 8 1000
371357 3456 8 1000
344047 3456 8 1000
281667 3456 8 1000
222486 3456 8 1000
271190 3456 8 1000
290894 3456 8 1000
204143 3456 8 1000
213199 3456 8 1000
250089 3456 8 1000
327266 3456 8 1000
218043 3456 8 1000
251754 3456 8 1000
255211 3456 8 1000
361674 3456 8 1000
199196 3456 8 1000
237910 3456 8 1000
209081 3456 8 1000
250928 3456 8 1000
184111 3456 8 1000
254475 3456 8 1000
337340 3456 8 1000
180128 3456 8 1000
226916 3456 8 1000
203139 3456 8 1000
243445 3456 8 1000
179540 3456 8 1000
210682 3456 8 1000
216643 3456 8 1000
238403 3456 8 1000
252328 3456 8 1000
215852 3456 8 1000
211678 3456 8 1000
288308 3456 8 1000
340575 3456 8 1000
374235 3456 8 1000
288525 3456 8 1000
173355 3456 8 1000
254137 3456 8 1000
243748 3456 8 1000
286446 3456 8 1000
197154 3456 8 1000
229248 3456 8 1000
190374 3456 8 1000
276306 3456 8 1000
223828 3456 8 1000
237134 3456 8 1000
306181 3456 8 1000
295523 3456 8 1000
182713 3456 8 1000
257555 3456 8 1000
292452 3456 8 1000
269125 3456 8 1000
220263 3456 8 1000
229178 3456 8 1000
207201 3456 8 1000
254958 3456 8 1000
377525 3456 8 1000
202476 3456 8 1000
205355 3456 8 1000
196884 3456 8 1000
218651 3456 8 1000
240525 3456 8 1000
255226 3456 8 1000
333080 3456 8 1000
218479 3456 8 1000
340490 3456 8 1000
262071 3456 8 1000
203203 3456 8 1000
166570 3456 8 1000
309921 3456 8 1000
371624 3456 8 1000
274090 3456 8 1000
182404 3456 8 1000
244316 3456 8 1000
208536 3456 8 1000
198809 3456 8 1000
353439 3456 8 1000
278318 3456 8 1000
415910 3456 8 1000
270329 3456 8 1000
227077 3456 8 1000
193705 3456 8 1000
289900 3456 8 1000
199810 3456 8 1000
264027 3456 8 1000
244462 3456 8 1000
200910 3456 8 1000
176896 3456 8 1000
190929 3456 8 1000
220479 3456 8 1000
256390 3456 8 1000
262610 3456 8 1000
206661 3456 8 1000
183022 3456 8 1000
394101 3456 8 1000
182185 3456 8 1000
209169 3456 8 1000
256276 3456 8 1000
242011 3456 8 1000
201466 3456 8 1000
195711 3456 8 1000
278706 3456 8 1000
363872 3456 8 1000
286294 3456 8 1000
210965 3456 8 1000
343185 3456 8 1000
332228 3456 8 1000
261707 3456 8 1000
397750 3456 8 1000
282550 3456 8 1000
363778 3456 8 1000
216776 3456 8 1000
252802 3456 8 1000
278242 3456 8 1000
264096 3456 8 1000
268124 3456 8 1000
236783 3456 8 1000
353408 3456 8 1000
301739 3456 8 1000
283613 3456 8 1000
199690 3456 8 1000
314498 3456 8 1000
203717 3456 8 1000
210480 3456 8 1000
295726 3456 8 1000
216092 3456 8 1000
272345 3456 8 1000
210409 3456 8 1000
203981 3456 8 1000
227772 3456 8 1000
228085 3456 8 1000
213766 3456 8 1000
230138 3456 8 1000
264213 3456 8 1000
371278 3456 8 1000
248386 3456 8 1000
247861 3456 8 1000
254053 3456 8 1000
391314 3456 8 1000
201166 3456 8 1000
213886 3456 8 1000
203172 3456 8 1000
205293 3456 8 1000
232267 3456 8 1000
200629 3456 8 1000
240383 3456 8 1000
332001 3456 8 1000
264138 3456 8 1000
246855 3456 8 1000
269894 3456 8 1000
192351 3456 8 1000
341395 3456 8 1000
233445 3456 8 1000
345096 3456 8 1000
398496 3456 8 1000
273464 3456 8 1000
233426 3456 8 1000
304505 3456 8 1000
318588 3456 8 1000
279249 3456 8 1000
257077 3456 8 1000
227620 3456 8 1000
380597 3456 8 1000
233074 3456 8 1000
220587 3456 8 1000
259597 3456 8 1000
315156 3456 8 1000
287622 3456 8 1000
244888 3456 8 1000
301633 3456 8 1000
317909 3456 8 1000
195964 3456 8 1000
274960 3456 8 1000
345669 3456 8 1000
351356 3456 8 1000
230081 3456 8 1000
250061 3456 8 1000
252809 3456 8 1000
213685 3456 8 1000
288717 3456 8 1000
276765 3456 8 1000
231178 3456 8 1000
324411 3456 8 1000
188395 3456 8 1000
246814 3456 8 1000
262616 3456 8 1000
277445 3456 8 1000
368559 3456 8 1000
298564 3456 8 1000
248698 3456 8 1000
204542 3456 8 1000
361094 3456 8 1000
308514 3456 8 1000
291203 3456 8 1000
245244 3456 8 1000
256005 3456 8 1000
202461 3456 8 1000
248184 3456 8 1000
350297 3456 8 1000
395088 3456 8 1000
210591 3456 8 1000
229407 3456 8 1000
214966 3456 8 1000
238280 3456 8 1000
168824 3456 8 1000
223173 3456 8 1000
213949 3456 8 1000
217210 3456 8 1000
220586 3456 8 1000
192512 3456 8 1000
237123 3456 8 1000
326671 3456 8 1000
242687 3456 8 1000
231867 3456 8 1000
245854 3456 8 1000
159463 3456 8 1000
359072 3456 8 1000
213608 3456 8 1000
245090 3456 8 1000
207379 3456 8 1000
231168 3456 8 1000
225431 3456 8 1000
251183 3456 8 1000
283928 3456 8 1000
217196 3456 8 1000
222373 3456 8 1000
184500 3456 8 1000
188648 3456 8 1000
220323 3456 8 1000
258199 3456 8 1000
217989 3456 8 1000
159721 3456 8 1000
245296 3456 8 1000
251952 3456 8 1000
200645 3456 8 1000
235516 3456 8 1000
237172 3456 8 1000
183568 3456 8 1000
184196 3456 8 1000
154008 3456 8 1000
214867 3456 8 1000
187181 3456 8 1000
