583393 4608 8 10000
185387 4608 8 10000
236260 4608 8 10000
244172 4608 8 10000
178808 4608 8 10000
192243 4608 8 10000
307449 4608 8 10000
252853 4608 8 10000
190149 4608 8 10000
223066 4608 8 10000
326911 4608 8 10000
228200 4608 8 10000
282420 4608 8 10000
284014 4608 8 10000
190187 4608 8 10000
241676 4608 8 10000
295413 4608 8 10000
295294 4608 8 10000
257158 4608 8 10000
235538 4608 8 10000
232612 4608 8 10000
368073 4608 8 10000
261533 4608 8 10000
305626 4608 8 10000
211515 4608 8 10000
248718 4608 8 10000
249990 4608 8 10000
198990 4608 8 10000
203140 4608 8 10000
224392 4608 8 10000
402309 4608 8 10000
245402 4608 8 10000
215605 4608 8 10000
243625 4608 8 10000
217693 4608 8 10000
220187 4608 8 10000
198018 4608 8 10000
297161 4608 8 10000
353019 4608 8 10000
242189 4608 8 10000
340259 4608 8 10000
260825 4608 8 10000
218486 4608 8 10000
344649 4608 8 10000
222109 4608 8 10000
211815 4608 8 10000
226347 4608 8 10000
231301 4608 8 10000
343575 4608 8 10000
219316 4608 8 10000
204871 4608 8 10000
276312 4608 8 10000
216711 4608 8 10000
246269 4608 8 10000
273851 4608 8 10000
219060 4608 8 10000
236457 4608 8 10000
227646 4608 8 10000
231585 4608 8 10000
233415 4608 8 10000
217038 4608 8 10000
242360 4608 8 10000
204120 4608 8 10000
252558 4608 8 10000
208104 4608 8 10000
225301 4608 8 10000
241539 4608 8 10000
193539 4608 8 10000
223276 4608 8 10000
391916 4608 8 10000
167307 4608 8 10000
235159 4608 8 10000
172252 4608 8 10000
162512 4608 8 10000
185709 4608 8 10000
212299 4608 8 10000
374500 4608 8 10000
402695 4608 8 10000
279712 4608 8 10000
164296 4608 8 10000
257106 4608 8 10000
248901 4608 8 10000
288397 4608 8 10000
239415 4608 8 10000
223481 4608 8 10000
426147 4608 8 10000
228075 4608 8 10000
233862 4608 8 10000
213832 4608 8 10000
313952 4608 8 10000
202720 4608 8 10000
285952 4608 8 10000
175697 4608 8 10000
213485 4608 8 10000
335739 4608 8 10000
313313 4608 8 10000
183899 4608 8 10000
277195 4608 8 10000
342391 4608 8 10000
216357 4608 8 10000
235627 4608 8 10000
377945 4608 8 10000
174272 4608 8 10000
382215 4608 8 10000
232307 4608 8 10000
221076 4608 8 10000
238238 4608 8 10000
212836 4608 8 10000
225725 4608 8 10000
246860 4608 8 10000
217287 4608 8 10000
289718 4608 8 10000
196516 4608 8 10000
229708 4608 8 10000
200439 4608 8 10000
209331 4608 8 10000
210666 4608 8 10000
309566 4608 8 10000
784553 4608 8 10000
225554 4608 8 10000
391873 4608 8 10000
197189 4608 8 10000
327965 4608 8 10000
198624 4608 8 10000
210809 4608 8 10000
351560 4608 8 10000
234091 4608 8 10000
212268 4608 8 10000
302611 4608 8 10000
172138 4608 8 10000
220182 4608 8 10000
384010 4608 8 10000
298767 4608 8 10000
163095 4608 8 10000
214052 4608 8 10000
210004 4608 8 10000
303880 4608 8 10000
394178 4608 8 10000
280730 4608 8 10000
215829 4608 8 10000
180422 4608 8 10000
220837 4608 8 10000
282072 4608 8 10000
275497 4608 8 10000
259404 4608 8 10000
233359 4608 8 10000
259347 4608 8 10000
199063 4608 8 10000
198432 4608 8 10000
322588 4608 8 10000
180982 4608 8 10000
177502 4608 8 10000
247981 4608 8 10000
204856 4608 8 10000
211716 4608 8 10000
206403 4608 8 10000
201989 4608 8 10000
254891 4608 8 10000
220059 4608 8 10000
282279 4608 8 10000
202150 4608 8 10000
348438 4608 8 10000
222006 4608 8 10000
342524 4608 8 10000
471262 4608 8 10000
184314 4608 8 10000
258869 4608 8 10000
298437 4608 8 10000
200085 4608 8 10000
194301 4608 8 10000
251865 4608 8 10000
235429 4608 8 10000
259349 4608 8 10000
168231 4608 8 10000
277119 4608 8 10000
373572 4608 8 10000
260607 4608 8 10000
222528 4608 8 10000
214073 4608 8 10000
216066 4608 8 10000
268317 4608 8 10000
353260 4608 8 10000
225912 4608 8 10000
195533 4608 8 10000
289310 4608 8 10000
241400 4608 8 10000
283446 4608 8 10000
282613 4608 8 10000
211309 4608 8 10000
385190 4608 8 10000
242595 4608 8 10000
226492 4608 8 10000
214168 4608 8 10000
195686 4608 8 10000
227680 4608 8 10000
274677 4608 8 10000
201310 4608 8 10000
229059 4608 8 10000
219030 4608 8 10000
263956 4608 8 10000
194574 4608 8 10000
257974 4608 8 10000
208201 4608 8 10000
256120 4608 8 10000
232212 4608 8 10000
287689 4608 8 10000
226154 4608 8 10000
176480 4608 8 10000
226505 4608 8 10000
230688 4608 8 10000
262971 4608 8 10000
237239 4608 8 10000
209151 4608 8 10000
212408 4608 8 10000
185909 4608 8 10000
357530 4608 8 10000
312548 4608 8 10000
213394 4608 8 10000
176424 4608 8 10000
289484 4608 8 10000
298672 4608 8 10000
309412 4608 8 10000
221774 4608 8 10000
245150 4608 8 10000
279701 4608 8 10000
243407 4608 8 10000
260643 4608 8 10000
252519 4608 8 10000
350474 4608 8 10000
201606 4608 8 10000
256170 4608 8 10000
220189 4608 8 10000
193853 4608 8 10000
228179 4608 8 10000
221534 4608 8 10000
340239 4608 8 10000
192363 4608 8 10000
242187 4608 8 10000
268582 4608 8 10000
220390 4608 8 10000
222748 4608 8 10000
238660 4608 8 10000
338114 4608 8 10000
216529 4608 8 10000
207240 4608 8 10000
208942 4608 8 10000
223142 4608 8 10000
204412 4608 8 10000
382257 4608 8 10000
230694 4608 8 10000
