233974 4608 8 10000
319739 4608 8 10000
234984 4608 8 10000
264327 4608 8 10000
262305 4608 8 10000
166068 4608 8 10000
329069 4608 8 10000
225518 4608 8 10000
258027 4608 8 10000
217059 4608 8 10000
225717 4608 8 10000
248857 4608 8 10000
245086 4608 8 10000
209778 4608 8 10000
193763 4608 8 10000
334360 4608 8 10000
179369 4608 8 10000
215201 4608 8 10000
223936 4608 8 10000
397686 4608 8 10000
223198 4608 8 10000
223251 4608 8 10000
227160 4608 8 10000
173724 4608 8 10000
208426 4608 8 10000
335401 4608 8 10000
193064 4608 8 10000
359770 4608 8 10000
220685 4608 8 10000
205854 4608 8 10000
216766 4608 8 10000
308714 4608 8 10000
251280 4608 8 10000
241845 4608 8 10000
212784 4608 8 10000
231479 4608 8 10000
262929 4608 8 10000
213870 4608 8 10000
249970 4608 8 10000
313078 4608 8 10000
303622 4608 8 10000
319473 4608 8 10000
163334 4608 8 10000
304970 4608 8 10000
229490 4608 8 10000
241479 4608 8 10000
321318 4608 8 10000
309969 4608 8 10000
385882 4608 8 10000
234433 4608 8 10000
201649 4608 8 10000
203391 4608 8 10000
382993 4608 8 10000
338964 4608 8 10000
278732 4608 8 10000
287466 4608 8 10000
176251 4608 8 10000
229709 4608 8 10000
297793 4608 8 10000
276405 4608 8 10000
267766 4608 8 10000
359596 4608 8 10000
399583 4608 8 10000
241043 4608 8 10000
220818 4608 8 10000
314234 4608 8 10000
184001 4608 8 10000
234559 4608 8 10000
215375 4608 8 10000
216373 4608 8 10000
272458 4608 8 10000
187701 4608 8 10000
228029 4608 8 10000
315412 4608 8 10000
344271 4608 8 10000
293676 4608 8 10000
354306 4608 8 10000
208711 4608 8 10000
255062 4608 8 10000
245646 4608 8 10000
225448 4608 8 10000
235993 4608 8 10000
205219 4608 8 10000
327844 4608 8 10000
204027 4608 8 10000
234005 4608 8 10000
407773 4608 8 10000
288251 4608 8 10000
170570 4608 8 10000
299957 4608 8 10000
243953 4608 8 10000
228291 4608 8 10000
221979 4608 8 10000
210315 4608 8 10000
202426 4608 8 10000
215516 4608 8 10000
325747 4608 8 10000
312264 4608 8 10000
186766 4608 8 10000
202303 4608 8 10000
217211 4608 8 10000
258523 4608 8 10000
222886 4608 8 10000
216233 4608 8 10000
261515 4608 8 10000
198665 4608 8 10000
251485 4608 8 10000
210468 4608 8 10000
254686 4608 8 10000
253215 4608 8 10000
305764 4608 8 10000
304889 4608 8 10000
168447 4608 8 10000
736418 4608 8 10000
174263 4608 8 10000
238753 4608 8 10000
291742 4608 8 10000
377558 4608 8 10000
295274 4608 8 10000
255070 4608 8 10000
246210 4608 8 10000
182819 4608 8 10000
208459 4608 8 10000
317135 4608 8 10000
216483 4608 8 10000
211421 4608 8 10000
349889 4608 8 10000
252659 4608 8 10000
367373 4608 8 10000
216504 4608 8 10000
223168 4608 8 10000
359452 4608 8 10000
381371 4608 8 10000
216438 4608 8 10000
305646 4608 8 10000
208343 4608 8 10000
198897 4608 8 10000
335817 4608 8 10000
194379 4608 8 10000
196842 4608 8 10000
197307 4608 8 10000
184513 4608 8 10000
196637 4608 8 10000
214683 4608 8 10000
245560 4608 8 10000
233189 4608 8 10000
182707 4608 8 10000
251495 4608 8 10000
205110 4608 8 10000
240197 4608 8 10000
230716 4608 8 10000
231722 4608 8 10000
313690 4608 8 10000
346529 4608 8 10000
325867 4608 8 10000
338917 4608 8 10000
213372 4608 8 10000
252365 4608 8 10000
383539 4608 8 10000
215082 4608 8 10000
419006 4608 8 10000
220491 4608 8 10000
227931 4608 8 10000
316338 4608 8 10000
226981 4608 8 10000
216389 4608 8 10000
375669 4608 8 10000
165620 4608 8 10000
244572 4608 8 10000
226872 4608 8 10000
195605 4608 8 10000
218911 4608 8 10000
205883 4608 8 10000
232026 4608 8 10000
178347 4608 8 10000
299766 4608 8 10000
211511 4608 8 10000
284508 4608 8 10000
236069 4608 8 10000
194911 4608 8 10000
208227 4608 8 10000
210956 4608 8 10000
313126 4608 8 10000
219371 4608 8 10000
239732 4608 8 10000
243977 4608 8 10000
181725 4608 8 10000
243216 4608 8 10000
224897 4608 8 10000
337183 4608 8 10000
190313 4608 8 10000
209470 4608 8 10000
242506 4608 8 10000
405309 4608 8 10000
236249 4608 8 10000
257697 4608 8 10000
335600 4608 8 10000
292118 4608 8 10000
265720 4608 8 10000
291741 4608 8 10000
388596 4608 8 10000
310146 4608 8 10000
304380 4608 8 10000
183778 4608 8 10000
248849 4608 8 10000
262572 4608 8 10000
223097 4608 8 10000
245483 4608 8 10000
208868 4608 8 10000
315555 4608 8 10000
222124 4608 8 10000
265340 4608 8 10000
242013 4608 8 10000
253539 4608 8 10000
303532 4608 8 10000
181777 4608 8 10000
241329 4608 8 10000
231457 4608 8 10000
245507 4608 8 10000
296287 4608 8 10000
199498 4608 8 10000
240096 4608 8 10000
293674 4608 8 10000
228881 4608 8 10000
167038 4608 8 10000
282399 4608 8 10000
415710 4608 8 10000
214403 4608 8 10000
239236 4608 8 10000
248198 4608 8 10000
219057 4608 8 10000
257917 4608 8 10000
210029 4608 8 10000
211531 4608 8 10000
266074 4608 8 10000
333408 4608 8 10000
303085 4608 8 10000
241627 4608 8 10000
222513 4608 8 10000
338076 4608 8 10000
297707 4608 8 10000
218233 4608 8 10000
176003 4608 8 10000
228614 4608 8 10000
225741 4608 8 10000
182254 4608 8 10000
278962 4608 8 10000
162836 4608 8 10000
307183 4608 8 10000
188667 4608 8 10000
