226430 4608 8 10000
268516 4608 8 10000
269822 4608 8 10000
204349 4608 8 10000
221656 4608 8 10000
237062 4608 8 10000
269130 4608 8 10000
194544 4608 8 10000
289093 4608 8 10000
314461 4608 8 10000
294978 4608 8 10000
320042 4608 8 10000
254627 4608 8 10000
245506 4608 8 10000
312320 4608 8 10000
308428 4608 8 10000
393270 4608 8 10000
205766 4608 8 10000
211958 4608 8 10000
249163 4608 8 10000
249410 4608 8 10000
213215 4608 8 10000
236797 4608 8 10000
214857 4608 8 10000
217609 4608 8 10000
223061 4608 8 10000
305828 4608 8 10000
361905 4608 8 10000
202429 4608 8 10000
232721 4608 8 10000
241448 4608 8 10000
254981 4608 8 10000
220482 4608 8 10000
233883 4608 8 10000
218913 4608 8 10000
233321 4608 8 10000
338813 4608 8 10000
194090 4608 8 10000
254342 4608 8 10000
213139 4608 8 10000
228999 4608 8 10000
170010 4608 8 10000
200705 4608 8 10000
259577 4608 8 10000
255826 4608 8 10000
244415 4608 8 10000
231334 4608 8 10000
230935 4608 8 10000
240331 4608 8 10000
233896 4608 8 10000
367668 4608 8 10000
242953 4608 8 10000
202691 4608 8 10000
259029 4608 8 10000
235046 4608 8 10000
228585 4608 8 10000
226216 4608 8 10000
275811 4608 8 10000
368835 4608 8 10000
364908 4608 8 10000
263609 4608 8 10000
201172 4608 8 10000
271329 4608 8 10000
235576 4608 8 10000
227043 4608 8 10000
213769 4608 8 10000
222000 4608 8 10000
164062 4608 8 10000
225755 4608 8 10000
215484 4608 8 10000
210195 4608 8 10000
209956 4608 8 10000
365856 4608 8 10000
250093 4608 8 10000
337715 4608 8 10000
258778 4608 8 10000
237054 4608 8 10000
291900 4608 8 10000
197586 4608 8 10000
381980 4608 8 10000
200717 4608 8 10000
360980 4608 8 10000
248418 4608 8 10000
217802 4608 8 10000
257561 4608 8 10000
238537 4608 8 10000
210756 4608 8 10000
349731 4608 8 10000
222136 4608 8 10000
192370 4608 8 10000
261593 4608 8 10000
225705 4608 8 10000
285557 4608 8 10000
218625 4608 8 10000
191263 4608 8 10000
226801 4608 8 10000
230243 4608 8 10000
324424 4608 8 10000
389372 4608 8 10000
165597 4608 8 10000
283266 4608 8 10000
306025 4608 8 10000
233214 4608 8 10000
232412 4608 8 10000
179685 4608 8 10000
278396 4608 8 10000
172902 4608 8 10000
281219 4608 8 10000
309792 4608 8 10000
231002 4608 8 10000
275109 4608 8 10000
582302 4608 8 10000
219673 4608 8 10000
254179 4608 8 10000
336017 4608 8 10000
201908 4608 8 10000
304074 4608 8 10000
177609 4608 8 10000
370098 4608 8 10000
209885 4608 8 10000
208060 4608 8 10000
263589 4608 8 10000
234037 4608 8 10000
339828 4608 8 10000
261577 4608 8 10000
175587 4608 8 10000
229543 4608 8 10000
230956 4608 8 10000
202982 4608 8 10000
229258 4608 8 10000
208421 4608 8 10000
397418 4608 8 10000
376666 4608 8 10000
206019 4608 8 10000
290315 4608 8 10000
187341 4608 8 10000
338407 4608 8 10000
259881 4608 8 10000
215283 4608 8 10000
290279 4608 8 10000
214159 4608 8 10000
233049 4608 8 10000
195025 4608 8 10000
202709 4608 8 10000
221510 4608 8 10000
235521 4608 8 10000
283469 4608 8 10000
382119 4608 8 10000
342826 4608 8 10000
254451 4608 8 10000
264291 4608 8 10000
200059 4608 8 10000
216098 4608 8 10000
282637 4608 8 10000
214777 4608 8 10000
242957 4608 8 10000
315930 4608 8 10000
211780 4608 8 10000
176174 4608 8 10000
272553 4608 8 10000
238214 4608 8 10000
216305 4608 8 10000
207408 4608 8 10000
324348 4608 8 10000
291527 4608 8 10000
258469 4608 8 10000
233792 4608 8 10000
224790 4608 8 10000
245947 4608 8 10000
258748 4608 8 10000
225841 4608 8 10000
375638 4608 8 10000
223821 4608 8 10000
199382 4608 8 10000
358394 4608 8 10000
196235 4608 8 10000
193975 4608 8 10000
226270 4608 8 10000
348972 4608 8 10000
267266 4608 8 10000
274907 4608 8 10000
211186 4608 8 10000
245568 4608 8 10000
228191 4608 8 10000
249578 4608 8 10000
219833 4608 8 10000
204696 4608 8 10000
224877 4608 8 10000
195858 4608 8 10000
404336 4608 8 10000
237291 4608 8 10000
235583 4608 8 10000
238185 4608 8 10000
222595 4608 8 10000
237381 4608 8 10000
238609 4608 8 10000
238026 4608 8 10000
342217 4608 8 10000
305818 4608 8 10000
300553 4608 8 10000
219749 4608 8 10000
188747 4608 8 10000
312757 4608 8 10000
298891 4608 8 10000
285837 4608 8 10000
174402 4608 8 10000
289163 4608 8 10000
283989 4608 8 10000
241777 4608 8 10000
222240 4608 8 10000
199830 4608 8 10000
317104 4608 8 10000
259256 4608 8 10000
229138 4608 8 10000
261589 4608 8 10000
187265 4608 8 10000
247694 4608 8 10000
246796 4608 8 10000
403603 4608 8 10000
184100 4608 8 10000
197716 4608 8 10000
197674 4608 8 10000
252211 4608 8 10000
253259 4608 8 10000
236487 4608 8 10000
236556 4608 8 10000
317550 4608 8 10000
221845 4608 8 10000
241418 4608 8 10000
211921 4608 8 10000
263863 4608 8 10000
199348 4608 8 10000
236554 4608 8 10000
376035 4608 8 10000
204909 4608 8 10000
167052 4608 8 10000
396871 4608 8 10000
281739 4608 8 10000
250624 4608 8 10000
256884 4608 8 10000
219250 4608 8 10000
182677 4608 8 10000
241679 4608 8 10000
252574 4608 8 10000
242114 4608 8 10000
196279 4608 8 10000
271334 4608 8 10000
329232 4608 8 10000
192367 4608 8 10000
301948 4608 8 10000
