220416 4608 8 10000
218117 4608 8 10000
373992 4608 8 10000
190115 4608 8 10000
231728 4608 8 10000
196469 4608 8 10000
245485 4608 8 10000
189265 4608 8 10000
211851 4608 8 10000
216182 4608 8 10000
247575 4608 8 10000
317398 4608 8 10000
253569 4608 8 10000
279093 4608 8 10000
209774 4608 8 10000
225330 4608 8 10000
214032 4608 8 10000
198749 4608 8 10000
168509 4608 8 10000
296134 4608 8 10000
203413 4608 8 10000
401085 4608 8 10000
210402 4608 8 10000
275880 4608 8 10000
253407 4608 8 10000
216354 4608 8 10000
233676 4608 8 10000
194351 4608 8 10000
397015 4608 8 10000
269481 4608 8 10000
219352 4608 8 10000
186007 4608 8 10000
223696 4608 8 10000
364106 4608 8 10000
279714 4608 8 10000
259441 4608 8 10000
268446 4608 8 10000
208365 4608 8 10000
220720 4608 8 10000
224825 4608 8 10000
241738 4608 8 10000
210035 4608 8 10000
226250 4608 8 10000
248969 4608 8 10000
212270 4608 8 10000
403844 4608 8 10000
340635 4608 8 10000
234859 4608 8 10000
208230 4608 8 10000
258191 4608 8 10000
399292 4608 8 10000
356907 4608 8 10000
236311 4608 8 10000
242122 4608 8 10000
205316 4608 8 10000
231153 4608 8 10000
248601 4608 8 10000
303368 4608 8 10000
390878 4608 8 10000
305293 4608 8 10000
196629 4608 8 10000
333086 4608 8 10000
334230 4608 8 10000
215473 4608 8 10000
169376 4608 8 10000
256328 4608 8 10000
188519 4608 8 10000
215500 4608 8 10000
273761 4608 8 10000
214532 4608 8 10000
268281 4608 8 10000
337611 4608 8 10000
295247 4608 8 10000
264420 4608 8 10000
229470 4608 8 10000
331954 4608 8 10000
254143 4608 8 10000
298889 4608 8 10000
220974 4608 8 10000
178014 4608 8 10000
254426 4608 8 10000
192359 4608 8 10000
322029 4608 8 10000
414864 4608 8 10000
237329 4608 8 10000
230148 4608 8 10000
347709 4608 8 10000
201448 4608 8 10000
184208 4608 8 10000
214483 4608 8 10000
219108 4608 8 10000
293642 4608 8 10000
294431 4608 8 10000
200605 4608 8 10000
312612 4608 8 10000
389770 4608 8 10000
190809 4608 8 10000
303771 4608 8 10000
205406 4608 8 10000
193433 4608 8 10000
251758 4608 8 10000
387770 4608 8 10000
202060 4608 8 10000
298207 4608 8 10000
249515 4608 8 10000
604387 4608 8 10000
217355 4608 8 10000
216002 4608 8 10000
192819 4608 8 10000
282889 4608 8 10000
208084 4608 8 10000
243087 4608 8 10000
271496 4608 8 10000
221252 4608 8 10000
174222 4608 8 10000
254411 4608 8 10000
246456 4608 8 10000
358548 4608 8 10000
399502 4608 8 10000
356571 4608 8 10000
357068 4608 8 10000
175276 4608 8 10000
192676 4608 8 10000
192507 4608 8 10000
247230 4608 8 10000
194472 4608 8 10000
311859 4608 8 10000
201178 4608 8 10000
240521 4608 8 10000
182371 4608 8 10000
190398 4608 8 10000
203281 4608 8 10000
200365 4608 8 10000
187545 4608 8 10000
213829 4608 8 10000
223304 4608 8 10000
195673 4608 8 10000
182145 4608 8 10000
241590 4608 8 10000
222340 4608 8 10000
286217 4608 8 10000
361799 4608 8 10000
251562 4608 8 10000
190628 4608 8 10000
250799 4608 8 10000
203207 4608 8 10000
303170 4608 8 10000
195873 4608 8 10000
242328 4608 8 10000
286041 4608 8 10000
295661 4608 8 10000
225528 4608 8 10000
384111 4608 8 10000
281304 4608 8 10000
184282 4608 8 10000
404468 4608 8 10000
283457 4608 8 10000
207570 4608 8 10000
324266 4608 8 10000
222929 4608 8 10000
232451 4608 8 10000
192830 4608 8 10000
217131 4608 8 10000
294253 4608 8 10000
246534 4608 8 10000
397846 4608 8 10000
265968 4608 8 10000
194439 4608 8 10000
240380 4608 8 10000
412774 4608 8 10000
266153 4608 8 10000
203166 4608 8 10000
221746 4608 8 10000
266017 4608 8 10000
190775 4608 8 10000
209413 4608 8 10000
215811 4608 8 10000
271715 4608 8 10000
297712 4608 8 10000
263829 4608 8 10000
300709 4608 8 10000
222299 4608 8 10000
205361 4608 8 10000
289402 4608 8 10000
212042 4608 8 10000
191583 4608 8 10000
250017 4608 8 10000
204823 4608 8 10000
271014 4608 8 10000
262017 4608 8 10000
208249 4608 8 10000
215580 4608 8 10000
299064 4608 8 10000
210458 4608 8 10000
211704 4608 8 10000
204158 4608 8 10000
219076 4608 8 10000
215306 4608 8 10000
372269 4608 8 10000
266791 4608 8 10000
187109 4608 8 10000
221542 4608 8 10000
219412 4608 8 10000
222012 4608 8 10000
337428 4608 8 10000
230852 4608 8 10000
195998 4608 8 10000
292369 4608 8 10000
251217 4608 8 10000
186525 4608 8 10000
182768 4608 8 10000
235439 4608 8 10000
311137 4608 8 10000
307067 4608 8 10000
185031 4608 8 10000
381424 4608 8 10000
223518 4608 8 10000
191154 4608 8 10000
202165 4608 8 10000
215342 4608 8 10000
278817 4608 8 10000
248648 4608 8 10000
249681 4608 8 10000
219392 4608 8 10000
345461 4608 8 10000
280369 4608 8 10000
217861 4608 8 10000
225049 4608 8 10000
208706 4608 8 10000
162508 4608 8 10000
324650 4608 8 10000
333359 4608 8 10000
197788 4608 8 10000
197807 4608 8 10000
245180 4608 8 10000
310987 4608 8 10000
192856 4608 8 10000
172299 4608 8 10000
302551 4608 8 10000
200515 4608 8 10000
198189 4608 8 10000
344615 4608 8 10000
257816 4608 8 10000
172304 4608 8 10000
228862 4608 8 10000
165704 4608 8 10000
164903 4608 8 10000
212851 4608 8 10000
166423 4608 8 10000
188758 4608 8 10000
