390661 5760 8 100000
289472 5760 8 100000
417733 5760 8 100000
179681 5760 8 100000
192757 5760 8 100000
266496 5760 8 100000
180032 5760 8 100000
255660 5760 8 100000
196487 5760 8 100000
196621 5760 8 100000
174212 5760 8 100000
745326 5760 8 100000
387236 5760 8 100000
239184 5760 8 100000
299110 5760 8 100000
223826 5760 8 100000
276418 5760 8 100000
353348 5760 8 100000
353164 5760 8 100000
271141 5760 8 100000
200851 5760 8 100000
185669 5760 8 100000
219547 5760 8 100000
224706 5760 8 100000
202009 5760 8 100000
217603 5760 8 100000
219681 5760 8 100000
232619 5760 8 100000
235292 5760 8 100000
233380 5760 8 100000
307942 5760 8 100000
257691 5760 8 100000
341863 5760 8 100000
326116 5760 8 100000
364753 5760 8 100000
222916 5760 8 100000
240001 5760 8 100000
234201 5760 8 100000
382208 5760 8 100000
263596 5760 8 100000
219068 5760 8 100000
296688 5760 8 100000
222102 5760 8 100000
245697 5760 8 100000
227793 5760 8 100000
216562 5760 8 100000
220815 5760 8 100000
325787 5760 8 100000
221348 5760 8 100000
233317 5760 8 100000
359807 5760 8 100000
279704 5760 8 100000
352078 5760 8 100000
345446 5760 8 100000
217077 5760 8 100000
243960 5760 8 100000
230437 5760 8 100000
194610 5760 8 100000
401874 5760 8 100000
300663 5760 8 100000
229865 5760 8 100000
310818 5760 8 100000
223823 5760 8 100000
230077 5760 8 100000
229347 5760 8 100000
268755 5760 8 100000
336185 5760 8 100000
202581 5760 8 100000
374983 5760 8 100000
239178 5760 8 100000
203138 5760 8 100000
219634 5760 8 100000
238935 5760 8 100000
273147 5760 8 100000
250334 5760 8 100000
254401 5760 8 100000
218332 5760 8 100000
198795 5760 8 100000
236231 5760 8 100000
353039 5760 8 100000
426309 5760 8 100000
191621 5760 8 100000
242462 5760 8 100000
246395 5760 8 100000
467951 5760 8 100000
189587 5760 8 100000
191591 5760 8 100000
200468 5760 8 100000
210651 5760 8 100000
331982 5760 8 100000
341841 5760 8 100000
237715 5760 8 100000
169311 5760 8 100000
230609 5760 8 100000
373011 5760 8 100000
215564 5760 8 100000
305627 5760 8 100000
341711 5760 8 100000
262946 5760 8 100000
222454 5760 8 100000
233529 5760 8 100000
261828 5760 8 100000
283832 5760 8 100000
232974 5760 8 100000
215247 5760 8 100000
346062 5760 8 100000
175464 5760 8 100000
246846 5760 8 100000
198842 5760 8 100000
204960 5760 8 100000
268036 5760 8 100000
316480 5760 8 100000
286792 5760 8 100000
304734 5760 8 100000
347530 5760 8 100000
201535 5760 8 100000
228131 5760 8 100000
304798 5760 8 100000
235505 5760 8 100000
269185 5760 8 100000
212156 5760 8 100000
239838 5760 8 100000
243959 5760 8 100000
329584 5760 8 100000
325873 5760 8 100000
316583 5760 8 100000
339227 5760 8 100000
373589 5760 8 100000
426409 5760 8 100000
187185 5760 8 100000
245894 5760 8 100000
260166 5760 8 100000
261325 5760 8 100000
202544 5760 8 100000
315234 5760 8 100000
321805 5760 8 100000
236227 5760 8 100000
225763 5760 8 100000
332759 5760 8 100000
169009 5760 8 100000
255070 5760 8 100000
229481 5760 8 100000
323367 5760 8 100000
217741 5760 8 100000
179773 5760 8 100000
378611 5760 8 100000
242704 5760 8 100000
283606 5760 8 100000
317945 5760 8 100000
386172 5760 8 100000
247231 5760 8 100000
229138 5760 8 100000
254399 5760 8 100000
201341 5760 8 100000
348684 5760 8 100000
222443 5760 8 100000
304360 5760 8 100000
332538 5760 8 100000
324952 5760 8 100000
331188 5760 8 100000
200786 5760 8 100000
239603 5760 8 100000
221134 5760 8 100000
282898 5760 8 100000
197819 5760 8 100000
435130 5760 8 100000
229208 5760 8 100000
225156 5760 8 100000
258339 5760 8 100000
218733 5760 8 100000
341899 5760 8 100000
194485 5760 8 100000
253551 5760 8 100000
277549 5760 8 100000
312179 5760 8 100000
343986 5760 8 100000
418706 5760 8 100000
220698 5760 8 100000
263312 5760 8 100000
204377 5760 8 100000
197763 5760 8 100000
208692 5760 8 100000
230906 5760 8 100000
230613 5760 8 100000
204117 5760 8 100000
299349 5760 8 100000
228299 5760 8 100000
405424 5760 8 100000
276197 5760 8 100000
328433 5760 8 100000
226461 5760 8 100000
171441 5760 8 100000
325078 5760 8 100000
211594 5760 8 100000
187491 5760 8 100000
217990 5760 8 100000
342019 5760 8 100000
420051 5760 8 100000
253494 5760 8 100000
226734 5760 8 100000
339674 5760 8 100000
230466 5760 8 100000
192961 5760 8 100000
236173 5760 8 100000
196729 5760 8 100000
208089 5760 8 100000
320934 5760 8 100000
435326 5760 8 100000
234710 5760 8 100000
230500 5760 8 100000
216190 5760 8 100000
197925 5760 8 100000
204052 5760 8 100000
217699 5760 8 100000
266694 5760 8 100000
258337 5760 8 100000
224376 5760 8 100000
351371 5760 8 100000
364988 5760 8 100000
233579 5760 8 100000
371450 5760 8 100000
340168 5760 8 100000
239299 5760 8 100000
225144 5760 8 100000
210964 5760 8 100000
290100 5760 8 100000
316192 5760 8 100000
190415 5760 8 100000
204101 5760 8 100000
236752 5760 8 100000
198241 5760 8 100000
285169 5760 8 100000
340039 5760 8 100000
364856 5760 8 100000
288759 5760 8 100000
216787 5760 8 100000
217719 5760 8 100000
199277 5760 8 100000
196655 5760 8 100000
321575 5760 8 100000
222239 5760 8 100000
186463 5760 8 100000
249578 5760 8 100000
326508 5760 8 100000
263013 5760 8 100000
389816 5760 8 100000
196399 5760 8 100000
330729 5760 8 100000
200593 5760 8 100000
314810 5760 8 100000
