247044 5760 8 100000
158559 5760 8 100000
273858 5760 8 100000
185854 5760 8 100000
239442 5760 8 100000
191165 5760 8 100000
202087 5760 8 100000
210395 5760 8 100000
694392 5760 8 100000
329270 5760 8 100000
218830 5760 8 100000
272459 5760 8 100000
368069 5760 8 100000
215351 5760 8 100000
236313 5760 8 100000
220458 5760 8 100000
253812 5760 8 100000
414380 5760 8 100000
229604 5760 8 100000
269031 5760 8 100000
222275 5760 8 100000
244262 5760 8 100000
242746 5760 8 100000
322642 5760 8 100000
324045 5760 8 100000
237614 5760 8 100000
274305 5760 8 100000
362967 5760 8 100000
440248 5760 8 100000
243200 5760 8 100000
232365 5760 8 100000
224002 5760 8 100000
170126 5760 8 100000
234327 5760 8 100000
283124 5760 8 100000
353455 5760 8 100000
224743 5760 8 100000
236173 5760 8 100000
371000 5760 8 100000
215066 5760 8 100000
235744 5760 8 100000
252041 5760 8 100000
360617 5760 8 100000
211494 5760 8 100000
227200 5760 8 100000
305686 5760 8 100000
233734 5760 8 100000
229901 5760 8 100000
288717 5760 8 100000
233197 5760 8 100000
314621 5760 8 100000
241867 5760 8 100000
330648 5760 8 100000
238845 5760 8 100000
228854 5760 8 100000
297865 5760 8 100000
393715 5760 8 100000
241848 5760 8 100000
244311 5760 8 100000
259730 5760 8 100000
228045 5760 8 100000
232504 5760 8 100000
230510 5760 8 100000
216329 5760 8 100000
367189 5760 8 100000
231283 5760 8 100000
250098 5760 8 100000
253808 5760 8 100000
337074 5760 8 100000
195573 5760 8 100000
244276 5760 8 100000
286168 5760 8 100000
220318 5760 8 100000
275549 5760 8 100000
255696 5760 8 100000
210750 5760 8 100000
297451 5760 8 100000
215057 5760 8 100000
211308 5760 8 100000
249660 5760 8 100000
239722 5760 8 100000
195393 5760 8 100000
464849 5760 8 100000
245291 5760 8 100000
248184 5760 8 100000
250468 5760 8 100000
222819 5760 8 100000
290006 5760 8 100000
236345 5760 8 100000
238272 5760 8 100000
209299 5760 8 100000
382519 5760 8 100000
206107 5760 8 100000
246861 5760 8 100000
246958 5760 8 100000
305749 5760 8 100000
220569 5760 8 100000
233825 5760 8 100000
225174 5760 8 100000
426380 5760 8 100000
230097 5760 8 100000
331556 5760 8 100000
235762 5760 8 100000
281675 5760 8 100000
275220 5760 8 100000
204523 5760 8 100000
390678 5760 8 100000
208992 5760 8 100000
251508 5760 8 100000
197001 5760 8 100000
332520 5760 8 100000
177824 5760 8 100000
360386 5760 8 100000
236785 5760 8 100000
274205 5760 8 100000
210968 5760 8 100000
337246 5760 8 100000
222199 5760 8 100000
278994 5760 8 100000
315457 5760 8 100000
343404 5760 8 100000
220930 5760 8 100000
250266 5760 8 100000
284723 5760 8 100000
383510 5760 8 100000
241756 5760 8 100000
334018 5760 8 100000
355002 5760 8 100000
338364 5760 8 100000
238916 5760 8 100000
308832 5760 8 100000
330348 5760 8 100000
239668 5760 8 100000
230575 5760 8 100000
204691 5760 8 100000
207560 5760 8 100000
235933 5760 8 100000
211436 5760 8 100000
303235 5760 8 100000
242605 5760 8 100000
218893 5760 8 100000
196666 5760 8 100000
287698 5760 8 100000
245246 5760 8 100000
221498 5760 8 100000
299986 5760 8 100000
310694 5760 8 100000
334813 5760 8 100000
220292 5760 8 100000
385856 5760 8 100000
397769 5760 8 100000
382821 5760 8 100000
208439 5760 8 100000
221070 5760 8 100000
275263 5760 8 100000
326624 5760 8 100000
292174 5760 8 100000
243551 5760 8 100000
275017 5760 8 100000
366548 5760 8 100000
219769 5760 8 100000
351494 5760 8 100000
283571 5760 8 100000
227422 5760 8 100000
212890 5760 8 100000
178497 5760 8 100000
209426 5760 8 100000
444385 5760 8 100000
252459 5760 8 100000
404744 5760 8 100000
225410 5760 8 100000
204606 5760 8 100000
233047 5760 8 100000
223006 5760 8 100000
232339 5760 8 100000
228616 5760 8 100000
252805 5760 8 100000
409769 5760 8 100000
223941 5760 8 100000
368529 5760 8 100000
317860 5760 8 100000
303622 5760 8 100000
232876 5760 8 100000
349212 5760 8 100000
240267 5760 8 100000
380968 5760 8 100000
226450 5760 8 100000
217464 5760 8 100000
255379 5760 8 100000
223195 5760 8 100000
267103 5760 8 100000
293227 5760 8 100000
228345 5760 8 100000
278758 5760 8 100000
213797 5760 8 100000
218763 5760 8 100000
213059 5760 8 100000
270427 5760 8 100000
231203 5760 8 100000
254174 5760 8 100000
361529 5760 8 100000
327997 5760 8 100000
300223 5760 8 100000
239879 5760 8 100000
216877 5760 8 100000
200973 5760 8 100000
378907 5760 8 100000
240605 5760 8 100000
255712 5760 8 100000
195830 5760 8 100000
246295 5760 8 100000
200474 5760 8 100000
213672 5760 8 100000
296161 5760 8 100000
242125 5760 8 100000
207973 5760 8 100000
344930 5760 8 100000
185375 5760 8 100000
190924 5760 8 100000
269609 5760 8 100000
211433 5760 8 100000
255404 5760 8 100000
398662 5760 8 100000
330424 5760 8 100000
222949 5760 8 100000
207898 5760 8 100000
202044 5760 8 100000
322098 5760 8 100000
252927 5760 8 100000
197880 5760 8 100000
428978 5760 8 100000
319014 5760 8 100000
241323 5760 8 100000
208779 5760 8 100000
189061 5760 8 100000
379786 5760 8 100000
219563 5760 8 100000
342688 5760 8 100000
246037 5760 8 100000
184068 5760 8 100000
257305 5760 8 100000
270252 5760 8 100000
333564 5760 8 100000
361735 5760 8 100000
277378 5760 8 100000
258896 5760 8 100000
227263 5760 8 100000
208737 5760 8 100000
227892 5760 8 100000
194608 5760 8 100000
