233955 5760 8 100000
278347 5760 8 100000
166688 5760 8 100000
645302 5760 8 100000
208449 5760 8 100000
269226 5760 8 100000
252694 5760 8 100000
362330 5760 8 100000
282033 5760 8 100000
214121 5760 8 100000
246449 5760 8 100000
372530 5760 8 100000
381647 5760 8 100000
329438 5760 8 100000
202047 5760 8 100000
240508 5760 8 100000
225751 5760 8 100000
224355 5760 8 100000
218219 5760 8 100000
355501 5760 8 100000
397146 5760 8 100000
214189 5760 8 100000
222774 5760 8 100000
206858 5760 8 100000
399911 5760 8 100000
369007 5760 8 100000
304157 5760 8 100000
217284 5760 8 100000
220398 5760 8 100000
249387 5760 8 100000
216994 5760 8 100000
212596 5760 8 100000
225177 5760 8 100000
196724 5760 8 100000
369853 5760 8 100000
320636 5760 8 100000
214544 5760 8 100000
346642 5760 8 100000
349910 5760 8 100000
287037 5760 8 100000
245432 5760 8 100000
241837 5760 8 100000
213524 5760 8 100000
400487 5760 8 100000
224535 5760 8 100000
220628 5760 8 100000
302076 5760 8 100000
310552 5760 8 100000
248979 5760 8 100000
195428 5760 8 100000
251609 5760 8 100000
232641 5760 8 100000
243027 5760 8 100000
173457 5760 8 100000
198873 5760 8 100000
216191 5760 8 100000
344039 5760 8 100000
283980 5760 8 100000
261351 5760 8 100000
286492 5760 8 100000
367670 5760 8 100000
263904 5760 8 100000
342183 5760 8 100000
341054 5760 8 100000
231874 5760 8 100000
209028 5760 8 100000
233658 5760 8 100000
407579 5760 8 100000
242560 5760 8 100000
225347 5760 8 100000
380887 5760 8 100000
242520 5760 8 100000
233586 5760 8 100000
220852 5760 8 100000
387044 5760 8 100000
612694 5760 8 100000
234359 5760 8 100000
238031 5760 8 100000
353619 5760 8 100000
211168 5760 8 100000
229819 5760 8 100000
355666 5760 8 100000
221076 5760 8 100000
198058 5760 8 100000
217648 5760 8 100000
241404 5760 8 100000
200069 5760 8 100000
299101 5760 8 100000
264146 5760 8 100000
230900 5760 8 100000
255578 5760 8 100000
251471 5760 8 100000
276210 5760 8 100000
213885 5760 8 100000
317278 5760 8 100000
233844 5760 8 100000
259012 5760 8 100000
298615 5760 8 100000
209974 5760 8 100000
200097 5760 8 100000
338396 5760 8 100000
391303 5760 8 100000
316908 5760 8 100000
190956 5760 8 100000
213572 5760 8 100000
399496 5760 8 100000
204718 5760 8 100000
262793 5760 8 100000
235235 5760 8 100000
261578 5760 8 100000
199549 5760 8 100000
230746 5760 8 100000
339586 5760 8 100000
229706 5760 8 100000
238509 5760 8 100000
320477 5760 8 100000
217811 5760 8 100000
349927 5760 8 100000
243886 5760 8 100000
264792 5760 8 100000
204713 5760 8 100000
205939 5760 8 100000
208866 5760 8 100000
227831 5760 8 100000
293012 5760 8 100000
202909 5760 8 100000
240760 5760 8 100000
198527 5760 8 100000
388385 5760 8 100000
356140 5760 8 100000
219973 5760 8 100000
208621 5760 8 100000
402070 5760 8 100000
324127 5760 8 100000
355944 5760 8 100000
308057 5760 8 100000
202455 5760 8 100000
292635 5760 8 100000
180234 5760 8 100000
234312 5760 8 100000
247066 5760 8 100000
213579 5760 8 100000
263035 5760 8 100000
262286 5760 8 100000
231591 5760 8 100000
190264 5760 8 100000
213411 5760 8 100000
265418 5760 8 100000
240797 5760 8 100000
277127 5760 8 100000
230998 5760 8 100000
316369 5760 8 100000
247080 5760 8 100000
214209 5760 8 100000
200195 5760 8 100000
300116 5760 8 100000
320579 5760 8 100000
214618 5760 8 100000
255098 5760 8 100000
238836 5760 8 100000
339582 5760 8 100000
225964 5760 8 100000
297825 5760 8 100000
262173 5760 8 100000
387738 5760 8 100000
218461 5760 8 100000
350458 5760 8 100000
242519 5760 8 100000
227287 5760 8 100000
415844 5760 8 100000
325995 5760 8 100000
263736 5760 8 100000
331724 5760 8 100000
238435 5760 8 100000
218860 5760 8 100000
279367 5760 8 100000
194853 5760 8 100000
356430 5760 8 100000
229362 5760 8 100000
231759 5760 8 100000
229351 5760 8 100000
245583 5760 8 100000
195483 5760 8 100000
217117 5760 8 100000
180334 5760 8 100000
184961 5760 8 100000
327125 5760 8 100000
195800 5760 8 100000
369642 5760 8 100000
363116 5760 8 100000
265828 5760 8 100000
202130 5760 8 100000
221170 5760 8 100000
238830 5760 8 100000
338106 5760 8 100000
249128 5760 8 100000
225727 5760 8 100000
280352 5760 8 100000
235215 5760 8 100000
338333 5760 8 100000
281361 5760 8 100000
229337 5760 8 100000
255857 5760 8 100000
230253 5760 8 100000
218642 5760 8 100000
425298 5760 8 100000
221357 5760 8 100000
199655 5760 8 100000
331574 5760 8 100000
352812 5760 8 100000
242354 5760 8 100000
234989 5760 8 100000
232333 5760 8 100000
208654 5760 8 100000
193863 5760 8 100000
234693 5760 8 100000
378293 5760 8 100000
324486 5760 8 100000
258449 5760 8 100000
204203 5760 8 100000
349071 5760 8 100000
210844 5760 8 100000
222454 5760 8 100000
228892 5760 8 100000
319021 5760 8 100000
234435 5760 8 100000
254891 5760 8 100000
330789 5760 8 100000
268845 5760 8 100000
224321 5760 8 100000
307827 5760 8 100000
243286 5760 8 100000
221505 5760 8 100000
195684 5760 8 100000
245987 5760 8 100000
230409 5760 8 100000
176548 5760 8 100000
313941 5760 8 100000
243288 5760 8 100000
288496 5760 8 100000
256833 5760 8 100000
197547 5760 8 100000
301430 5760 8 100000
221617 5760 8 100000
188643 5760 8 100000
195339 5760 8 100000
205085 5760 8 100000
205702 5760 8 100000
193677 5760 8 100000
184874 5760 8 100000
