590488 5760 8 100000
316242 5760 8 100000
338937 5760 8 100000
229035 5760 8 100000
213937 5760 8 100000
283974 5760 8 100000
325773 5760 8 100000
247375 5760 8 100000
472667 5760 8 100000
255841 5760 8 100000
225848 5760 8 100000
401417 5760 8 100000
314183 5760 8 100000
385056 5760 8 100000
209390 5760 8 100000
311793 5760 8 100000
319032 5760 8 100000
239440 5760 8 100000
232089 5760 8 100000
406181 5760 8 100000
410191 5760 8 100000
239664 5760 8 100000
200918 5760 8 100000
242813 5760 8 100000
328626 5760 8 100000
186713 5760 8 100000
301677 5760 8 100000
221104 5760 8 100000
210619 5760 8 100000
375883 5760 8 100000
239134 5760 8 100000
176848 5760 8 100000
301456 5760 8 100000
202017 5760 8 100000
198813 5760 8 100000
270215 5760 8 100000
212380 5760 8 100000
197549 5760 8 100000
338290 5760 8 100000
254186 5760 8 100000
250354 5760 8 100000
240206 5760 8 100000
348453 5760 8 100000
216330 5760 8 100000
245636 5760 8 100000
352574 5760 8 100000
278436 5760 8 100000
230100 5760 8 100000
227435 5760 8 100000
262733 5760 8 100000
192740 5760 8 100000
213205 5760 8 100000
205577 5760 8 100000
344304 5760 8 100000
260388 5760 8 100000
328897 5760 8 100000
267371 5760 8 100000
207958 5760 8 100000
388943 5760 8 100000
207906 5760 8 100000
204528 5760 8 100000
204455 5760 8 100000
439253 5760 8 100000
198460 5760 8 100000
185267 5760 8 100000
265474 5760 8 100000
207244 5760 8 100000
256499 5760 8 100000
215755 5760 8 100000
374384 5760 8 100000
226638 5760 8 100000
191929 5760 8 100000
569873 5760 8 100000
272061 5760 8 100000
207362 5760 8 100000
349483 5760 8 100000
372041 5760 8 100000
195519 5760 8 100000
279326 5760 8 100000
322190 5760 8 100000
222184 5760 8 100000
334524 5760 8 100000
192456 5760 8 100000
206008 5760 8 100000
336795 5760 8 100000
226265 5760 8 100000
324141 5760 8 100000
203074 5760 8 100000
188985 5760 8 100000
286708 5760 8 100000
155660 5760 8 100000
258535 5760 8 100000
320419 5760 8 100000
287074 5760 8 100000
229722 5760 8 100000
268086 5760 8 100000
195635 5760 8 100000
330314 5760 8 100000
232082 5760 8 100000
230572 5760 8 100000
306811 5760 8 100000
233785 5760 8 100000
212322 5760 8 100000
193415 5760 8 100000
255079 5760 8 100000
418166 5760 8 100000
235377 5760 8 100000
233610 5760 8 100000
248065 5760 8 100000
270035 5760 8 100000
209552 5760 8 100000
228451 5760 8 100000
229240 5760 8 100000
234522 5760 8 100000
374305 5760 8 100000
232847 5760 8 100000
224281 5760 8 100000
244021 5760 8 100000
159117 5760 8 100000
224004 5760 8 100000
295512 5760 8 100000
408523 5760 8 100000
226772 5760 8 100000
216941 5760 8 100000
230213 5760 8 100000
223967 5760 8 100000
328063 5760 8 100000
188517 5760 8 100000
340196 5760 8 100000
440983 5760 8 100000
208241 5760 8 100000
295096 5760 8 100000
336206 5760 8 100000
200458 5760 8 100000
257820 5760 8 100000
243299 5760 8 100000
206810 5760 8 100000
206155 5760 8 100000
237951 5760 8 100000
319507 5760 8 100000
206435 5760 8 100000
213125 5760 8 100000
384265 5760 8 100000
200445 5760 8 100000
229641 5760 8 100000
208801 5760 8 100000
328538 5760 8 100000
247909 5760 8 100000
220506 5760 8 100000
299059 5760 8 100000
330127 5760 8 100000
286581 5760 8 100000
222216 5760 8 100000
284725 5760 8 100000
447764 5760 8 100000
197484 5760 8 100000
360106 5760 8 100000
272486 5760 8 100000
236870 5760 8 100000
285279 5760 8 100000
161058 5760 8 100000
269525 5760 8 100000
447209 5760 8 100000
228936 5760 8 100000
233927 5760 8 100000
174687 5760 8 100000
328269 5760 8 100000
199193 5760 8 100000
356586 5760 8 100000
206152 5760 8 100000
315636 5760 8 100000
192211 5760 8 100000
225420 5760 8 100000
357985 5760 8 100000
211487 5760 8 100000
341307 5760 8 100000
211985 5760 8 100000
255000 5760 8 100000
243485 5760 8 100000
293580 5760 8 100000
215673 5760 8 100000
230733 5760 8 100000
213257 5760 8 100000
217858 5760 8 100000
211351 5760 8 100000
240645 5760 8 100000
217065 5760 8 100000
268112 5760 8 100000
184582 5760 8 100000
292194 5760 8 100000
207025 5760 8 100000
213954 5760 8 100000
250501 5760 8 100000
249411 5760 8 100000
292243 5760 8 100000
308591 5760 8 100000
189711 5760 8 100000
249498 5760 8 100000
212382 5760 8 100000
324663 5760 8 100000
262990 5760 8 100000
340849 5760 8 100000
300712 5760 8 100000
302305 5760 8 100000
250524 5760 8 100000
257187 5760 8 100000
290615 5760 8 100000
254028 5760 8 100000
220480 5760 8 100000
186552 5760 8 100000
306056 5760 8 100000
413220 5760 8 100000
215118 5760 8 100000
217600 5760 8 100000
218429 5760 8 100000
243411 5760 8 100000
216483 5760 8 100000
326003 5760 8 100000
236269 5760 8 100000
251182 5760 8 100000
276145 5760 8 100000
237124 5760 8 100000
262728 5760 8 100000
211850 5760 8 100000
386472 5760 8 100000
277511 5760 8 100000
230830 5760 8 100000
203138 5760 8 100000
325926 5760 8 100000
211164 5760 8 100000
430902 5760 8 100000
290256 5760 8 100000
262869 5760 8 100000
314485 5760 8 100000
191621 5760 8 100000
224982 5760 8 100000
232279 5760 8 100000
248217 5760 8 100000
198201 5760 8 100000
273640 5760 8 100000
205464 5760 8 100000
251658 5760 8 100000
269196 5760 8 100000
239744 5760 8 100000
209035 5760 8 100000
244399 5760 8 100000
227709 5760 8 100000
140443 5760 8 100000
165612 5760 8 100000
153119 5760 8 100000
