556203 6912 8 1000000
217528 6912 8 1000000
237344 6912 8 1000000
307579 6912 8 1000000
189176 6912 8 1000000
223855 6912 8 1000000
195806 6912 8 1000000
191585 6912 8 1000000
204671 6912 8 1000000
197761 6912 8 1000000
207096 6912 8 1000000
268001 6912 8 1000000
234582 6912 8 1000000
342939 6912 8 1000000
354179 6912 8 1000000
219191 6912 8 1000000
343283 6912 8 1000000
351753 6912 8 1000000
257704 6912 8 1000000
265717 6912 8 1000000
313924 6912 8 1000000
211275 6912 8 1000000
277144 6912 8 1000000
212751 6912 8 1000000
247177 6912 8 1000000
271593 6912 8 1000000
313206 6912 8 1000000
311699 6912 8 1000000
263636 6912 8 1000000
214619 6912 8 1000000
176973 6912 8 1000000
341232 6912 8 1000000
230890 6912 8 1000000
181300 6912 8 1000000
305916 6912 8 1000000
292093 6912 8 1000000
232528 6912 8 1000000
435226 6912 8 1000000
230746 6912 8 1000000
249125 6912 8 1000000
203861 6912 8 1000000
253958 6912 8 1000000
236341 6912 8 1000000
254219 6912 8 1000000
221559 6912 8 1000000
417009 6912 8 1000000
302978 6912 8 1000000
340402 6912 8 1000000
227814 6912 8 1000000
211294 6912 8 1000000
235966 6912 8 1000000
230424 6912 8 1000000
213804 6912 8 1000000
350988 6912 8 1000000
220236 6912 8 1000000
314492 6912 8 1000000
321929 6912 8 1000000
227844 6912 8 1000000
353230 6912 8 1000000
376976 6912 8 1000000
249581 6912 8 1000000
327336 6912 8 1000000
342588 6912 8 1000000
358568 6912 8 1000000
310900 6912 8 1000000
227698 6912 8 1000000
332846 6912 8 1000000
281525 6912 8 1000000
367264 6912 8 1000000
259629 6912 8 1000000
269848 6912 8 1000000
236305 6912 8 1000000
216521 6912 8 1000000
206210 6912 8 1000000
428971 6912 8 1000000
435144 6912 8 1000000
406245 6912 8 1000000
220210 6912 8 1000000
200631 6912 8 1000000
325582 6912 8 1000000
278205 6912 8 1000000
346413 6912 8 1000000
288290 6912 8 1000000
229388 6912 8 1000000
320271 6912 8 1000000
325510 6912 8 1000000
214833 6912 8 1000000
255494 6912 8 1000000
408292 6912 8 1000000
262527 6912 8 1000000
330952 6912 8 1000000
259720 6912 8 1000000
272698 6912 8 1000000
348444 6912 8 1000000
313102 6912 8 1000000
238654 6912 8 1000000
221234 6912 8 1000000
240350 6912 8 1000000
317717 6912 8 1000000
330007 6912 8 1000000
242213 6912 8 1000000
206685 6912 8 1000000
243021 6912 8 1000000
234878 6912 8 1000000
323130 6912 8 1000000
272685 6912 8 1000000
249278 6912 8 1000000
405077 6912 8 1000000
417310 6912 8 1000000
221644 6912 8 1000000
316333 6912 8 1000000
254579 6912 8 1000000
334173 6912 8 1000000
282633 6912 8 1000000
229888 6912 8 1000000
268301 6912 8 1000000
282581 6912 8 1000000
220108 6912 8 1000000
243234 6912 8 1000000
304335 6912 8 1000000
239189 6912 8 1000000
335488 6912 8 1000000
380832 6912 8 1000000
369067 6912 8 1000000
221419 6912 8 1000000
240715 6912 8 1000000
343757 6912 8 1000000
232767 6912 8 1000000
244023 6912 8 1000000
237387 6912 8 1000000
312983 6912 8 1000000
223415 6912 8 1000000
331286 6912 8 1000000
398120 6912 8 1000000
212133 6912 8 1000000
236097 6912 8 1000000
463482 6912 8 1000000
187793 6912 8 1000000
254113 6912 8 1000000
228739 6912 8 1000000
213924 6912 8 1000000
274534 6912 8 1000000
232662 6912 8 1000000
243041 6912 8 1000000
192002 6912 8 1000000
221658 6912 8 1000000
227160 6912 8 1000000
273058 6912 8 1000000
248276 6912 8 1000000
293188 6912 8 1000000
215809 6912 8 1000000
255418 6912 8 1000000
326655 6912 8 1000000
264048 6912 8 1000000
182988 6912 8 1000000
244860 6912 8 1000000
263578 6912 8 1000000
225934 6912 8 1000000
386523 6912 8 1000000
306745 6912 8 1000000
291646 6912 8 1000000
373982 6912 8 1000000
406797 6912 8 1000000
212789 6912 8 1000000
397343 6912 8 1000000
312572 6912 8 1000000
308281 6912 8 1000000
214158 6912 8 1000000
232969 6912 8 1000000
232032 6912 8 1000000
254023 6912 8 1000000
260791 6912 8 1000000
287452 6912 8 1000000
251428 6912 8 1000000
225932 6912 8 1000000
322274 6912 8 1000000
323743 6912 8 1000000
252055 6912 8 1000000
333918 6912 8 1000000
227328 6912 8 1000000
218540 6912 8 1000000
247445 6912 8 1000000
320962 6912 8 1000000
189066 6912 8 1000000
247407 6912 8 1000000
237188 6912 8 1000000
455196 6912 8 1000000
277386 6912 8 1000000
257272 6912 8 1000000
410730 6912 8 1000000
436009 6912 8 1000000
249281 6912 8 1000000
227316 6912 8 1000000
290561 6912 8 1000000
333018 6912 8 1000000
340050 6912 8 1000000
417731 6912 8 1000000
350506 6912 8 1000000
235891 6912 8 1000000
216431 6912 8 1000000
264406 6912 8 1000000
240905 6912 8 1000000
436520 6912 8 1000000
220220 6912 8 1000000
210991 6912 8 1000000
189149 6912 8 1000000
313567 6912 8 1000000
243542 6912 8 1000000
210914 6912 8 1000000
179289 6912 8 1000000
260108 6912 8 1000000
273236 6912 8 1000000
246132 6912 8 1000000
245484 6912 8 1000000
267561 6912 8 1000000
231685 6912 8 1000000
223965 6912 8 1000000
249384 6912 8 1000000
228032 6912 8 1000000
382325 6912 8 1000000
241535 6912 8 1000000
263641 6912 8 1000000
265307 6912 8 1000000
331721 6912 8 1000000
240087 6912 8 1000000
225109 6912 8 1000000
224318 6912 8 1000000
253285 6912 8 1000000
230910 6912 8 1000000
196801 6912 8 1000000
262355 6912 8 1000000
324999 6912 8 1000000
215071 6912 8 1000000
229239 6912 8 1000000
237504 6912 8 1000000
232195 6912 8 1000000
252450 6912 8 1000000
219681 6912 8 1000000
361286 6912 8 1000000
243495 6912 8 1000000
227076 6912 8 1000000
220972 6912 8 1000000
236195 6912 8 1000000
212171 6912 8 1000000
332980 6912 8 1000000
241823 6912 8 1000000
254573 6912 8 1000000
234217 6912 8 1000000
184239 6912 8 1000000
251240 6912 8 1000000
