243974 6912 8 1000000
203877 6912 8 1000000
276625 6912 8 1000000
217791 6912 8 1000000
275390 6912 8 1000000
237664 6912 8 1000000
284739 6912 8 1000000
214491 6912 8 1000000
229479 6912 8 1000000
241759 6912 8 1000000
269576 6912 8 1000000
444829 6912 8 1000000
191448 6912 8 1000000
380304 6912 8 1000000
334955 6912 8 1000000
200672 6912 8 1000000
232571 6912 8 1000000
197748 6912 8 1000000
184864 6912 8 1000000
324872 6912 8 1000000
233276 6912 8 1000000
229525 6912 8 1000000
205649 6912 8 1000000
222254 6912 8 1000000
201176 6912 8 1000000
350287 6912 8 1000000
241074 6912 8 1000000
262238 6912 8 1000000
244324 6912 8 1000000
195584 6912 8 1000000
219586 6912 8 1000000
218122 6912 8 1000000
256614 6912 8 1000000
225220 6912 8 1000000
277569 6912 8 1000000
213249 6912 8 1000000
391942 6912 8 1000000
234110 6912 8 1000000
192843 6912 8 1000000
234290 6912 8 1000000
234419 6912 8 1000000
282666 6912 8 1000000
220927 6912 8 1000000
255116 6912 8 1000000
211643 6912 8 1000000
202109 6912 8 1000000
219683 6912 8 1000000
214693 6912 8 1000000
340953 6912 8 1000000
388949 6912 8 1000000
291474 6912 8 1000000
277443 6912 8 1000000
369706 6912 8 1000000
196876 6912 8 1000000
303203 6912 8 1000000
195281 6912 8 1000000
198380 6912 8 1000000
206663 6912 8 1000000
331075 6912 8 1000000
270868 6912 8 1000000
242862 6912 8 1000000
214450 6912 8 1000000
247059 6912 8 1000000
233962 6912 8 1000000
325753 6912 8 1000000
271990 6912 8 1000000
238132 6912 8 1000000
224061 6912 8 1000000
267357 6912 8 1000000
220162 6912 8 1000000
390901 6912 8 1000000
265941 6912 8 1000000
241936 6912 8 1000000
243700 6912 8 1000000
262079 6912 8 1000000
381309 6912 8 1000000
227878 6912 8 1000000
220506 6912 8 1000000
235460 6912 8 1000000
433042 6912 8 1000000
252926 6912 8 1000000
231012 6912 8 1000000
233517 6912 8 1000000
263772 6912 8 1000000
212397 6912 8 1000000
358864 6912 8 1000000
268854 6912 8 1000000
411499 6912 8 1000000
307374 6912 8 1000000
208038 6912 8 1000000
251711 6912 8 1000000
326202 6912 8 1000000
238411 6912 8 1000000
247354 6912 8 1000000
298790 6912 8 1000000
225053 6912 8 1000000
248984 6912 8 1000000
249303 6912 8 1000000
271597 6912 8 1000000
248222 6912 8 1000000
246125 6912 8 1000000
414676 6912 8 1000000
367925 6912 8 1000000
300272 6912 8 1000000
270319 6912 8 1000000
338140 6912 8 1000000
248959 6912 8 1000000
253634 6912 8 1000000
212899 6912 8 1000000
221620 6912 8 1000000
260560 6912 8 1000000
339412 6912 8 1000000
213608 6912 8 1000000
290616 6912 8 1000000
407116 6912 8 1000000
236737 6912 8 1000000
245615 6912 8 1000000
255111 6912 8 1000000
329695 6912 8 1000000
347180 6912 8 1000000
250605 6912 8 1000000
212759 6912 8 1000000
213488 6912 8 1000000
261280 6912 8 1000000
235523 6912 8 1000000
351871 6912 8 1000000
379993 6912 8 1000000
255362 6912 8 1000000
216585 6912 8 1000000
397017 6912 8 1000000
222271 6912 8 1000000
234541 6912 8 1000000
435496 6912 8 1000000
313794 6912 8 1000000
313431 6912 8 1000000
195746 6912 8 1000000
206626 6912 8 1000000
257291 6912 8 1000000
244413 6912 8 1000000
238620 6912 8 1000000
274466 6912 8 1000000
248606 6912 8 1000000
226708 6912 8 1000000
408466 6912 8 1000000
201911 6912 8 1000000
197266 6912 8 1000000
232404 6912 8 1000000
276634 6912 8 1000000
243593 6912 8 1000000
236744 6912 8 1000000
249088 6912 8 1000000
237187 6912 8 1000000
206212 6912 8 1000000
224815 6912 8 1000000
239031 6912 8 1000000
408648 6912 8 1000000
357753 6912 8 1000000
303125 6912 8 1000000
240892 6912 8 1000000
197577 6912 8 1000000
222501 6912 8 1000000
204773 6912 8 1000000
211299 6912 8 1000000
251819 6912 8 1000000
282881 6912 8 1000000
273142 6912 8 1000000
250468 6912 8 1000000
262696 6912 8 1000000
206704 6912 8 1000000
270935 6912 8 1000000
221542 6912 8 1000000
213754 6912 8 1000000
218187 6912 8 1000000
205590 6912 8 1000000
275314 6912 8 1000000
240129 6912 8 1000000
255916 6912 8 1000000
237136 6912 8 1000000
223085 6912 8 1000000
258529 6912 8 1000000
213178 6912 8 1000000
370418 6912 8 1000000
254312 6912 8 1000000
229997 6912 8 1000000
226976 6912 8 1000000
336730 6912 8 1000000
215726 6912 8 1000000
274470 6912 8 1000000
185034 6912 8 1000000
217542 6912 8 1000000
240846 6912 8 1000000
280413 6912 8 1000000
395929 6912 8 1000000
282203 6912 8 1000000
261340 6912 8 1000000
238552 6912 8 1000000
293965 6912 8 1000000
265246 6912 8 1000000
316103 6912 8 1000000
313531 6912 8 1000000
219562 6912 8 1000000
238858 6912 8 1000000
259999 6912 8 1000000
332025 6912 8 1000000
330923 6912 8 1000000
362025 6912 8 1000000
266249 6912 8 1000000
251251 6912 8 1000000
285599 6912 8 1000000
201918 6912 8 1000000
220583 6912 8 1000000
216329 6912 8 1000000
342714 6912 8 1000000
244761 6912 8 1000000
233062 6912 8 1000000
402389 6912 8 1000000
233964 6912 8 1000000
309527 6912 8 1000000
235088 6912 8 1000000
216053 6912 8 1000000
202289 6912 8 1000000
349645 6912 8 1000000
333461 6912 8 1000000
281370 6912 8 1000000
339930 6912 8 1000000
212368 6912 8 1000000
242747 6912 8 1000000
178796 6912 8 1000000
351890 6912 8 1000000
293649 6912 8 1000000
246352 6912 8 1000000
201435 6912 8 1000000
272661 6912 8 1000000
233855 6912 8 1000000
440751 6912 8 1000000
230287 6912 8 1000000
276057 6912 8 1000000
225879 6912 8 1000000
265382 6912 8 1000000
243590 6912 8 1000000
338120 6912 8 1000000
264712 6912 8 1000000
289404 6912 8 1000000
234669 6912 8 1000000
327174 6912 8 1000000
257951 6912 8 1000000
211747 6912 8 1000000
349297 6912 8 1000000
251458 6912 8 1000000
219095 6912 8 1000000
