211599 6912 8 1000000
294584 6912 8 1000000
322538 6912 8 1000000
238419 6912 8 1000000
203850 6912 8 1000000
233396 6912 8 1000000
276121 6912 8 1000000
233584 6912 8 1000000
235372 6912 8 1000000
369388 6912 8 1000000
326428 6912 8 1000000
276596 6912 8 1000000
386785 6912 8 1000000
394913 6912 8 1000000
281437 6912 8 1000000
291506 6912 8 1000000
231719 6912 8 1000000
337849 6912 8 1000000
208607 6912 8 1000000
255267 6912 8 1000000
292511 6912 8 1000000
219459 6912 8 1000000
318900 6912 8 1000000
384191 6912 8 1000000
190731 6912 8 1000000
241385 6912 8 1000000
227634 6912 8 1000000
372865 6912 8 1000000
256861 6912 8 1000000
253607 6912 8 1000000
407546 6912 8 1000000
192692 6912 8 1000000
442492 6912 8 1000000
230865 6912 8 1000000
359068 6912 8 1000000
341129 6912 8 1000000
382404 6912 8 1000000
353894 6912 8 1000000
234177 6912 8 1000000
211150 6912 8 1000000
420846 6912 8 1000000
245106 6912 8 1000000
178945 6912 8 1000000
215809 6912 8 1000000
219970 6912 8 1000000
328755 6912 8 1000000
247318 6912 8 1000000
194043 6912 8 1000000
308509 6912 8 1000000
249071 6912 8 1000000
187212 6912 8 1000000
230026 6912 8 1000000
225439 6912 8 1000000
214219 6912 8 1000000
403155 6912 8 1000000
321777 6912 8 1000000
340290 6912 8 1000000
313690 6912 8 1000000
306792 6912 8 1000000
579198 6912 8 1000000
184580 6912 8 1000000
221784 6912 8 1000000
203930 6912 8 1000000
216273 6912 8 1000000
409577 6912 8 1000000
245686 6912 8 1000000
311881 6912 8 1000000
213934 6912 8 1000000
309433 6912 8 1000000
226190 6912 8 1000000
277295 6912 8 1000000
379617 6912 8 1000000
269443 6912 8 1000000
334820 6912 8 1000000
244548 6912 8 1000000
281469 6912 8 1000000
386179 6912 8 1000000
235832 6912 8 1000000
326580 6912 8 1000000
285896 6912 8 1000000
316810 6912 8 1000000
341323 6912 8 1000000
230502 6912 8 1000000
330779 6912 8 1000000
285786 6912 8 1000000
329846 6912 8 1000000
231831 6912 8 1000000
286575 6912 8 1000000
235250 6912 8 1000000
266259 6912 8 1000000
256661 6912 8 1000000
254610 6912 8 1000000
411606 6912 8 1000000
317615 6912 8 1000000
219922 6912 8 1000000
222660 6912 8 1000000
234462 6912 8 1000000
220742 6912 8 1000000
224651 6912 8 1000000
226616 6912 8 1000000
299482 6912 8 1000000
244126 6912 8 1000000
385043 6912 8 1000000
239267 6912 8 1000000
298088 6912 8 1000000
174265 6912 8 1000000
270264 6912 8 1000000
234867 6912 8 1000000
265469 6912 8 1000000
286206 6912 8 1000000
335015 6912 8 1000000
199313 6912 8 1000000
202068 6912 8 1000000
233801 6912 8 1000000
219899 6912 8 1000000
220862 6912 8 1000000
268826 6912 8 1000000
207233 6912 8 1000000
430127 6912 8 1000000
379383 6912 8 1000000
417091 6912 8 1000000
204559 6912 8 1000000
234528 6912 8 1000000
234563 6912 8 1000000
288679 6912 8 1000000
198602 6912 8 1000000
192100 6912 8 1000000
242769 6912 8 1000000
218584 6912 8 1000000
417075 6912 8 1000000
365439 6912 8 1000000
202918 6912 8 1000000
236266 6912 8 1000000
246985 6912 8 1000000
237784 6912 8 1000000
214297 6912 8 1000000
235427 6912 8 1000000
209955 6912 8 1000000
249864 6912 8 1000000
232215 6912 8 1000000
246135 6912 8 1000000
264307 6912 8 1000000
219104 6912 8 1000000
362525 6912 8 1000000
246335 6912 8 1000000
255064 6912 8 1000000
239588 6912 8 1000000
361497 6912 8 1000000
246208 6912 8 1000000
239879 6912 8 1000000
278211 6912 8 1000000
317545 6912 8 1000000
302521 6912 8 1000000
192640 6912 8 1000000
231628 6912 8 1000000
428466 6912 8 1000000
214627 6912 8 1000000
261718 6912 8 1000000
228997 6912 8 1000000
328184 6912 8 1000000
284572 6912 8 1000000
234941 6912 8 1000000
235217 6912 8 1000000
221998 6912 8 1000000
218849 6912 8 1000000
190325 6912 8 1000000
240398 6912 8 1000000
375439 6912 8 1000000
248257 6912 8 1000000
263971 6912 8 1000000
332048 6912 8 1000000
337758 6912 8 1000000
267261 6912 8 1000000
219485 6912 8 1000000
316816 6912 8 1000000
224983 6912 8 1000000
250923 6912 8 1000000
281995 6912 8 1000000
222288 6912 8 1000000
252775 6912 8 1000000
230309 6912 8 1000000
240812 6912 8 1000000
259776 6912 8 1000000
398827 6912 8 1000000
378947 6912 8 1000000
345512 6912 8 1000000
311554 6912 8 1000000
234143 6912 8 1000000
368682 6912 8 1000000
304036 6912 8 1000000
212231 6912 8 1000000
259531 6912 8 1000000
257094 6912 8 1000000
327181 6912 8 1000000
286896 6912 8 1000000
330409 6912 8 1000000
263700 6912 8 1000000
400261 6912 8 1000000
222104 6912 8 1000000
239836 6912 8 1000000
238888 6912 8 1000000
234658 6912 8 1000000
207591 6912 8 1000000
214289 6912 8 1000000
216713 6912 8 1000000
253169 6912 8 1000000
245530 6912 8 1000000
432344 6912 8 1000000
301055 6912 8 1000000
235431 6912 8 1000000
231962 6912 8 1000000
226984 6912 8 1000000
213318 6912 8 1000000
341908 6912 8 1000000
306279 6912 8 1000000
227643 6912 8 1000000
301969 6912 8 1000000
290712 6912 8 1000000
229387 6912 8 1000000
344023 6912 8 1000000
317678 6912 8 1000000
236034 6912 8 1000000
215092 6912 8 1000000
241739 6912 8 1000000
259089 6912 8 1000000
394289 6912 8 1000000
299043 6912 8 1000000
216912 6912 8 1000000
386779 6912 8 1000000
223107 6912 8 1000000
353528 6912 8 1000000
271369 6912 8 1000000
209486 6912 8 1000000
262106 6912 8 1000000
250351 6912 8 1000000
205067 6912 8 1000000
279614 6912 8 1000000
227216 6912 8 1000000
228054 6912 8 1000000
322160 6912 8 1000000
274160 6912 8 1000000
197215 6912 8 1000000
213902 6912 8 1000000
224814 6912 8 1000000
187972 6912 8 1000000
159361 6912 8 1000000
209467 6912 8 1000000
252146 6912 8 1000000
270369 6912 8 1000000
171656 6912 8 1000000
