323227 6912 8 1000000
333627 6912 8 1000000
320598 6912 8 1000000
229559 6912 8 1000000
380867 6912 8 1000000
390131 6912 8 1000000
217155 6912 8 1000000
382359 6912 8 1000000
295651 6912 8 1000000
265780 6912 8 1000000
266222 6912 8 1000000
200821 6912 8 1000000
276555 6912 8 1000000
228236 6912 8 1000000
226984 6912 8 1000000
335301 6912 8 1000000
259032 6912 8 1000000
271630 6912 8 1000000
430238 6912 8 1000000
216175 6912 8 1000000
229390 6912 8 1000000
276935 6912 8 1000000
264531 6912 8 1000000
210715 6912 8 1000000
413330 6912 8 1000000
274275 6912 8 1000000
373035 6912 8 1000000
364734 6912 8 1000000
319344 6912 8 1000000
235974 6912 8 1000000
401147 6912 8 1000000
370831 6912 8 1000000
491095 6912 8 1000000
275064 6912 8 1000000
397352 6912 8 1000000
252718 6912 8 1000000
397586 6912 8 1000000
357971 6912 8 1000000
244812 6912 8 1000000
336878 6912 8 1000000
207724 6912 8 1000000
198149 6912 8 1000000
197440 6912 8 1000000
213480 6912 8 1000000
209223 6912 8 1000000
225856 6912 8 1000000
231427 6912 8 1000000
309705 6912 8 1000000
192648 6912 8 1000000
249047 6912 8 1000000
187638 6912 8 1000000
279020 6912 8 1000000
352898 6912 8 1000000
247159 6912 8 1000000
506795 6912 8 1000000
295830 6912 8 1000000
225869 6912 8 1000000
224210 6912 8 1000000
261019 6912 8 1000000
426066 6912 8 1000000
326553 6912 8 1000000
348364 6912 8 1000000
284854 6912 8 1000000
263797 6912 8 1000000
235951 6912 8 1000000
225343 6912 8 1000000
260592 6912 8 1000000
294795 6912 8 1000000
234667 6912 8 1000000
237012 6912 8 1000000
203535 6912 8 1000000
262106 6912 8 1000000
339322 6912 8 1000000
221355 6912 8 1000000
201629 6912 8 1000000
340058 6912 8 1000000
327506 6912 8 1000000
213996 6912 8 1000000
241431 6912 8 1000000
325008 6912 8 1000000
221403 6912 8 1000000
245833 6912 8 1000000
242652 6912 8 1000000
276693 6912 8 1000000
346239 6912 8 1000000
332427 6912 8 1000000
231530 6912 8 1000000
289486 6912 8 1000000
195526 6912 8 1000000
268251 6912 8 1000000
261785 6912 8 1000000
251695 6912 8 1000000
204493 6912 8 1000000
243166 6912 8 1000000
240465 6912 8 1000000
397701 6912 8 1000000
262718 6912 8 1000000
201951 6912 8 1000000
391210 6912 8 1000000
295358 6912 8 1000000
246869 6912 8 1000000
292191 6912 8 1000000
392983 6912 8 1000000
242600 6912 8 1000000
255922 6912 8 1000000
250439 6912 8 1000000
230777 6912 8 1000000
244311 6912 8 1000000
307809 6912 8 1000000
242055 6912 8 1000000
214227 6912 8 1000000
279920 6912 8 1000000
240466 6912 8 1000000
287559 6912 8 1000000
254689 6912 8 1000000
230786 6912 8 1000000
209448 6912 8 1000000
253584 6912 8 1000000
220308 6912 8 1000000
216191 6912 8 1000000
357822 6912 8 1000000
274350 6912 8 1000000
238680 6912 8 1000000
378995 6912 8 1000000
419157 6912 8 1000000
257524 6912 8 1000000
204431 6912 8 1000000
249015 6912 8 1000000
228548 6912 8 1000000
214015 6912 8 1000000
337205 6912 8 1000000
231290 6912 8 1000000
224616 6912 8 1000000
220336 6912 8 1000000
239923 6912 8 1000000
222271 6912 8 1000000
334035 6912 8 1000000
249192 6912 8 1000000
232597 6912 8 1000000
249104 6912 8 1000000
342046 6912 8 1000000
224348 6912 8 1000000
353712 6912 8 1000000
340890 6912 8 1000000
260117 6912 8 1000000
222055 6912 8 1000000
192342 6912 8 1000000
345655 6912 8 1000000
178079 6912 8 1000000
205339 6912 8 1000000
230890 6912 8 1000000
252885 6912 8 1000000
339970 6912 8 1000000
323471 6912 8 1000000
305761 6912 8 1000000
333301 6912 8 1000000
238302 6912 8 1000000
230112 6912 8 1000000
197915 6912 8 1000000
200179 6912 8 1000000
256594 6912 8 1000000
219859 6912 8 1000000
208827 6912 8 1000000
240069 6912 8 1000000
252404 6912 8 1000000
347105 6912 8 1000000
262707 6912 8 1000000
225112 6912 8 1000000
357603 6912 8 1000000
334282 6912 8 1000000
252996 6912 8 1000000
210226 6912 8 1000000
360655 6912 8 1000000
255516 6912 8 1000000
334423 6912 8 1000000
247421 6912 8 1000000
252920 6912 8 1000000
360341 6912 8 1000000
274117 6912 8 1000000
235215 6912 8 1000000
286696 6912 8 1000000
214573 6912 8 1000000
222282 6912 8 1000000
448887 6912 8 1000000
449123 6912 8 1000000
333093 6912 8 1000000
320932 6912 8 1000000
241214 6912 8 1000000
252118 6912 8 1000000
326112 6912 8 1000000
261701 6912 8 1000000
392404 6912 8 1000000
392587 6912 8 1000000
214066 6912 8 1000000
230480 6912 8 1000000
222491 6912 8 1000000
254103 6912 8 1000000
351939 6912 8 1000000
249228 6912 8 1000000
366792 6912 8 1000000
403058 6912 8 1000000
223728 6912 8 1000000
223810 6912 8 1000000
358016 6912 8 1000000
243280 6912 8 1000000
324345 6912 8 1000000
214444 6912 8 1000000
308190 6912 8 1000000
210976 6912 8 1000000
433720 6912 8 1000000
258205 6912 8 1000000
220807 6912 8 1000000
245387 6912 8 1000000
288810 6912 8 1000000
330834 6912 8 1000000
236086 6912 8 1000000
205366 6912 8 1000000
214842 6912 8 1000000
274893 6912 8 1000000
268265 6912 8 1000000
388390 6912 8 1000000
366480 6912 8 1000000
369887 6912 8 1000000
235794 6912 8 1000000
265470 6912 8 1000000
365006 6912 8 1000000
223348 6912 8 1000000
253060 6912 8 1000000
381619 6912 8 1000000
330262 6912 8 1000000
249091 6912 8 1000000
340803 6912 8 1000000
215480 6912 8 1000000
220970 6912 8 1000000
193600 6912 8 1000000
195128 6912 8 1000000
176297 6912 8 1000000
229126 6912 8 1000000
154787 6912 8 1000000
217674 6912 8 1000000
238000 6912 8 1000000
271171 6912 8 1000000
233302 6912 8 1000000
174989 6912 8 1000000
174655 6912 8 1000000
177466 6912 8 1000000
175653 6912 8 1000000
181846 6912 8 1000000
196254 6912 8 1000000
188980 6912 8 1000000
