407255 8064 8 10000000
235227 8064 8 10000000
250583 8064 8 10000000
806945 8064 8 10000000
250764 8064 8 10000000
205781 8064 8 10000000
229617 8064 8 10000000
290908 8064 8 10000000
324968 8064 8 10000000
239893 8064 8 10000000
245182 8064 8 10000000
374589 8064 8 10000000
225474 8064 8 10000000
379825 8064 8 10000000
234168 8064 8 10000000
250503 8064 8 10000000
370042 8064 8 10000000
299084 8064 8 10000000
250933 8064 8 10000000
280085 8064 8 10000000
269891 8064 8 10000000
271916 8064 8 10000000
499288 8064 8 10000000
318071 8064 8 10000000
349113 8064 8 10000000
322672 8064 8 10000000
234445 8064 8 10000000
357348 8064 8 10000000
294104 8064 8 10000000
412457 8064 8 10000000
230162 8064 8 10000000
218698 8064 8 10000000
336407 8064 8 10000000
230951 8064 8 10000000
213632 8064 8 10000000
218729 8064 8 10000000
461702 8064 8 10000000
221700 8064 8 10000000
258900 8064 8 10000000
350927 8064 8 10000000
226625 8064 8 10000000
235562 8064 8 10000000
338770 8064 8 10000000
271559 8064 8 10000000
251584 8064 8 10000000
315264 8064 8 10000000
270812 8064 8 10000000
237534 8064 8 10000000
210444 8064 8 10000000
239084 8064 8 10000000
257352 8064 8 10000000
420956 8064 8 10000000
485363 8064 8 10000000
269174 8064 8 10000000
241795 8064 8 10000000
252380 8064 8 10000000
210209 8064 8 10000000
341983 8064 8 10000000
201254 8064 8 10000000
296124 8064 8 10000000
253131 8064 8 10000000
254159 8064 8 10000000
336495 8064 8 10000000
214972 8064 8 10000000
297289 8064 8 10000000
264608 8064 8 10000000
240312 8064 8 10000000
275558 8064 8 10000000
415465 8064 8 10000000
219163 8064 8 10000000
352633 8064 8 10000000
227507 8064 8 10000000
284918 8064 8 10000000
400447 8064 8 10000000
208481 8064 8 10000000
278815 8064 8 10000000
203748 8064 8 10000000
298174 8064 8 10000000
287251 8064 8 10000000
281122 8064 8 10000000
231697 8064 8 10000000
233755 8064 8 10000000
234300 8064 8 10000000
308935 8064 8 10000000
339046 8064 8 10000000
395462 8064 8 10000000
355414 8064 8 10000000
279328 8064 8 10000000
216208 8064 8 10000000
328752 8064 8 10000000
258515 8064 8 10000000
207099 8064 8 10000000
273416 8064 8 10000000
251822 8064 8 10000000
228330 8064 8 10000000
287793 8064 8 10000000
243835 8064 8 10000000
213445 8064 8 10000000
377797 8064 8 10000000
213585 8064 8 10000000
236391 8064 8 10000000
450287 8064 8 10000000
261347 8064 8 10000000
457158 8064 8 10000000
296143 8064 8 10000000
288071 8064 8 10000000
378835 8064 8 10000000
265439 8064 8 10000000
236262 8064 8 10000000
259961 8064 8 10000000
446082 8064 8 10000000
461033 8064 8 10000000
244373 8064 8 10000000
217687 8064 8 10000000
247865 8064 8 10000000
429155 8064 8 10000000
247169 8064 8 10000000
237751 8064 8 10000000
246455 8064 8 10000000
194089 8064 8 10000000
369390 8064 8 10000000
228613 8064 8 10000000
285921 8064 8 10000000
370996 8064 8 10000000
373935 8064 8 10000000
240376 8064 8 10000000
365801 8064 8 10000000
275052 8064 8 10000000
211857 8064 8 10000000
215780 8064 8 10000000
231635 8064 8 10000000
283325 8064 8 10000000
213880 8064 8 10000000
269578 8064 8 10000000
311351 8064 8 10000000
283025 8064 8 10000000
243102 8064 8 10000000
470310 8064 8 10000000
223867 8064 8 10000000
416887 8064 8 10000000
252161 8064 8 10000000
322203 8064 8 10000000
321159 8064 8 10000000
310423 8064 8 10000000
248413 8064 8 10000000
254251 8064 8 10000000
289142 8064 8 10000000
236287 8064 8 10000000
251738 8064 8 10000000
219369 8064 8 10000000
186018 8064 8 10000000
464877 8064 8 10000000
332070 8064 8 10000000
312075 8064 8 10000000
240652 8064 8 10000000
273842 8064 8 10000000
220881 8064 8 10000000
307221 8064 8 10000000
342685 8064 8 10000000
298338 8064 8 10000000
273797 8064 8 10000000
245885 8064 8 10000000
235617 8064 8 10000000
248956 8064 8 10000000
186126 8064 8 10000000
322847 8064 8 10000000
235538 8064 8 10000000
264814 8064 8 10000000
242857 8064 8 10000000
228096 8064 8 10000000
224070 8064 8 10000000
257111 8064 8 10000000
350187 8064 8 10000000
205653 8064 8 10000000
501996 8064 8 10000000
340816 8064 8 10000000
365681 8064 8 10000000
260819 8064 8 10000000
282134 8064 8 10000000
418101 8064 8 10000000
235032 8064 8 10000000
369131 8064 8 10000000
325628 8064 8 10000000
311475 8064 8 10000000
225456 8064 8 10000000
326932 8064 8 10000000
302107 8064 8 10000000
257219 8064 8 10000000
356713 8064 8 10000000
263555 8064 8 10000000
243379 8064 8 10000000
282341 8064 8 10000000
243221 8064 8 10000000
277339 8064 8 10000000
246416 8064 8 10000000
247363 8064 8 10000000
316806 8064 8 10000000
289416 8064 8 10000000
282367 8064 8 10000000
273428 8064 8 10000000
396560 8064 8 10000000
442778 8064 8 10000000
251340 8064 8 10000000
215785 8064 8 10000000
271759 8064 8 10000000
326358 8064 8 10000000
375987 8064 8 10000000
186497 8064 8 10000000
319342 8064 8 10000000
238462 8064 8 10000000
563505 8064 8 10000000
211057 8064 8 10000000
352951 8064 8 10000000
362591 8064 8 10000000
277534 8064 8 10000000
271259 8064 8 10000000
268105 8064 8 10000000
289571 8064 8 10000000
216545 8064 8 10000000
219844 8064 8 10000000
377049 8064 8 10000000
201443 8064 8 10000000
282408 8064 8 10000000
223189 8064 8 10000000
356320 8064 8 10000000
268222 8064 8 10000000
400113 8064 8 10000000
305550 8064 8 10000000
442048 8064 8 10000000
314895 8064 8 10000000
258048 8064 8 10000000
248370 8064 8 10000000
239023 8064 8 10000000
370636 8064 8 10000000
229288 8064 8 10000000
325796 8064 8 10000000
249486 8064 8 10000000
415533 8064 8 10000000
231940 8064 8 10000000
340185 8064 8 10000000
272945 8064 8 10000000
216364 8064 8 10000000
229057 8064 8 10000000
229594 8064 8 10000000
240906 8064 8 10000000
207315 8064 8 10000000
380640 8064 8 10000000
241210 8064 8 10000000
235114 8064 8 10000000
347895 8064 8 10000000
