798789 8064 8 10000000
229754 8064 8 10000000
232919 8064 8 10000000
185996 8064 8 10000000
397356 8064 8 10000000
238775 8064 8 10000000
334213 8064 8 10000000
248364 8064 8 10000000
286884 8064 8 10000000
325572 8064 8 10000000
218717 8064 8 10000000
228580 8064 8 10000000
260023 8064 8 10000000
341787 8064 8 10000000
242182 8064 8 10000000
365928 8064 8 10000000
284928 8064 8 10000000
260952 8064 8 10000000
273445 8064 8 10000000
620224 8064 8 10000000
433804 8064 8 10000000
209883 8064 8 10000000
237642 8064 8 10000000
235719 8064 8 10000000
335312 8064 8 10000000
306924 8064 8 10000000
232272 8064 8 10000000
277976 8064 8 10000000
229043 8064 8 10000000
224278 8064 8 10000000
347610 8064 8 10000000
224418 8064 8 10000000
220212 8064 8 10000000
366152 8064 8 10000000
240697 8064 8 10000000
248748 8064 8 10000000
407360 8064 8 10000000
367888 8064 8 10000000
241773 8064 8 10000000
271922 8064 8 10000000
253201 8064 8 10000000
277080 8064 8 10000000
293793 8064 8 10000000
363418 8064 8 10000000
281069 8064 8 10000000
344727 8064 8 10000000
289455 8064 8 10000000
278468 8064 8 10000000
303961 8064 8 10000000
252875 8064 8 10000000
307465 8064 8 10000000
291753 8064 8 10000000
414741 8064 8 10000000
247586 8064 8 10000000
283750 8064 8 10000000
263835 8064 8 10000000
410081 8064 8 10000000
259290 8064 8 10000000
420630 8064 8 10000000
252563 8064 8 10000000
250522 8064 8 10000000
334539 8064 8 10000000
244845 8064 8 10000000
239719 8064 8 10000000
331458 8064 8 10000000
245567 8064 8 10000000
266968 8064 8 10000000
263465 8064 8 10000000
357209 8064 8 10000000
357719 8064 8 10000000
187474 8064 8 10000000
274189 8064 8 10000000
397254 8064 8 10000000
417525 8064 8 10000000
237208 8064 8 10000000
273587 8064 8 10000000
312670 8064 8 10000000
415000 8064 8 10000000
227067 8064 8 10000000
228107 8064 8 10000000
410259 8064 8 10000000
240964 8064 8 10000000
410416 8064 8 10000000
243301 8064 8 10000000
404391 8064 8 10000000
244058 8064 8 10000000
443049 8064 8 10000000
379743 8064 8 10000000
356371 8064 8 10000000
230068 8064 8 10000000
214816 8064 8 10000000
383311 8064 8 10000000
261968 8064 8 10000000
354371 8064 8 10000000
436092 8064 8 10000000
235498 8064 8 10000000
295689 8064 8 10000000
226230 8064 8 10000000
463792 8064 8 10000000
250136 8064 8 10000000
274295 8064 8 10000000
319812 8064 8 10000000
234284 8064 8 10000000
243302 8064 8 10000000
239702 8064 8 10000000
314245 8064 8 10000000
416967 8064 8 10000000
277554 8064 8 10000000
470742 8064 8 10000000
421453 8064 8 10000000
204580 8064 8 10000000
277923 8064 8 10000000
436705 8064 8 10000000
254941 8064 8 10000000
213722 8064 8 10000000
219145 8064 8 10000000
266065 8064 8 10000000
244030 8064 8 10000000
225783 8064 8 10000000
252899 8064 8 10000000
257763 8064 8 10000000
259194 8064 8 10000000
287549 8064 8 10000000
311611 8064 8 10000000
221818 8064 8 10000000
342453 8064 8 10000000
285205 8064 8 10000000
371755 8064 8 10000000
228328 8064 8 10000000
364071 8064 8 10000000
319230 8064 8 10000000
187297 8064 8 10000000
482849 8064 8 10000000
284570 8064 8 10000000
346490 8064 8 10000000
264142 8064 8 10000000
494268 8064 8 10000000
224970 8064 8 10000000
223447 8064 8 10000000
206278 8064 8 10000000
368967 8064 8 10000000
279577 8064 8 10000000
291308 8064 8 10000000
239961 8064 8 10000000
378531 8064 8 10000000
447251 8064 8 10000000
231366 8064 8 10000000
339121 8064 8 10000000
269377 8064 8 10000000
225721 8064 8 10000000
368730 8064 8 10000000
275225 8064 8 10000000
249499 8064 8 10000000
311460 8064 8 10000000
363049 8064 8 10000000
347350 8064 8 10000000
249987 8064 8 10000000
259817 8064 8 10000000
209939 8064 8 10000000
245532 8064 8 10000000
223189 8064 8 10000000
186972 8064 8 10000000
259654 8064 8 10000000
420163 8064 8 10000000
411477 8064 8 10000000
252119 8064 8 10000000
257519 8064 8 10000000
231875 8064 8 10000000
324871 8064 8 10000000
217714 8064 8 10000000
377057 8064 8 10000000
236867 8064 8 10000000
242329 8064 8 10000000
233251 8064 8 10000000
254809 8064 8 10000000
215927 8064 8 10000000
236265 8064 8 10000000
227110 8064 8 10000000
370496 8064 8 10000000
320947 8064 8 10000000
235795 8064 8 10000000
249730 8064 8 10000000
278161 8064 8 10000000
340561 8064 8 10000000
236739 8064 8 10000000
210340 8064 8 10000000
385616 8064 8 10000000
330610 8064 8 10000000
241834 8064 8 10000000
391171 8064 8 10000000
393080 8064 8 10000000
375288 8064 8 10000000
344819 8064 8 10000000
378244 8064 8 10000000
302150 8064 8 10000000
237251 8064 8 10000000
220532 8064 8 10000000
369966 8064 8 10000000
341548 8064 8 10000000
334272 8064 8 10000000
222457 8064 8 10000000
243407 8064 8 10000000
297900 8064 8 10000000
258700 8064 8 10000000
522902 8064 8 10000000
443382 8064 8 10000000
466543 8064 8 10000000
245389 8064 8 10000000
332000 8064 8 10000000
237988 8064 8 10000000
434609 8064 8 10000000
379198 8064 8 10000000
226238 8064 8 10000000
252807 8064 8 10000000
373035 8064 8 10000000
293127 8064 8 10000000
247470 8064 8 10000000
248387 8064 8 10000000
184197 8064 8 10000000
249230 8064 8 10000000
419852 8064 8 10000000
285309 8064 8 10000000
206443 8064 8 10000000
253762 8064 8 10000000
284031 8064 8 10000000
339915 8064 8 10000000
233348 8064 8 10000000
233023 8064 8 10000000
246130 8064 8 10000000
365885 8064 8 10000000
306962 8064 8 10000000
342158 8064 8 10000000
226973 8064 8 10000000
300038 8064 8 10000000
367105 8064 8 10000000
238675 8064 8 10000000
245667 8064 8 10000000
270708 8064 8 10000000
205120 8064 8 10000000
224728 8064 8 10000000
245532 8064 8 10000000
355130 8064 8 10000000
164357 8064 8 10000000
206855 8064 8 10000000
219789 8064 8 10000000
221275 8064 8 10000000
216313 8064 8 10000000
289891 8064 8 10000000
212998 8064 8 10000000
175980 8064 8 10000000
