230161 8064 8 10000000
357087 8064 8 10000000
277812 8064 8 10000000
221752 8064 8 10000000
252572 8064 8 10000000
254744 8064 8 10000000
334088 8064 8 10000000
259397 8064 8 10000000
211832 8064 8 10000000
308923 8064 8 10000000
372120 8064 8 10000000
315128 8064 8 10000000
334795 8064 8 10000000
239325 8064 8 10000000
449012 8064 8 10000000
306895 8064 8 10000000
461588 8064 8 10000000
498055 8064 8 10000000
211582 8064 8 10000000
254054 8064 8 10000000
266380 8064 8 10000000
283226 8064 8 10000000
300398 8064 8 10000000
352031 8064 8 10000000
239350 8064 8 10000000
239021 8064 8 10000000
229142 8064 8 10000000
259791 8064 8 10000000
399102 8064 8 10000000
212305 8064 8 10000000
352267 8064 8 10000000
246776 8064 8 10000000
371811 8064 8 10000000
283722 8064 8 10000000
443027 8064 8 10000000
222539 8064 8 10000000
273657 8064 8 10000000
245177 8064 8 10000000
225627 8064 8 10000000
360182 8064 8 10000000
302610 8064 8 10000000
461916 8064 8 10000000
236481 8064 8 10000000
537982 8064 8 10000000
251967 8064 8 10000000
260976 8064 8 10000000
247408 8064 8 10000000
226569 8064 8 10000000
229306 8064 8 10000000
265691 8064 8 10000000
413869 8064 8 10000000
252777 8064 8 10000000
257625 8064 8 10000000
401016 8064 8 10000000
440448 8064 8 10000000
414253 8064 8 10000000
234766 8064 8 10000000
255924 8064 8 10000000
256062 8064 8 10000000
246762 8064 8 10000000
226198 8064 8 10000000
230573 8064 8 10000000
223645 8064 8 10000000
291815 8064 8 10000000
398534 8064 8 10000000
249392 8064 8 10000000
316707 8064 8 10000000
196699 8064 8 10000000
291063 8064 8 10000000
319689 8064 8 10000000
207401 8064 8 10000000
421247 8064 8 10000000
371027 8064 8 10000000
263385 8064 8 10000000
218141 8064 8 10000000
238428 8064 8 10000000
221447 8064 8 10000000
233473 8064 8 10000000
240182 8064 8 10000000
328766 8064 8 10000000
320652 8064 8 10000000
385209 8064 8 10000000
163294 8064 8 10000000
244332 8064 8 10000000
374730 8064 8 10000000
311432 8064 8 10000000
223815 8064 8 10000000
335767 8064 8 10000000
421697 8064 8 10000000
328923 8064 8 10000000
438850 8064 8 10000000
279977 8064 8 10000000
249116 8064 8 10000000
274825 8064 8 10000000
308533 8064 8 10000000
320728 8064 8 10000000
252493 8064 8 10000000
228909 8064 8 10000000
264531 8064 8 10000000
355699 8064 8 10000000
223385 8064 8 10000000
235646 8064 8 10000000
235773 8064 8 10000000
244101 8064 8 10000000
201413 8064 8 10000000
273233 8064 8 10000000
228538 8064 8 10000000
361226 8064 8 10000000
295279 8064 8 10000000
218498 8064 8 10000000
229034 8064 8 10000000
342388 8064 8 10000000
216807 8064 8 10000000
252845 8064 8 10000000
294653 8064 8 10000000
407387 8064 8 10000000
246394 8064 8 10000000
255453 8064 8 10000000
228448 8064 8 10000000
228667 8064 8 10000000
239924 8064 8 10000000
310903 8064 8 10000000
342119 8064 8 10000000
221706 8064 8 10000000
235504 8064 8 10000000
281891 8064 8 10000000
184499 8064 8 10000000
387128 8064 8 10000000
175634 8064 8 10000000
239946 8064 8 10000000
322672 8064 8 10000000
318020 8064 8 10000000
275464 8064 8 10000000
234914 8064 8 10000000
281334 8064 8 10000000
269347 8064 8 10000000
288987 8064 8 10000000
357851 8064 8 10000000
338127 8064 8 10000000
256352 8064 8 10000000
470857 8064 8 10000000
272114 8064 8 10000000
319631 8064 8 10000000
448383 8064 8 10000000
332314 8064 8 10000000
422445 8064 8 10000000
245648 8064 8 10000000
249847 8064 8 10000000
221003 8064 8 10000000
378857 8064 8 10000000
279365 8064 8 10000000
255563 8064 8 10000000
203410 8064 8 10000000
326820 8064 8 10000000
434227 8064 8 10000000
247713 8064 8 10000000
296250 8064 8 10000000
232114 8064 8 10000000
273321 8064 8 10000000
223903 8064 8 10000000
206125 8064 8 10000000
205130 8064 8 10000000
261485 8064 8 10000000
240955 8064 8 10000000
223721 8064 8 10000000
329586 8064 8 10000000
442586 8064 8 10000000
406058 8064 8 10000000
259192 8064 8 10000000
234131 8064 8 10000000
218780 8064 8 10000000
301660 8064 8 10000000
258366 8064 8 10000000
221267 8064 8 10000000
367158 8064 8 10000000
299999 8064 8 10000000
360084 8064 8 10000000
246736 8064 8 10000000
217329 8064 8 10000000
255223 8064 8 10000000
423869 8064 8 10000000
377648 8064 8 10000000
242981 8064 8 10000000
262932 8064 8 10000000
199598 8064 8 10000000
350476 8064 8 10000000
363488 8064 8 10000000
266587 8064 8 10000000
268118 8064 8 10000000
281017 8064 8 10000000
297774 8064 8 10000000
216529 8064 8 10000000
341158 8064 8 10000000
277052 8064 8 10000000
233649 8064 8 10000000
293074 8064 8 10000000
287343 8064 8 10000000
343493 8064 8 10000000
240534 8064 8 10000000
349722 8064 8 10000000
304397 8064 8 10000000
220190 8064 8 10000000
345377 8064 8 10000000
305762 8064 8 10000000
333509 8064 8 10000000
454742 8064 8 10000000
409230 8064 8 10000000
373662 8064 8 10000000
304117 8064 8 10000000
172473 8064 8 10000000
370921 8064 8 10000000
376306 8064 8 10000000
279226 8064 8 10000000
227135 8064 8 10000000
321821 8064 8 10000000
229386 8064 8 10000000
391946 8064 8 10000000
370667 8064 8 10000000
210647 8064 8 10000000
273698 8064 8 10000000
222538 8064 8 10000000
377972 8064 8 10000000
209202 8064 8 10000000
245177 8064 8 10000000
198358 8064 8 10000000
341301 8064 8 10000000
255732 8064 8 10000000
253101 8064 8 10000000
313361 8064 8 10000000
299477 8064 8 10000000
277458 8064 8 10000000
239374 8064 8 10000000
376063 8064 8 10000000
215292 8064 8 10000000
211656 8064 8 10000000
386921 8064 8 10000000
206811 8064 8 10000000
220768 8064 8 10000000
247175 8064 8 10000000
325089 8064 8 10000000
359303 8064 8 10000000
270066 8064 8 10000000
268618 8064 8 10000000
223754 8064 8 10000000
211123 8064 8 10000000
231512 8064 8 10000000
219751 8064 8 10000000
240482 8064 8 10000000
297786 8064 8 10000000
212526 8064 8 10000000
