205598 8064 8 10000000
290349 8064 8 10000000
424680 8064 8 10000000
353978 8064 8 10000000
224536 8064 8 10000000
369824 8064 8 10000000
228473 8064 8 10000000
463455 8064 8 10000000
273961 8064 8 10000000
237420 8064 8 10000000
232221 8064 8 10000000
225559 8064 8 10000000
295744 8064 8 10000000
681343 8064 8 10000000
223325 8064 8 10000000
299418 8064 8 10000000
283724 8064 8 10000000
285193 8064 8 10000000
273233 8064 8 10000000
448786 8064 8 10000000
263922 8064 8 10000000
325167 8064 8 10000000
270573 8064 8 10000000
321145 8064 8 10000000
260269 8064 8 10000000
339719 8064 8 10000000
245723 8064 8 10000000
278192 8064 8 10000000
261212 8064 8 10000000
259637 8064 8 10000000
342387 8064 8 10000000
246327 8064 8 10000000
274172 8064 8 10000000
210432 8064 8 10000000
266497 8064 8 10000000
225833 8064 8 10000000
232056 8064 8 10000000
436291 8064 8 10000000
356630 8064 8 10000000
351528 8064 8 10000000
462329 8064 8 10000000
284032 8064 8 10000000
359931 8064 8 10000000
355990 8064 8 10000000
233600 8064 8 10000000
240202 8064 8 10000000
316901 8064 8 10000000
184760 8064 8 10000000
413219 8064 8 10000000
263083 8064 8 10000000
256326 8064 8 10000000
260581 8064 8 10000000
211952 8064 8 10000000
272430 8064 8 10000000
318219 8064 8 10000000
416672 8064 8 10000000
259677 8064 8 10000000
237506 8064 8 10000000
241784 8064 8 10000000
224991 8064 8 10000000
280183 8064 8 10000000
254487 8064 8 10000000
395790 8064 8 10000000
259712 8064 8 10000000
252249 8064 8 10000000
368639 8064 8 10000000
257046 8064 8 10000000
431883 8064 8 10000000
350129 8064 8 10000000
261286 8064 8 10000000
212963 8064 8 10000000
247741 8064 8 10000000
322942 8064 8 10000000
268720 8064 8 10000000
384136 8064 8 10000000
297824 8064 8 10000000
249759 8064 8 10000000
472943 8064 8 10000000
238809 8064 8 10000000
238547 8064 8 10000000
297551 8064 8 10000000
238663 8064 8 10000000
244547 8064 8 10000000
234362 8064 8 10000000
272590 8064 8 10000000
261027 8064 8 10000000
353358 8064 8 10000000
261870 8064 8 10000000
222752 8064 8 10000000
256009 8064 8 10000000
234636 8064 8 10000000
210556 8064 8 10000000
240286 8064 8 10000000
439154 8064 8 10000000
235976 8064 8 10000000
289385 8064 8 10000000
246630 8064 8 10000000
349502 8064 8 10000000
244045 8064 8 10000000
366730 8064 8 10000000
201224 8064 8 10000000
248777 8064 8 10000000
233674 8064 8 10000000
247480 8064 8 10000000
210992 8064 8 10000000
315469 8064 8 10000000
229419 8064 8 10000000
366039 8064 8 10000000
266085 8064 8 10000000
237645 8064 8 10000000
221229 8064 8 10000000
305586 8064 8 10000000
355192 8064 8 10000000
225475 8064 8 10000000
229988 8064 8 10000000
233334 8064 8 10000000
357817 8064 8 10000000
261100 8064 8 10000000
181382 8064 8 10000000
422360 8064 8 10000000
202233 8064 8 10000000
285176 8064 8 10000000
233685 8064 8 10000000
228841 8064 8 10000000
249443 8064 8 10000000
273241 8064 8 10000000
220622 8064 8 10000000
315253 8064 8 10000000
252108 8064 8 10000000
347226 8064 8 10000000
292560 8064 8 10000000
371818 8064 8 10000000
230080 8064 8 10000000
303921 8064 8 10000000
239638 8064 8 10000000
224345 8064 8 10000000
538114 8064 8 10000000
273573 8064 8 10000000
229317 8064 8 10000000
234323 8064 8 10000000
225096 8064 8 10000000
199535 8064 8 10000000
357923 8064 8 10000000
320596 8064 8 10000000
292952 8064 8 10000000
232240 8064 8 10000000
359900 8064 8 10000000
231017 8064 8 10000000
485971 8064 8 10000000
345979 8064 8 10000000
361914 8064 8 10000000
239951 8064 8 10000000
258464 8064 8 10000000
330712 8064 8 10000000
324958 8064 8 10000000
231802 8064 8 10000000
273274 8064 8 10000000
257958 8064 8 10000000
242226 8064 8 10000000
376593 8064 8 10000000
202856 8064 8 10000000
201969 8064 8 10000000
265422 8064 8 10000000
233993 8064 8 10000000
277600 8064 8 10000000
387847 8064 8 10000000
234018 8064 8 10000000
195045 8064 8 10000000
208284 8064 8 10000000
236548 8064 8 10000000
352398 8064 8 10000000
255757 8064 8 10000000
212799 8064 8 10000000
238945 8064 8 10000000
251515 8064 8 10000000
286621 8064 8 10000000
272776 8064 8 10000000
253012 8064 8 10000000
260677 8064 8 10000000
206002 8064 8 10000000
254143 8064 8 10000000
308108 8064 8 10000000
365950 8064 8 10000000
313547 8064 8 10000000
188669 8064 8 10000000
211459 8064 8 10000000
243920 8064 8 10000000
215526 8064 8 10000000
282236 8064 8 10000000
311876 8064 8 10000000
214991 8064 8 10000000
384035 8064 8 10000000
253086 8064 8 10000000
371062 8064 8 10000000
358063 8064 8 10000000
286398 8064 8 10000000
211902 8064 8 10000000
236842 8064 8 10000000
405256 8064 8 10000000
243583 8064 8 10000000
447795 8064 8 10000000
238406 8064 8 10000000
385643 8064 8 10000000
223828 8064 8 10000000
276500 8064 8 10000000
425139 8064 8 10000000
283135 8064 8 10000000
516538 8064 8 10000000
382462 8064 8 10000000
220628 8064 8 10000000
243617 8064 8 10000000
449653 8064 8 10000000
222158 8064 8 10000000
226874 8064 8 10000000
239849 8064 8 10000000
440790 8064 8 10000000
301085 8064 8 10000000
316997 8064 8 10000000
325056 8064 8 10000000
266530 8064 8 10000000
216864 8064 8 10000000
196696 8064 8 10000000
420137 8064 8 10000000
260752 8064 8 10000000
387983 8064 8 10000000
221486 8064 8 10000000
287385 8064 8 10000000
339448 8064 8 10000000
202904 8064 8 10000000
462250 8064 8 10000000
422163 8064 8 10000000
346499 8064 8 10000000
353637 8064 8 10000000
295710 8064 8 10000000
387448 8064 8 10000000
207910 8064 8 10000000
277469 8064 8 10000000
408203 8064 8 10000000
303728 8064 8 10000000
262574 8064 8 10000000
222019 8064 8 10000000
240572 8064 8 10000000
248701 8064 8 10000000
220132 8064 8 10000000
264193 8064 8 10000000
319125 8064 8 10000000
228564 8064 8 10000000
245664 8064 8 10000000
201605 8064 8 10000000
180346 8064 8 10000000
