599670 9216 8 100000000
229263 9216 8 100000000
222984 9216 8 100000000
260354 9216 8 100000000
308959 9216 8 100000000
289392 9216 8 100000000
194103 9216 8 100000000
339388 9216 8 100000000
204725 9216 8 100000000
224041 9216 8 100000000
207311 9216 8 100000000
267065 9216 8 100000000
367033 9216 8 100000000
196036 9216 8 100000000
364874 9216 8 100000000
324282 9216 8 100000000
240840 9216 8 100000000
237835 9216 8 100000000
241501 9216 8 100000000
218623 9216 8 100000000
310820 9216 8 100000000
225121 9216 8 100000000
305047 9216 8 100000000
293045 9216 8 100000000
464045 9216 8 100000000
171289 9216 8 100000000
289498 9216 8 100000000
269300 9216 8 100000000
232133 9216 8 100000000
322149 9216 8 100000000
345874 9216 8 100000000
217407 9216 8 100000000
331871 9216 8 100000000
395769 9216 8 100000000
266096 9216 8 100000000
235647 9216 8 100000000
226817 9216 8 100000000
252774 9216 8 100000000
240164 9216 8 100000000
236802 9216 8 100000000
229676 9216 8 100000000
467964 9216 8 100000000
257171 9216 8 100000000
300432 9216 8 100000000
270673 9216 8 100000000
333111 9216 8 100000000
230779 9216 8 100000000
222620 9216 8 100000000
229868 9216 8 100000000
259569 9216 8 100000000
335552 9216 8 100000000
257475 9216 8 100000000
242700 9216 8 100000000
243719 9216 8 100000000
375750 9216 8 100000000
275919 9216 8 100000000
201701 9216 8 100000000
360724 9216 8 100000000
318682 9216 8 100000000
345646 9216 8 100000000
187868 9216 8 100000000
188130 9216 8 100000000
200968 9216 8 100000000
223013 9216 8 100000000
253250 9216 8 100000000
762343 9216 8 100000000
464350 9216 8 100000000
211734 9216 8 100000000
243940 9216 8 100000000
398077 9216 8 100000000
377386 9216 8 100000000
277647 9216 8 100000000
232859 9216 8 100000000
410525 9216 8 100000000
245919 9216 8 100000000
424966 9216 8 100000000
294604 9216 8 100000000
237688 9216 8 100000000
245127 9216 8 100000000
262025 9216 8 100000000
425599 9216 8 100000000
221514 9216 8 100000000
269390 9216 8 100000000
242930 9216 8 100000000
241747 9216 8 100000000
303342 9216 8 100000000
359999 9216 8 100000000
372699 9216 8 100000000
239116 9216 8 100000000
253046 9216 8 100000000
239895 9216 8 100000000
218669 9216 8 100000000
348827 9216 8 100000000
229120 9216 8 100000000
439391 9216 8 100000000
242394 9216 8 100000000
245696 9216 8 100000000
253350 9216 8 100000000
218631 9216 8 100000000
260526 9216 8 100000000
238085 9216 8 100000000
186725 9216 8 100000000
226796 9216 8 100000000
417057 9216 8 100000000
260243 9216 8 100000000
264184 9216 8 100000000
249999 9216 8 100000000
260903 9216 8 100000000
286153 9216 8 100000000
338788 9216 8 100000000
211731 9216 8 100000000
262833 9216 8 100000000
362962 9216 8 100000000
252563 9216 8 100000000
368099 9216 8 100000000
314243 9216 8 100000000
227047 9216 8 100000000
222151 9216 8 100000000
233654 9216 8 100000000
375444 9216 8 100000000
376313 9216 8 100000000
328058 9216 8 100000000
509218 9216 8 100000000
256748 9216 8 100000000
328441 9216 8 100000000
249140 9216 8 100000000
467767 9216 8 100000000
397400 9216 8 100000000
229175 9216 8 100000000
292328 9216 8 100000000
201590 9216 8 100000000
457250 9216 8 100000000
451020 9216 8 100000000
333453 9216 8 100000000
455574 9216 8 100000000
243579 9216 8 100000000
296100 9216 8 100000000
342244 9216 8 100000000
279082 9216 8 100000000
274708 9216 8 100000000
298848 9216 8 100000000
300865 9216 8 100000000
274682 9216 8 100000000
264174 9216 8 100000000
252620 9216 8 100000000
262148 9216 8 100000000
351014 9216 8 100000000
275468 9216 8 100000000
254012 9216 8 100000000
444181 9216 8 100000000
242201 9216 8 100000000
266674 9216 8 100000000
257434 9216 8 100000000
287709 9216 8 100000000
390058 9216 8 100000000
310380 9216 8 100000000
219728 9216 8 100000000
241539 9216 8 100000000
231351 9216 8 100000000
243504 9216 8 100000000
250272 9216 8 100000000
405881 9216 8 100000000
458091 9216 8 100000000
532876 9216 8 100000000
254385 9216 8 100000000
253658 9216 8 100000000
354268 9216 8 100000000
562456 9216 8 100000000
265127 9216 8 100000000
334658 9216 8 100000000
324161 9216 8 100000000
245354 9216 8 100000000
516809 9216 8 100000000
317741 9216 8 100000000
436382 9216 8 100000000
276335 9216 8 100000000
437640 9216 8 100000000
255693 9216 8 100000000
314315 9216 8 100000000
391978 9216 8 100000000
430166 9216 8 100000000
478104 9216 8 100000000
247610 9216 8 100000000
324321 9216 8 100000000
259061 9216 8 100000000
421874 9216 8 100000000
239326 9216 8 100000000
281715 9216 8 100000000
354339 9216 8 100000000
333423 9216 8 100000000
315846 9216 8 100000000
481975 9216 8 100000000
247255 9216 8 100000000
442632 9216 8 100000000
446776 9216 8 100000000
283336 9216 8 100000000
436136 9216 8 100000000
369973 9216 8 100000000
277282 9216 8 100000000
454925 9216 8 100000000
329453 9216 8 100000000
251644 9216 8 100000000
377012 9216 8 100000000
348470 9216 8 100000000
322382 9216 8 100000000
263812 9216 8 100000000
271615 9216 8 100000000
244629 9216 8 100000000
223232 9216 8 100000000
299896 9216 8 100000000
495768 9216 8 100000000
276505 9216 8 100000000
260949 9216 8 100000000
253021 9216 8 100000000
269870 9216 8 100000000
254259 9216 8 100000000
257058 9216 8 100000000
255750 9216 8 100000000
347261 9216 8 100000000
245236 9216 8 100000000
271870 9216 8 100000000
360004 9216 8 100000000
343025 9216 8 100000000
249642 9216 8 100000000
266318 9216 8 100000000
282297 9216 8 100000000
302414 9216 8 100000000
290303 9216 8 100000000
416838 9216 8 100000000
411739 9216 8 100000000
356088 9216 8 100000000
382712 9216 8 100000000
250313 9216 8 100000000
352347 9216 8 100000000
291824 9216 8 100000000
329704 9216 8 100000000
262643 9216 8 100000000
272097 9216 8 100000000
427436 9216 8 100000000
279260 9216 8 100000000
264220 9216 8 100000000
265322 9216 8 100000000
217796 9216 8 100000000
458731 9216 8 100000000
274927 9216 8 100000000
235846 9216 8 100000000
277040 9216 8 100000000
468448 9216 8 100000000
281996 9216 8 100000000
201286 9216 8 100000000
