398585 9216 8 100000000
217878 9216 8 100000000
210756 9216 8 100000000
258379 9216 8 100000000
227598 9216 8 100000000
216984 9216 8 100000000
178212 9216 8 100000000
179147 9216 8 100000000
351468 9216 8 100000000
214721 9216 8 100000000
226727 9216 8 100000000
236090 9216 8 100000000
247893 9216 8 100000000
188167 9216 8 100000000
308395 9216 8 100000000
243529 9216 8 100000000
245413 9216 8 100000000
221853 9216 8 100000000
253074 9216 8 100000000
239164 9216 8 100000000
330666 9216 8 100000000
268796 9216 8 100000000
247971 9216 8 100000000
323100 9216 8 100000000
186130 9216 8 100000000
312089 9216 8 100000000
361007 9216 8 100000000
290625 9216 8 100000000
254376 9216 8 100000000
251544 9216 8 100000000
262570 9216 8 100000000
346881 9216 8 100000000
232174 9216 8 100000000
268289 9216 8 100000000
239051 9216 8 100000000
288923 9216 8 100000000
403150 9216 8 100000000
341448 9216 8 100000000
265671 9216 8 100000000
387244 9216 8 100000000
445117 9216 8 100000000
319587 9216 8 100000000
209282 9216 8 100000000
251470 9216 8 100000000
333383 9216 8 100000000
342506 9216 8 100000000
254912 9216 8 100000000
231901 9216 8 100000000
234484 9216 8 100000000
332810 9216 8 100000000
237356 9216 8 100000000
254879 9216 8 100000000
209217 9216 8 100000000
221490 9216 8 100000000
229319 9216 8 100000000
359972 9216 8 100000000
413469 9216 8 100000000
259134 9216 8 100000000
254241 9216 8 100000000
428808 9216 8 100000000
233183 9216 8 100000000
234422 9216 8 100000000
548931 9216 8 100000000
243049 9216 8 100000000
215678 9216 8 100000000
287592 9216 8 100000000
242540 9216 8 100000000
388082 9216 8 100000000
253135 9216 8 100000000
240013 9216 8 100000000
228870 9216 8 100000000
331365 9216 8 100000000
261550 9216 8 100000000
201239 9216 8 100000000
418570 9216 8 100000000
336007 9216 8 100000000
225233 9216 8 100000000
358483 9216 8 100000000
417577 9216 8 100000000
209800 9216 8 100000000
435112 9216 8 100000000
249006 9216 8 100000000
220625 9216 8 100000000
205610 9216 8 100000000
296646 9216 8 100000000
235521 9216 8 100000000
382390 9216 8 100000000
221564 9216 8 100000000
333611 9216 8 100000000
227320 9216 8 100000000
245148 9216 8 100000000
455323 9216 8 100000000
265689 9216 8 100000000
388665 9216 8 100000000
360382 9216 8 100000000
381277 9216 8 100000000
226050 9216 8 100000000
392495 9216 8 100000000
340872 9216 8 100000000
260660 9216 8 100000000
255367 9216 8 100000000
228769 9216 8 100000000
277117 9216 8 100000000
284867 9216 8 100000000
221200 9216 8 100000000
236973 9216 8 100000000
252663 9216 8 100000000
259834 9216 8 100000000
367790 9216 8 100000000
235225 9216 8 100000000
222087 9216 8 100000000
314573 9216 8 100000000
272448 9216 8 100000000
271552 9216 8 100000000
287454 9216 8 100000000
254000 9216 8 100000000
266559 9216 8 100000000
235510 9216 8 100000000
263899 9216 8 100000000
324220 9216 8 100000000
259882 9216 8 100000000
211760 9216 8 100000000
326178 9216 8 100000000
270117 9216 8 100000000
269731 9216 8 100000000
463791 9216 8 100000000
274889 9216 8 100000000
309432 9216 8 100000000
225287 9216 8 100000000
362342 9216 8 100000000
232952 9216 8 100000000
247952 9216 8 100000000
386475 9216 8 100000000
429745 9216 8 100000000
282358 9216 8 100000000
230547 9216 8 100000000
248948 9216 8 100000000
212976 9216 8 100000000
264334 9216 8 100000000
258587 9216 8 100000000
458676 9216 8 100000000
390859 9216 8 100000000
260222 9216 8 100000000
248931 9216 8 100000000
249454 9216 8 100000000
287319 9216 8 100000000
251803 9216 8 100000000
403185 9216 8 100000000
333775 9216 8 100000000
318454 9216 8 100000000
218462 9216 8 100000000
323500 9216 8 100000000
264832 9216 8 100000000
437097 9216 8 100000000
247542 9216 8 100000000
468434 9216 8 100000000
259749 9216 8 100000000
244460 9216 8 100000000
276056 9216 8 100000000
453240 9216 8 100000000
258413 9216 8 100000000
343371 9216 8 100000000
385707 9216 8 100000000
418454 9216 8 100000000
304160 9216 8 100000000
280717 9216 8 100000000
340434 9216 8 100000000
235373 9216 8 100000000
305010 9216 8 100000000
196366 9216 8 100000000
258200 9216 8 100000000
400847 9216 8 100000000
484729 9216 8 100000000
333052 9216 8 100000000
479463 9216 8 100000000
371308 9216 8 100000000
334258 9216 8 100000000
361954 9216 8 100000000
251720 9216 8 100000000
296291 9216 8 100000000
328003 9216 8 100000000
475316 9216 8 100000000
265927 9216 8 100000000
318200 9216 8 100000000
279075 9216 8 100000000
393358 9216 8 100000000
392634 9216 8 100000000
310989 9216 8 100000000
458316 9216 8 100000000
216569 9216 8 100000000
323329 9216 8 100000000
372246 9216 8 100000000
443948 9216 8 100000000
375200 9216 8 100000000
274536 9216 8 100000000
325915 9216 8 100000000
302999 9216 8 100000000
262313 9216 8 100000000
344192 9216 8 100000000
257551 9216 8 100000000
256633 9216 8 100000000
474861 9216 8 100000000
268556 9216 8 100000000
358348 9216 8 100000000
270722 9216 8 100000000
505300 9216 8 100000000
269932 9216 8 100000000
328567 9216 8 100000000
244829 9216 8 100000000
283228 9216 8 100000000
300939 9216 8 100000000
480811 9216 8 100000000
274071 9216 8 100000000
244645 9216 8 100000000
452728 9216 8 100000000
249827 9216 8 100000000
247390 9216 8 100000000
314162 9216 8 100000000
242631 9216 8 100000000
286102 9216 8 100000000
285582 9216 8 100000000
389554 9216 8 100000000
314984 9216 8 100000000
404120 9216 8 100000000
324582 9216 8 100000000
250098 9216 8 100000000
279065 9216 8 100000000
416855 9216 8 100000000
262244 9216 8 100000000
234749 9216 8 100000000
253045 9216 8 100000000
377025 9216 8 100000000
360970 9216 8 100000000
308894 9216 8 100000000
266397 9216 8 100000000
358782 9216 8 100000000
269244 9216 8 100000000
518969 9216 8 100000000
356253 9216 8 100000000
385935 9216 8 100000000
280742 9216 8 100000000
228856 9216 8 100000000
245627 9216 8 100000000
379176 9216 8 100000000
249154 9216 8 100000000
249213 9216 8 100000000
517414 9216 8 100000000
486305 9216 8 100000000
387506 9216 8 100000000
236716 9216 8 100000000
