382200 9216 8 100000000
259324 9216 8 100000000
233931 9216 8 100000000
235256 9216 8 100000000
368107 9216 8 100000000
212935 9216 8 100000000
262673 9216 8 100000000
333653 9216 8 100000000
268311 9216 8 100000000
237121 9216 8 100000000
252921 9216 8 100000000
243097 9216 8 100000000
249061 9216 8 100000000
396325 9216 8 100000000
218188 9216 8 100000000
229877 9216 8 100000000
347221 9216 8 100000000
273859 9216 8 100000000
257132 9216 8 100000000
242967 9216 8 100000000
337689 9216 8 100000000
195711 9216 8 100000000
281455 9216 8 100000000
349737 9216 8 100000000
211334 9216 8 100000000
377013 9216 8 100000000
307699 9216 8 100000000
271294 9216 8 100000000
236556 9216 8 100000000
278244 9216 8 100000000
260206 9216 8 100000000
297698 9216 8 100000000
261890 9216 8 100000000
347555 9216 8 100000000
234329 9216 8 100000000
290831 9216 8 100000000
258100 9216 8 100000000
209882 9216 8 100000000
378772 9216 8 100000000
265828 9216 8 100000000
251273 9216 8 100000000
252224 9216 8 100000000
248351 9216 8 100000000
237412 9216 8 100000000
346690 9216 8 100000000
214550 9216 8 100000000
271256 9216 8 100000000
231601 9216 8 100000000
229149 9216 8 100000000
230514 9216 8 100000000
390678 9216 8 100000000
246005 9216 8 100000000
232816 9216 8 100000000
236085 9216 8 100000000
270635 9216 8 100000000
408923 9216 8 100000000
221524 9216 8 100000000
234543 9216 8 100000000
625684 9216 8 100000000
193057 9216 8 100000000
245679 9216 8 100000000
307962 9216 8 100000000
259890 9216 8 100000000
228078 9216 8 100000000
190275 9216 8 100000000
272992 9216 8 100000000
283066 9216 8 100000000
261328 9216 8 100000000
310187 9216 8 100000000
248271 9216 8 100000000
286450 9216 8 100000000
304047 9216 8 100000000
301786 9216 8 100000000
238295 9216 8 100000000
245712 9216 8 100000000
457102 9216 8 100000000
280671 9216 8 100000000
259024 9216 8 100000000
259351 9216 8 100000000
370406 9216 8 100000000
218721 9216 8 100000000
223593 9216 8 100000000
222336 9216 8 100000000
401345 9216 8 100000000
430743 9216 8 100000000
242561 9216 8 100000000
266047 9216 8 100000000
266875 9216 8 100000000
368095 9216 8 100000000
255507 9216 8 100000000
275300 9216 8 100000000
413122 9216 8 100000000
215098 9216 8 100000000
280179 9216 8 100000000
329373 9216 8 100000000
269992 9216 8 100000000
239705 9216 8 100000000
201718 9216 8 100000000
233667 9216 8 100000000
281923 9216 8 100000000
257675 9216 8 100000000
209526 9216 8 100000000
219496 9216 8 100000000
226738 9216 8 100000000
224643 9216 8 100000000
295953 9216 8 100000000
293550 9216 8 100000000
278206 9216 8 100000000
354738 9216 8 100000000
231563 9216 8 100000000
311178 9216 8 100000000
282906 9216 8 100000000
365759 9216 8 100000000
294933 9216 8 100000000
454726 9216 8 100000000
362338 9216 8 100000000
221798 9216 8 100000000
442849 9216 8 100000000
224589 9216 8 100000000
242745 9216 8 100000000
213144 9216 8 100000000
359345 9216 8 100000000
214816 9216 8 100000000
311227 9216 8 100000000
307718 9216 8 100000000
260385 9216 8 100000000
280722 9216 8 100000000
448744 9216 8 100000000
279584 9216 8 100000000
379817 9216 8 100000000
248698 9216 8 100000000
237133 9216 8 100000000
396217 9216 8 100000000
393073 9216 8 100000000
260709 9216 8 100000000
269443 9216 8 100000000
287373 9216 8 100000000
211029 9216 8 100000000
465118 9216 8 100000000
267137 9216 8 100000000
211778 9216 8 100000000
279375 9216 8 100000000
279557 9216 8 100000000
262906 9216 8 100000000
440649 9216 8 100000000
242789 9216 8 100000000
243744 9216 8 100000000
223656 9216 8 100000000
240924 9216 8 100000000
273044 9216 8 100000000
277756 9216 8 100000000
282161 9216 8 100000000
211170 9216 8 100000000
264883 9216 8 100000000
312754 9216 8 100000000
248373 9216 8 100000000
374562 9216 8 100000000
218883 9216 8 100000000
481486 9216 8 100000000
313175 9216 8 100000000
309541 9216 8 100000000
490736 9216 8 100000000
423460 9216 8 100000000
359145 9216 8 100000000
330873 9216 8 100000000
231973 9216 8 100000000
326140 9216 8 100000000
236510 9216 8 100000000
381574 9216 8 100000000
298153 9216 8 100000000
331404 9216 8 100000000
259417 9216 8 100000000
390346 9216 8 100000000
504855 9216 8 100000000
458579 9216 8 100000000
278780 9216 8 100000000
248560 9216 8 100000000
287444 9216 8 100000000
518442 9216 8 100000000
498651 9216 8 100000000
446155 9216 8 100000000
346886 9216 8 100000000
223937 9216 8 100000000
248729 9216 8 100000000
397409 9216 8 100000000
512349 9216 8 100000000
342690 9216 8 100000000
311178 9216 8 100000000
291903 9216 8 100000000
290328 9216 8 100000000
277398 9216 8 100000000
420632 9216 8 100000000
343729 9216 8 100000000
328704 9216 8 100000000
286188 9216 8 100000000
296057 9216 8 100000000
271353 9216 8 100000000
252959 9216 8 100000000
303907 9216 8 100000000
291014 9216 8 100000000
375080 9216 8 100000000
242540 9216 8 100000000
234269 9216 8 100000000
507586 9216 8 100000000
250282 9216 8 100000000
449624 9216 8 100000000
291218 9216 8 100000000
260301 9216 8 100000000
252159 9216 8 100000000
236588 9216 8 100000000
402759 9216 8 100000000
309922 9216 8 100000000
277534 9216 8 100000000
462763 9216 8 100000000
298817 9216 8 100000000
269358 9216 8 100000000
239207 9216 8 100000000
327667 9216 8 100000000
282367 9216 8 100000000
207884 9216 8 100000000
221296 9216 8 100000000
282936 9216 8 100000000
234240 9216 8 100000000
266252 9216 8 100000000
262744 9216 8 100000000
231856 9216 8 100000000
270161 9216 8 100000000
468988 9216 8 100000000
409526 9216 8 100000000
250230 9216 8 100000000
253921 9216 8 100000000
200970 9216 8 100000000
276172 9216 8 100000000
371320 9216 8 100000000
261626 9216 8 100000000
291177 9216 8 100000000
275925 9216 8 100000000
258324 9216 8 100000000
255846 9216 8 100000000
323648 9216 8 100000000
477215 9216 8 100000000
368709 9216 8 100000000
472996 9216 8 100000000
380422 9216 8 100000000
249552 9216 8 100000000
313331 9216 8 100000000
421376 9216 8 100000000
298731 9216 8 100000000
237810 9216 8 100000000
227071 9216 8 100000000
