265470 9216 8 100000000
201594 9216 8 100000000
354804 9216 8 100000000
421933 9216 8 100000000
252992 9216 8 100000000
300338 9216 8 100000000
338831 9216 8 100000000
235414 9216 8 100000000
209567 9216 8 100000000
262595 9216 8 100000000
251143 9216 8 100000000
358885 9216 8 100000000
274679 9216 8 100000000
248917 9216 8 100000000
449697 9216 8 100000000
375881 9216 8 100000000
260824 9216 8 100000000
315572 9216 8 100000000
258693 9216 8 100000000
328853 9216 8 100000000
276241 9216 8 100000000
364860 9216 8 100000000
254232 9216 8 100000000
335658 9216 8 100000000
276089 9216 8 100000000
320352 9216 8 100000000
235328 9216 8 100000000
254648 9216 8 100000000
360460 9216 8 100000000
288802 9216 8 100000000
349733 9216 8 100000000
314356 9216 8 100000000
263727 9216 8 100000000
230829 9216 8 100000000
259814 9216 8 100000000
274667 9216 8 100000000
380852 9216 8 100000000
252408 9216 8 100000000
251288 9216 8 100000000
291342 9216 8 100000000
416047 9216 8 100000000
434196 9216 8 100000000
242626 9216 8 100000000
321793 9216 8 100000000
442573 9216 8 100000000
228128 9216 8 100000000
238135 9216 8 100000000
275901 9216 8 100000000
299112 9216 8 100000000
354632 9216 8 100000000
686132 9216 8 100000000
342707 9216 8 100000000
337136 9216 8 100000000
249165 9216 8 100000000
268581 9216 8 100000000
197981 9216 8 100000000
300969 9216 8 100000000
270642 9216 8 100000000
357057 9216 8 100000000
221449 9216 8 100000000
186382 9216 8 100000000
275570 9216 8 100000000
251793 9216 8 100000000
224577 9216 8 100000000
372053 9216 8 100000000
238006 9216 8 100000000
397235 9216 8 100000000
237491 9216 8 100000000
290611 9216 8 100000000
259999 9216 8 100000000
210766 9216 8 100000000
402812 9216 8 100000000
231779 9216 8 100000000
246394 9216 8 100000000
456569 9216 8 100000000
259799 9216 8 100000000
336318 9216 8 100000000
201789 9216 8 100000000
226467 9216 8 100000000
238461 9216 8 100000000
291939 9216 8 100000000
252501 9216 8 100000000
227352 9216 8 100000000
260200 9216 8 100000000
360930 9216 8 100000000
217705 9216 8 100000000
232123 9216 8 100000000
295016 9216 8 100000000
252969 9216 8 100000000
258216 9216 8 100000000
208049 9216 8 100000000
250335 9216 8 100000000
250103 9216 8 100000000
266525 9216 8 100000000
239563 9216 8 100000000
237381 9216 8 100000000
371589 9216 8 100000000
204320 9216 8 100000000
412327 9216 8 100000000
381176 9216 8 100000000
378471 9216 8 100000000
226890 9216 8 100000000
391023 9216 8 100000000
187912 9216 8 100000000
382154 9216 8 100000000
265204 9216 8 100000000
279703 9216 8 100000000
275731 9216 8 100000000
279567 9216 8 100000000
255947 9216 8 100000000
212354 9216 8 100000000
207464 9216 8 100000000
232639 9216 8 100000000
385613 9216 8 100000000
232346 9216 8 100000000
322599 9216 8 100000000
250206 9216 8 100000000
220790 9216 8 100000000
245708 9216 8 100000000
408149 9216 8 100000000
236060 9216 8 100000000
236277 9216 8 100000000
260824 9216 8 100000000
270164 9216 8 100000000
244274 9216 8 100000000
326797 9216 8 100000000
250543 9216 8 100000000
360881 9216 8 100000000
234595 9216 8 100000000
255507 9216 8 100000000
242303 9216 8 100000000
231762 9216 8 100000000
237376 9216 8 100000000
353182 9216 8 100000000
255439 9216 8 100000000
285239 9216 8 100000000
227057 9216 8 100000000
330130 9216 8 100000000
488081 9216 8 100000000
347104 9216 8 100000000
245457 9216 8 100000000
319265 9216 8 100000000
290581 9216 8 100000000
451127 9216 8 100000000
474135 9216 8 100000000
321954 9216 8 100000000
315245 9216 8 100000000
238865 9216 8 100000000
389937 9216 8 100000000
230921 9216 8 100000000
383996 9216 8 100000000
247940 9216 8 100000000
325498 9216 8 100000000
379431 9216 8 100000000
379154 9216 8 100000000
339973 9216 8 100000000
246632 9216 8 100000000
350466 9216 8 100000000
375883 9216 8 100000000
284519 9216 8 100000000
390470 9216 8 100000000
267525 9216 8 100000000
315633 9216 8 100000000
297275 9216 8 100000000
271451 9216 8 100000000
265756 9216 8 100000000
320165 9216 8 100000000
288266 9216 8 100000000
269237 9216 8 100000000
233317 9216 8 100000000
481870 9216 8 100000000
316209 9216 8 100000000
427176 9216 8 100000000
384670 9216 8 100000000
272155 9216 8 100000000
237256 9216 8 100000000
402450 9216 8 100000000
245019 9216 8 100000000
386450 9216 8 100000000
342523 9216 8 100000000
345310 9216 8 100000000
284870 9216 8 100000000
248405 9216 8 100000000
311385 9216 8 100000000
535372 9216 8 100000000
353618 9216 8 100000000
277223 9216 8 100000000
346958 9216 8 100000000
376094 9216 8 100000000
360287 9216 8 100000000
416159 9216 8 100000000
247533 9216 8 100000000
314444 9216 8 100000000
448280 9216 8 100000000
252741 9216 8 100000000
247043 9216 8 100000000
383355 9216 8 100000000
404589 9216 8 100000000
220883 9216 8 100000000
255955 9216 8 100000000
264559 9216 8 100000000
264770 9216 8 100000000
485721 9216 8 100000000
346674 9216 8 100000000
435600 9216 8 100000000
273230 9216 8 100000000
245896 9216 8 100000000
192941 9216 8 100000000
420049 9216 8 100000000
319364 9216 8 100000000
286690 9216 8 100000000
282910 9216 8 100000000
189767 9216 8 100000000
320485 9216 8 100000000
411410 9216 8 100000000
495670 9216 8 100000000
278480 9216 8 100000000
346490 9216 8 100000000
236949 9216 8 100000000
243125 9216 8 100000000
273343 9216 8 100000000
446002 9216 8 100000000
301948 9216 8 100000000
341442 9216 8 100000000
252781 9216 8 100000000
253213 9216 8 100000000
201437 9216 8 100000000
326744 9216 8 100000000
271245 9216 8 100000000
316132 9216 8 100000000
303944 9216 8 100000000
318517 9216 8 100000000
391313 9216 8 100000000
335968 9216 8 100000000
274452 9216 8 100000000
227241 9216 8 100000000
311803 9216 8 100000000
402620 9216 8 100000000
291507 9216 8 100000000
432686 9216 8 100000000
246936 9216 8 100000000
234851 9216 8 100000000
230622 9216 8 100000000
314307 9216 8 100000000
216004 9216 8 100000000
244905 9216 8 100000000
283387 9216 8 100000000
217040 9216 8 100000000
201005 9216 8 100000000
350747 9216 8 100000000
