504309 10368 8 1000000000
380664 10368 8 1000000000
416656 10368 8 1000000000
398292 10368 8 1000000000
185160 10368 8 1000000000
206388 10368 8 1000000000
675103 10368 8 1000000000
246138 10368 8 1000000000
247244 10368 8 1000000000
244554 10368 8 1000000000
365304 10368 8 1000000000
395325 10368 8 1000000000
348705 10368 8 1000000000
246812 10368 8 1000000000
244953 10368 8 1000000000
316724 10368 8 1000000000
220139 10368 8 1000000000
209890 10368 8 1000000000
199673 10368 8 1000000000
260794 10368 8 1000000000
188768 10368 8 1000000000
349488 10368 8 1000000000
434352 10368 8 1000000000
359300 10368 8 1000000000
344144 10368 8 1000000000
272820 10368 8 1000000000
214802 10368 8 1000000000
232354 10368 8 1000000000
213808 10368 8 1000000000
275343 10368 8 1000000000
266231 10368 8 1000000000
366499 10368 8 1000000000
428431 10368 8 1000000000
241176 10368 8 1000000000
226184 10368 8 1000000000
250985 10368 8 1000000000
267134 10368 8 1000000000
228424 10368 8 1000000000
575952 10368 8 1000000000
243338 10368 8 1000000000
267484 10368 8 1000000000
289863 10368 8 1000000000
279680 10368 8 1000000000
395272 10368 8 1000000000
224682 10368 8 1000000000
396870 10368 8 1000000000
364959 10368 8 1000000000
268859 10368 8 1000000000
365457 10368 8 1000000000
234479 10368 8 1000000000
245486 10368 8 1000000000
475414 10368 8 1000000000
235166 10368 8 1000000000
256815 10368 8 1000000000
276638 10368 8 1000000000
450430 10368 8 1000000000
276021 10368 8 1000000000
329691 10368 8 1000000000
385399 10368 8 1000000000
340796 10368 8 1000000000
399182 10368 8 1000000000
262604 10368 8 1000000000
288488 10368 8 1000000000
213689 10368 8 1000000000
454399 10368 8 1000000000
243415 10368 8 1000000000
330452 10368 8 1000000000
343671 10368 8 1000000000
198438 10368 8 1000000000
347681 10368 8 1000000000
301742 10368 8 1000000000
274457 10368 8 1000000000
276957 10368 8 1000000000
326549 10368 8 1000000000
319962 10368 8 1000000000
269367 10368 8 1000000000
260701 10368 8 1000000000
271530 10368 8 1000000000
372810 10368 8 1000000000
243491 10368 8 1000000000
271973 10368 8 1000000000
473434 10368 8 1000000000
396186 10368 8 1000000000
251823 10368 8 1000000000
322197 10368 8 1000000000
245832 10368 8 1000000000
360718 10368 8 1000000000
270684 10368 8 1000000000
241086 10368 8 1000000000
264298 10368 8 1000000000
277754 10368 8 1000000000
319967 10368 8 1000000000
297034 10368 8 1000000000
288690 10368 8 1000000000
296562 10368 8 1000000000
371880 10368 8 1000000000
422065 10368 8 1000000000
351314 10368 8 1000000000
223128 10368 8 1000000000
277650 10368 8 1000000000
268577 10368 8 1000000000
260533 10368 8 1000000000
338804 10368 8 1000000000
419718 10368 8 1000000000
256071 10368 8 1000000000
257314 10368 8 1000000000
413493 10368 8 1000000000
479687 10368 8 1000000000
280979 10368 8 1000000000
197168 10368 8 1000000000
463663 10368 8 1000000000
268813 10368 8 1000000000
281996 10368 8 1000000000
212701 10368 8 1000000000
271609 10368 8 1000000000
356106 10368 8 1000000000
230157 10368 8 1000000000
221410 10368 8 1000000000
266653 10368 8 1000000000
236870 10368 8 1000000000
437767 10368 8 1000000000
218410 10368 8 1000000000
286148 10368 8 1000000000
239489 10368 8 1000000000
287046 10368 8 1000000000
359935 10368 8 1000000000
287620 10368 8 1000000000
247856 10368 8 1000000000
280461 10368 8 1000000000
236353 10368 8 1000000000
445567 10368 8 1000000000
288374 10368 8 1000000000
358399 10368 8 1000000000
261576 10368 8 1000000000
278489 10368 8 1000000000
435556 10368 8 1000000000
303449 10368 8 1000000000
279303 10368 8 1000000000
275863 10368 8 1000000000
268972 10368 8 1000000000
216915 10368 8 1000000000
268658 10368 8 1000000000
262793 10368 8 1000000000
268572 10368 8 1000000000
218279 10368 8 1000000000
479320 10368 8 1000000000
264445 10368 8 1000000000
337159 10368 8 1000000000
224950 10368 8 1000000000
255960 10368 8 1000000000
287310 10368 8 1000000000
258385 10368 8 1000000000
209228 10368 8 1000000000
254082 10368 8 1000000000
252554 10368 8 1000000000
191658 10368 8 1000000000
290875 10368 8 1000000000
289036 10368 8 1000000000
273345 10368 8 1000000000
303477 10368 8 1000000000
414584 10368 8 1000000000
233168 10368 8 1000000000
223738 10368 8 1000000000
255823 10368 8 1000000000
230002 10368 8 1000000000
203537 10368 8 1000000000
216777 10368 8 1000000000
198220 10368 8 1000000000
405476 10368 8 1000000000
245467 10368 8 1000000000
239438 10368 8 1000000000
292223 10368 8 1000000000
425971 10368 8 1000000000
223703 10368 8 1000000000
357646 10368 8 1000000000
345017 10368 8 1000000000
244505 10368 8 1000000000
245691 10368 8 1000000000
476615 10368 8 1000000000
275184 10368 8 1000000000
257706 10368 8 1000000000
209310 10368 8 1000000000
371226 10368 8 1000000000
278561 10368 8 1000000000
255755 10368 8 1000000000
285430 10368 8 1000000000
251271 10368 8 1000000000
276079 10368 8 1000000000
236663 10368 8 1000000000
380486 10368 8 1000000000
369371 10368 8 1000000000
290069 10368 8 1000000000
258776 10368 8 1000000000
248190 10368 8 1000000000
324432 10368 8 1000000000
385575 10368 8 1000000000
312866 10368 8 1000000000
368014 10368 8 1000000000
263768 10368 8 1000000000
271330 10368 8 1000000000
342321 10368 8 1000000000
328980 10368 8 1000000000
406718 10368 8 1000000000
247759 10368 8 1000000000
388871 10368 8 1000000000
233070 10368 8 1000000000
251240 10368 8 1000000000
430379 10368 8 1000000000
331652 10368 8 1000000000
414452 10368 8 1000000000
250869 10368 8 1000000000
327850 10368 8 1000000000
271644 10368 8 1000000000
215375 10368 8 1000000000
254695 10368 8 1000000000
237828 10368 8 1000000000
243308 10368 8 1000000000
225308 10368 8 1000000000
279137 10368 8 1000000000
442916 10368 8 1000000000
221073 10368 8 1000000000
357721 10368 8 1000000000
221465 10368 8 1000000000
464458 10368 8 1000000000
261315 10368 8 1000000000
242567 10368 8 1000000000
227322 10368 8 1000000000
245822 10368 8 1000000000
364944 10368 8 1000000000
271600 10368 8 1000000000
280730 10368 8 1000000000
236102 10368 8 1000000000
403285 10368 8 1000000000
364763 10368 8 1000000000
273954 10368 8 1000000000
252985 10368 8 1000000000
253725 10368 8 1000000000
349754 10368 8 1000000000
287173 10368 8 1000000000
252039 10368 8 1000000000
168050 10368 8 1000000000
253778 10368 8 1000000000
407548 10368 8 1000000000
260187 10368 8 1000000000
341468 10368 8 1000000000
340102 10368 8 1000000000
323036 10368 8 1000000000
409192 10368 8 1000000000
318254 10368 8 1000000000
273512 10368 8 1000000000
