307301 10368 8 1000000000
356492 10368 8 1000000000
333398 10368 8 1000000000
543171 10368 8 1000000000
261905 10368 8 1000000000
207826 10368 8 1000000000
368563 10368 8 1000000000
464328 10368 8 1000000000
250873 10368 8 1000000000
224687 10368 8 1000000000
223633 10368 8 1000000000
262360 10368 8 1000000000
306822 10368 8 1000000000
403149 10368 8 1000000000
268923 10368 8 1000000000
243189 10368 8 1000000000
232479 10368 8 1000000000
370057 10368 8 1000000000
236525 10368 8 1000000000
316849 10368 8 1000000000
286300 10368 8 1000000000
294706 10368 8 1000000000
263193 10368 8 1000000000
235921 10368 8 1000000000
233859 10368 8 1000000000
385731 10368 8 1000000000
230436 10368 8 1000000000
351384 10368 8 1000000000
213839 10368 8 1000000000
261420 10368 8 1000000000
234175 10368 8 1000000000
247275 10368 8 1000000000
252476 10368 8 1000000000
276982 10368 8 1000000000
305041 10368 8 1000000000
537591 10368 8 1000000000
312819 10368 8 1000000000
348100 10368 8 1000000000
274347 10368 8 1000000000
250147 10368 8 1000000000
370070 10368 8 1000000000
277460 10368 8 1000000000
258653 10368 8 1000000000
276827 10368 8 1000000000
265749 10368 8 1000000000
266737 10368 8 1000000000
396360 10368 8 1000000000
267786 10368 8 1000000000
210478 10368 8 1000000000
250670 10368 8 1000000000
254920 10368 8 1000000000
225103 10368 8 1000000000
297108 10368 8 1000000000
242795 10368 8 1000000000
208396 10368 8 1000000000
289940 10368 8 1000000000
359885 10368 8 1000000000
234491 10368 8 1000000000
269122 10368 8 1000000000
297515 10368 8 1000000000
213374 10368 8 1000000000
285827 10368 8 1000000000
386082 10368 8 1000000000
340166 10368 8 1000000000
245860 10368 8 1000000000
277134 10368 8 1000000000
290765 10368 8 1000000000
374409 10368 8 1000000000
253329 10368 8 1000000000
329850 10368 8 1000000000
282679 10368 8 1000000000
238680 10368 8 1000000000
300118 10368 8 1000000000
257600 10368 8 1000000000
240048 10368 8 1000000000
354431 10368 8 1000000000
275759 10368 8 1000000000
287137 10368 8 1000000000
389679 10368 8 1000000000
307408 10368 8 1000000000
357478 10368 8 1000000000
250454 10368 8 1000000000
373841 10368 8 1000000000
247250 10368 8 1000000000
267883 10368 8 1000000000
279061 10368 8 1000000000
293057 10368 8 1000000000
261006 10368 8 1000000000
277315 10368 8 1000000000
283214 10368 8 1000000000
477240 10368 8 1000000000
209720 10368 8 1000000000
411029 10368 8 1000000000
310159 10368 8 1000000000
344392 10368 8 1000000000
253825 10368 8 1000000000
238220 10368 8 1000000000
417749 10368 8 1000000000
399470 10368 8 1000000000
335751 10368 8 1000000000
190752 10368 8 1000000000
279848 10368 8 1000000000
298653 10368 8 1000000000
439237 10368 8 1000000000
343235 10368 8 1000000000
400095 10368 8 1000000000
420581 10368 8 1000000000
221337 10368 8 1000000000
382931 10368 8 1000000000
453056 10368 8 1000000000
493113 10368 8 1000000000
258837 10368 8 1000000000
299077 10368 8 1000000000
258982 10368 8 1000000000
231618 10368 8 1000000000
372843 10368 8 1000000000
258677 10368 8 1000000000
230972 10368 8 1000000000
484222 10368 8 1000000000
244642 10368 8 1000000000
224766 10368 8 1000000000
227081 10368 8 1000000000
263997 10368 8 1000000000
479150 10368 8 1000000000
330637 10368 8 1000000000
289536 10368 8 1000000000
272825 10368 8 1000000000
307687 10368 8 1000000000
367025 10368 8 1000000000
226584 10368 8 1000000000
321778 10368 8 1000000000
219689 10368 8 1000000000
332448 10368 8 1000000000
305154 10368 8 1000000000
413613 10368 8 1000000000
355013 10368 8 1000000000
377542 10368 8 1000000000
240716 10368 8 1000000000
276201 10368 8 1000000000
224766 10368 8 1000000000
261862 10368 8 1000000000
383492 10368 8 1000000000
310784 10368 8 1000000000
290233 10368 8 1000000000
232928 10368 8 1000000000
389476 10368 8 1000000000
259028 10368 8 1000000000
476802 10368 8 1000000000
253026 10368 8 1000000000
207797 10368 8 1000000000
372521 10368 8 1000000000
466956 10368 8 1000000000
358662 10368 8 1000000000
194815 10368 8 1000000000
306690 10368 8 1000000000
259520 10368 8 1000000000
296356 10368 8 1000000000
398140 10368 8 1000000000
237078 10368 8 1000000000
208423 10368 8 1000000000
258059 10368 8 1000000000
276657 10368 8 1000000000
233361 10368 8 1000000000
206824 10368 8 1000000000
335804 10368 8 1000000000
370040 10368 8 1000000000
272101 10368 8 1000000000
395845 10368 8 1000000000
264301 10368 8 1000000000
339446 10368 8 1000000000
225030 10368 8 1000000000
247516 10368 8 1000000000
440441 10368 8 1000000000
263360 10368 8 1000000000
269251 10368 8 1000000000
403378 10368 8 1000000000
414740 10368 8 1000000000
330238 10368 8 1000000000
295784 10368 8 1000000000
373306 10368 8 1000000000
304337 10368 8 1000000000
248945 10368 8 1000000000
361387 10368 8 1000000000
275019 10368 8 1000000000
254494 10368 8 1000000000
295156 10368 8 1000000000
250834 10368 8 1000000000
211457 10368 8 1000000000
295410 10368 8 1000000000
242391 10368 8 1000000000
262571 10368 8 1000000000
258192 10368 8 1000000000
350423 10368 8 1000000000
320101 10368 8 1000000000
242128 10368 8 1000000000
250922 10368 8 1000000000
348964 10368 8 1000000000
363749 10368 8 1000000000
262022 10368 8 1000000000
231439 10368 8 1000000000
336264 10368 8 1000000000
214547 10368 8 1000000000
268505 10368 8 1000000000
251394 10368 8 1000000000
366830 10368 8 1000000000
224277 10368 8 1000000000
216476 10368 8 1000000000
236036 10368 8 1000000000
278259 10368 8 1000000000
239945 10368 8 1000000000
282476 10368 8 1000000000
327051 10368 8 1000000000
457562 10368 8 1000000000
269266 10368 8 1000000000
253877 10368 8 1000000000
250523 10368 8 1000000000
402974 10368 8 1000000000
273016 10368 8 1000000000
355828 10368 8 1000000000
211770 10368 8 1000000000
229958 10368 8 1000000000
313794 10368 8 1000000000
252301 10368 8 1000000000
450009 10368 8 1000000000
240875 10368 8 1000000000
327108 10368 8 1000000000
443971 10368 8 1000000000
420943 10368 8 1000000000
226120 10368 8 1000000000
333036 10368 8 1000000000
322290 10368 8 1000000000
317048 10368 8 1000000000
267343 10368 8 1000000000
315482 10368 8 1000000000
294100 10368 8 1000000000
252617 10368 8 1000000000
370290 10368 8 1000000000
375771 10368 8 1000000000
256974 10368 8 1000000000
218368 10368 8 1000000000
271096 10368 8 1000000000
270482 10368 8 1000000000
216765 10368 8 1000000000
268279 10368 8 1000000000
236825 10368 8 1000000000
250573 10368 8 1000000000
265458 10368 8 1000000000
236115 10368 8 1000000000
252318 10368 8 1000000000
232121 10368 8 1000000000
