576147 10368 8 1000000000
229125 10368 8 1000000000
377257 10368 8 1000000000
230375 10368 8 1000000000
458764 10368 8 1000000000
356924 10368 8 1000000000
303891 10368 8 1000000000
241185 10368 8 1000000000
409605 10368 8 1000000000
403758 10368 8 1000000000
381446 10368 8 1000000000
266364 10368 8 1000000000
446539 10368 8 1000000000
322429 10368 8 1000000000
278377 10368 8 1000000000
379709 10368 8 1000000000
304490 10368 8 1000000000
252056 10368 8 1000000000
251739 10368 8 1000000000
381968 10368 8 1000000000
459866 10368 8 1000000000
221972 10368 8 1000000000
243606 10368 8 1000000000
311221 10368 8 1000000000
347163 10368 8 1000000000
233722 10368 8 1000000000
244702 10368 8 1000000000
363157 10368 8 1000000000
520007 10368 8 1000000000
320728 10368 8 1000000000
242766 10368 8 1000000000
397074 10368 8 1000000000
363384 10368 8 1000000000
398925 10368 8 1000000000
245298 10368 8 1000000000
408590 10368 8 1000000000
402425 10368 8 1000000000
324153 10368 8 1000000000
225980 10368 8 1000000000
261355 10368 8 1000000000
296367 10368 8 1000000000
259440 10368 8 1000000000
241628 10368 8 1000000000
267874 10368 8 1000000000
293133 10368 8 1000000000
284355 10368 8 1000000000
246921 10368 8 1000000000
426321 10368 8 1000000000
313615 10368 8 1000000000
207743 10368 8 1000000000
247674 10368 8 1000000000
372544 10368 8 1000000000
235181 10368 8 1000000000
250551 10368 8 1000000000
202990 10368 8 1000000000
264456 10368 8 1000000000
499582 10368 8 1000000000
433947 10368 8 1000000000
302666 10368 8 1000000000
242243 10368 8 1000000000
270791 10368 8 1000000000
360149 10368 8 1000000000
293082 10368 8 1000000000
237236 10368 8 1000000000
284797 10368 8 1000000000
246090 10368 8 1000000000
349048 10368 8 1000000000
241689 10368 8 1000000000
370854 10368 8 1000000000
257084 10368 8 1000000000
391121 10368 8 1000000000
456502 10368 8 1000000000
341394 10368 8 1000000000
235022 10368 8 1000000000
295967 10368 8 1000000000
267790 10368 8 1000000000
290831 10368 8 1000000000
428512 10368 8 1000000000
396769 10368 8 1000000000
392504 10368 8 1000000000
323291 10368 8 1000000000
307714 10368 8 1000000000
288317 10368 8 1000000000
424234 10368 8 1000000000
256225 10368 8 1000000000
241874 10368 8 1000000000
203013 10368 8 1000000000
249834 10368 8 1000000000
266888 10368 8 1000000000
360691 10368 8 1000000000
260129 10368 8 1000000000
261886 10368 8 1000000000
241243 10368 8 1000000000
249847 10368 8 1000000000
217928 10368 8 1000000000
367590 10368 8 1000000000
248708 10368 8 1000000000
257469 10368 8 1000000000
298564 10368 8 1000000000
348538 10368 8 1000000000
418542 10368 8 1000000000
389925 10368 8 1000000000
274747 10368 8 1000000000
367533 10368 8 1000000000
253102 10368 8 1000000000
397727 10368 8 1000000000
309011 10368 8 1000000000
286950 10368 8 1000000000
279750 10368 8 1000000000
245200 10368 8 1000000000
263603 10368 8 1000000000
322807 10368 8 1000000000
283258 10368 8 1000000000
271823 10368 8 1000000000
237618 10368 8 1000000000
440835 10368 8 1000000000
237735 10368 8 1000000000
215362 10368 8 1000000000
362323 10368 8 1000000000
237013 10368 8 1000000000
391948 10368 8 1000000000
329086 10368 8 1000000000
253571 10368 8 1000000000
283990 10368 8 1000000000
526382 10368 8 1000000000
228821 10368 8 1000000000
277331 10368 8 1000000000
227742 10368 8 1000000000
204226 10368 8 1000000000
453158 10368 8 1000000000
240501 10368 8 1000000000
253857 10368 8 1000000000
232902 10368 8 1000000000
285045 10368 8 1000000000
264488 10368 8 1000000000
289977 10368 8 1000000000
304088 10368 8 1000000000
280279 10368 8 1000000000
345275 10368 8 1000000000
326032 10368 8 1000000000
227172 10368 8 1000000000
259410 10368 8 1000000000
266309 10368 8 1000000000
392633 10368 8 1000000000
276481 10368 8 1000000000
256301 10368 8 1000000000
378164 10368 8 1000000000
213635 10368 8 1000000000
223335 10368 8 1000000000
307868 10368 8 1000000000
423102 10368 8 1000000000
233178 10368 8 1000000000
399742 10368 8 1000000000
250048 10368 8 1000000000
232901 10368 8 1000000000
462012 10368 8 1000000000
348580 10368 8 1000000000
369598 10368 8 1000000000
209671 10368 8 1000000000
406158 10368 8 1000000000
422886 10368 8 1000000000
261819 10368 8 1000000000
224921 10368 8 1000000000
244679 10368 8 1000000000
257677 10368 8 1000000000
380214 10368 8 1000000000
253819 10368 8 1000000000
253398 10368 8 1000000000
248763 10368 8 1000000000
394190 10368 8 1000000000
372716 10368 8 1000000000
433746 10368 8 1000000000
322150 10368 8 1000000000
281278 10368 8 1000000000
310049 10368 8 1000000000
245406 10368 8 1000000000
313298 10368 8 1000000000
236554 10368 8 1000000000
519070 10368 8 1000000000
410684 10368 8 1000000000
293429 10368 8 1000000000
262595 10368 8 1000000000
264129 10368 8 1000000000
340131 10368 8 1000000000
173868 10368 8 1000000000
261094 10368 8 1000000000
339272 10368 8 1000000000
264704 10368 8 1000000000
361193 10368 8 1000000000
234073 10368 8 1000000000
247760 10368 8 1000000000
276476 10368 8 1000000000
271147 10368 8 1000000000
453767 10368 8 1000000000
272985 10368 8 1000000000
313134 10368 8 1000000000
260828 10368 8 1000000000
411809 10368 8 1000000000
298201 10368 8 1000000000
368259 10368 8 1000000000
350470 10368 8 1000000000
454585 10368 8 1000000000
263085 10368 8 1000000000
414963 10368 8 1000000000
494226 10368 8 1000000000
231916 10368 8 1000000000
247090 10368 8 1000000000
291119 10368 8 1000000000
235022 10368 8 1000000000
352344 10368 8 1000000000
230305 10368 8 1000000000
283074 10368 8 1000000000
213781 10368 8 1000000000
335238 10368 8 1000000000
328057 10368 8 1000000000
260746 10368 8 1000000000
245910 10368 8 1000000000
247384 10368 8 1000000000
267377 10368 8 1000000000
251086 10368 8 1000000000
275111 10368 8 1000000000
290703 10368 8 1000000000
211318 10368 8 1000000000
255026 10368 8 1000000000
350358 10368 8 1000000000
244999 10368 8 1000000000
295758 10368 8 1000000000
245626 10368 8 1000000000
259540 10368 8 1000000000
285949 10368 8 1000000000
342057 10368 8 1000000000
371990 10368 8 1000000000
216131 10368 8 1000000000
230471 10368 8 1000000000
371915 10368 8 1000000000
233076 10368 8 1000000000
267266 10368 8 1000000000
247719 10368 8 1000000000
329624 10368 8 1000000000
358717 10368 8 1000000000
266543 10368 8 1000000000
241009 10368 8 1000000000
338593 10368 8 1000000000
223775 10368 8 1000000000
139749 10368 8 1000000000
254671 10368 8 1000000000
285605 10368 8 1000000000
245984 10368 8 1000000000
182259 10368 8 1000000000
200301 10368 8 1000000000
