226582 10368 8 1000000000
269240 10368 8 1000000000
222168 10368 8 1000000000
470041 10368 8 1000000000
469426 10368 8 1000000000
407449 10368 8 1000000000
253455 10368 8 1000000000
285730 10368 8 1000000000
263945 10368 8 1000000000
318888 10368 8 1000000000
256648 10368 8 1000000000
244694 10368 8 1000000000
255095 10368 8 1000000000
282156 10368 8 1000000000
252379 10368 8 1000000000
245663 10368 8 1000000000
355860 10368 8 1000000000
409304 10368 8 1000000000
274052 10368 8 1000000000
239411 10368 8 1000000000
426345 10368 8 1000000000
293291 10368 8 1000000000
235268 10368 8 1000000000
210652 10368 8 1000000000
265417 10368 8 1000000000
272700 10368 8 1000000000
337852 10368 8 1000000000
299550 10368 8 1000000000
597528 10368 8 1000000000
238005 10368 8 1000000000
409118 10368 8 1000000000
243422 10368 8 1000000000
352921 10368 8 1000000000
317586 10368 8 1000000000
247534 10368 8 1000000000
503861 10368 8 1000000000
332436 10368 8 1000000000
230355 10368 8 1000000000
402661 10368 8 1000000000
394113 10368 8 1000000000
220872 10368 8 1000000000
239046 10368 8 1000000000
212731 10368 8 1000000000
324166 10368 8 1000000000
308935 10368 8 1000000000
190173 10368 8 1000000000
251088 10368 8 1000000000
369628 10368 8 1000000000
247592 10368 8 1000000000
244491 10368 8 1000000000
278811 10368 8 1000000000
252522 10368 8 1000000000
201631 10368 8 1000000000
279452 10368 8 1000000000
295026 10368 8 1000000000
256898 10368 8 1000000000
370894 10368 8 1000000000
240734 10368 8 1000000000
284555 10368 8 1000000000
289596 10368 8 1000000000
278003 10368 8 1000000000
238256 10368 8 1000000000
286965 10368 8 1000000000
220187 10368 8 1000000000
216904 10368 8 1000000000
301079 10368 8 1000000000
296376 10368 8 1000000000
407865 10368 8 1000000000
271497 10368 8 1000000000
281814 10368 8 1000000000
236939 10368 8 1000000000
507919 10368 8 1000000000
240474 10368 8 1000000000
465758 10368 8 1000000000
243412 10368 8 1000000000
261054 10368 8 1000000000
330313 10368 8 1000000000
206320 10368 8 1000000000
257302 10368 8 1000000000
249211 10368 8 1000000000
463388 10368 8 1000000000
394475 10368 8 1000000000
300638 10368 8 1000000000
394059 10368 8 1000000000
417546 10368 8 1000000000
272913 10368 8 1000000000
275204 10368 8 1000000000
264561 10368 8 1000000000
214935 10368 8 1000000000
264294 10368 8 1000000000
281698 10368 8 1000000000
243667 10368 8 1000000000
295557 10368 8 1000000000
246879 10368 8 1000000000
226666 10368 8 1000000000
243992 10368 8 1000000000
288488 10368 8 1000000000
272444 10368 8 1000000000
236965 10368 8 1000000000
236440 10368 8 1000000000
276082 10368 8 1000000000
274808 10368 8 1000000000
235803 10368 8 1000000000
327672 10368 8 1000000000
272728 10368 8 1000000000
260032 10368 8 1000000000
466437 10368 8 1000000000
277194 10368 8 1000000000
324234 10368 8 1000000000
271684 10368 8 1000000000
264890 10368 8 1000000000
193150 10368 8 1000000000
254699 10368 8 1000000000
267826 10368 8 1000000000
228060 10368 8 1000000000
261099 10368 8 1000000000
162582 10368 8 1000000000
398899 10368 8 1000000000
251169 10368 8 1000000000
369219 10368 8 1000000000
241982 10368 8 1000000000
231743 10368 8 1000000000
217179 10368 8 1000000000
261075 10368 8 1000000000
299881 10368 8 1000000000
249139 10368 8 1000000000
193717 10368 8 1000000000
238821 10368 8 1000000000
247862 10368 8 1000000000
198702 10368 8 1000000000
269795 10368 8 1000000000
248773 10368 8 1000000000
253563 10368 8 1000000000
272257 10368 8 1000000000
249336 10368 8 1000000000
377925 10368 8 1000000000
385381 10368 8 1000000000
366647 10368 8 1000000000
347269 10368 8 1000000000
243301 10368 8 1000000000
375655 10368 8 1000000000
413347 10368 8 1000000000
437180 10368 8 1000000000
233454 10368 8 1000000000
243881 10368 8 1000000000
239627 10368 8 1000000000
296053 10368 8 1000000000
460759 10368 8 1000000000
232460 10368 8 1000000000
452534 10368 8 1000000000
278343 10368 8 1000000000
403267 10368 8 1000000000
219183 10368 8 1000000000
244897 10368 8 1000000000
243893 10368 8 1000000000
278499 10368 8 1000000000
285865 10368 8 1000000000
316711 10368 8 1000000000
260680 10368 8 1000000000
372016 10368 8 1000000000
281525 10368 8 1000000000
244155 10368 8 1000000000
398032 10368 8 1000000000
356196 10368 8 1000000000
397701 10368 8 1000000000
270479 10368 8 1000000000
245174 10368 8 1000000000
284778 10368 8 1000000000
359076 10368 8 1000000000
380547 10368 8 1000000000
273937 10368 8 1000000000
243607 10368 8 1000000000
374148 10368 8 1000000000
262835 10368 8 1000000000
216692 10368 8 1000000000
290870 10368 8 1000000000
448925 10368 8 1000000000
403678 10368 8 1000000000
413699 10368 8 1000000000
280011 10368 8 1000000000
272659 10368 8 1000000000
469054 10368 8 1000000000
253330 10368 8 1000000000
221309 10368 8 1000000000
343358 10368 8 1000000000
251456 10368 8 1000000000
331455 10368 8 1000000000
325286 10368 8 1000000000
411997 10368 8 1000000000
310133 10368 8 1000000000
262626 10368 8 1000000000
458315 10368 8 1000000000
204856 10368 8 1000000000
244800 10368 8 1000000000
263951 10368 8 1000000000
272554 10368 8 1000000000
231954 10368 8 1000000000
215293 10368 8 1000000000
265434 10368 8 1000000000
315137 10368 8 1000000000
259591 10368 8 1000000000
271044 10368 8 1000000000
268260 10368 8 1000000000
263653 10368 8 1000000000
423132 10368 8 1000000000
363897 10368 8 1000000000
252560 10368 8 1000000000
259641 10368 8 1000000000
349658 10368 8 1000000000
367575 10368 8 1000000000
268220 10368 8 1000000000
281839 10368 8 1000000000
389665 10368 8 1000000000
241097 10368 8 1000000000
207870 10368 8 1000000000
238763 10368 8 1000000000
375433 10368 8 1000000000
364027 10368 8 1000000000
373509 10368 8 1000000000
233801 10368 8 1000000000
238098 10368 8 1000000000
256906 10368 8 1000000000
259030 10368 8 1000000000
331163 10368 8 1000000000
268871 10368 8 1000000000
385664 10368 8 1000000000
281654 10368 8 1000000000
230717 10368 8 1000000000
399740 10368 8 1000000000
329555 10368 8 1000000000
275288 10368 8 1000000000
283625 10368 8 1000000000
243598 10368 8 1000000000
247278 10368 8 1000000000
258126 10368 8 1000000000
349307 10368 8 1000000000
230181 10368 8 1000000000
212939 10368 8 1000000000
227925 10368 8 1000000000
336792 10368 8 1000000000
250732 10368 8 1000000000
351419 10368 8 1000000000
282231 10368 8 1000000000
250385 10368 8 1000000000
305580 10368 8 1000000000
317707 10368 8 1000000000
241225 10368 8 1000000000
238879 10368 8 1000000000
180888 10368 8 1000000000
259649 10368 8 1000000000
