30347 125 1 100000
2986 125 1 100000
3158 125 1 100000
5213 125 1 100000
5195 125 1 100000
2767 125 1 100000
2202 125 1 100000
1904 125 1 100000
1496 125 1 100000
1488 125 1 100000
1606 125 1 100000
1782 125 1 100000
1414 125 1 100000
6842 125 1 100000
1464 125 1 100000
946 125 1 100000
1285 125 1 100000
1073 125 1 100000
703 125 1 100000
1080 125 1 100000
910 125 1 100000
893 125 1 100000
931 125 1 100000
952 125 1 100000
669 125 1 100000
890 125 1 100000
869 125 1 100000
780 125 1 100000
808 125 1 100000
1049 125 1 100000
1197 125 1 100000
1052 125 1 100000
699 125 1 100000
652 125 1 100000
726 125 1 100000
632 125 1 100000
734 125 1 100000
762 125 1 100000
1505 125 1 100000
1040 125 1 100000
588 125 1 100000
596 125 1 100000
780 125 1 100000
628 125 1 100000
682 125 1 100000
819 125 1 100000
650 125 1 100000
721 125 1 100000
747 125 1 100000
662 125 1 100000
636 125 1 100000
936 125 1 100000
665 125 1 100000
4985 125 1 100000
693 125 1 100000
507 125 1 100000
678 125 1 100000
590 125 1 100000
490 125 1 100000
613 125 1 100000
610 125 1 100000
799 125 1 100000
576 125 1 100000
1328 125 1 100000
1329 125 1 100000
1229 125 1 100000
622 125 1 100000
737 125 1 100000
711 125 1 100000
525 125 1 100000
497 125 1 100000
624 125 1 100000
547 125 1 100000
523 125 1 100000
512 125 1 100000
472 125 1 100000
932 125 1 100000
627 125 1 100000
634 125 1 100000
580 125 1 100000
545 125 1 100000
514 125 1 100000
536 125 1 100000
530 125 1 100000
584 125 1 100000
498 125 1 100000
586 125 1 100000
529 125 1 100000
558 125 1 100000
558 125 1 100000
520 125 1 100000
527 125 1 100000
484 125 1 100000
444 125 1 100000
436 125 1 100000
727 125 1 100000
490 125 1 100000
476 125 1 100000
460 125 1 100000
452 125 1 100000
508 125 1 100000
442 125 1 100000
484 125 1 100000
1012 125 1 100000
1237 125 1 100000
941 125 1 100000
685 125 1 100000
700 125 1 100000
820 125 1 100000
755 125 1 100000
718 125 1 100000
859 125 1 100000
1166 125 1 100000
1001 125 1 100000
538 125 1 100000
679 125 1 100000
761 125 1 100000
831 125 1 100000
1011 125 1 100000
863 125 1 100000
1261 125 1 100000
958 125 1 100000
1147 125 1 100000
745 125 1 100000
921 125 1 100000
911 125 1 100000
847 125 1 100000
815 125 1 100000
640 125 1 100000
906 125 1 100000
1153 125 1 100000
728 125 1 100000
1055 125 1 100000
627 125 1 100000
1006 125 1 100000
888 125 1 100000
974 125 1 100000
739 125 1 100000
707 125 1 100000
458 125 1 100000
599 125 1 100000
743 125 1 100000
702 125 1 100000
858 125 1 100000
667 125 1 100000
633 125 1 100000
521 125 1 100000
557 125 1 100000
720 125 1 100000
1940 125 1 100000
349 125 1 100000
458 125 1 100000
338 125 1 100000
458 125 1 100000
409 125 1 100000
401 125 1 100000
412 125 1 100000
402 125 1 100000
395 125 1 100000
394 125 1 100000
497 125 1 100000
420 125 1 100000
418 125 1 100000
395 125 1 100000
432 125 1 100000
405 125 1 100000
393 125 1 100000
431 125 1 100000
410 125 1 100000
345 125 1 100000
412 125 1 100000
444 125 1 100000
424 125 1 100000
491 125 1 100000
701 125 1 100000
543 125 1 100000
496 125 1 100000
340 125 1 100000
403 125 1 100000
411 125 1 100000
389 125 1 100000
404 125 1 100000
317 125 1 100000
431 125 1 100000
370 125 1 100000
388 125 1 100000
364 125 1 100000
404 125 1 100000
355 125 1 100000
304 125 1 100000
418 125 1 100000
418 125 1 100000
307 125 1 100000
354 125 1 100000
310 125 1 100000
398 125 1 100000
302 125 1 100000
355 125 1 100000
301 125 1 100000
511 125 1 100000
522 125 1 100000
547 125 1 100000
387 125 1 100000
380 125 1 100000
383 125 1 100000
401 125 1 100000
383 125 1 100000
310 125 1 100000
382 125 1 100000
380 125 1 100000
310 125 1 100000
763 125 1 100000
785 125 1 100000
806 125 1 100000
457 125 1 100000
428 125 1 100000
374 125 1 100000
379 125 1 100000
398 125 1 100000
307 125 1 100000
389 125 1 100000
378 125 1 100000
372 125 1 100000
381 125 1 100000
319 125 1 100000
393 125 1 100000
414 125 1 100000
382 125 1 100000
417 125 1 100000
369 125 1 100000
390 125 1 100000
425 125 1 100000
389 125 1 100000
352 125 1 100000
384 125 1 100000
442 125 1 100000
469 125 1 100000
305 125 1 100000
388 125 1 100000
367 125 1 100000
319 125 1 100000
311 125 1 100000
431 125 1 100000
325 125 1 100000
302 125 1 100000
387 125 1 100000
386 125 1 100000
483 125 1 100000
563 125 1 100000
705 125 1 100000
