1634863 9800 10 100000
897608 9800 10 100000
1070625 9800 10 100000
1732996 9800 10 100000
1597304 9800 10 100000
1427379 9800 10 100000
1227301 9800 10 100000
1524778 9800 10 100000
1039724 9800 10 100000
2195615 9800 10 100000
1006855 9800 10 100000
1415772 9800 10 100000
1015820 9800 10 100000
1587774 9800 10 100000
1282827 9800 10 100000
1603965 9800 10 100000
1195162 9800 10 100000
1067865 9800 10 100000
1276842 9800 10 100000
1243317 9800 10 100000
1533965 9800 10 100000
1473153 9800 10 100000
1306637 9800 10 100000
1810007 9800 10 100000
1087664 9800 10 100000
1635960 9800 10 100000
1113865 9800 10 100000
1412287 9800 10 100000
1163206 9800 10 100000
1849719 9800 10 100000
1743926 9800 10 100000
1468717 9800 10 100000
1127235 9800 10 100000
1146765 9800 10 100000
1334068 9800 10 100000
1607788 9800 10 100000
1771288 9800 10 100000
1701607 9800 10 100000
1510434 9800 10 100000
1152523 9800 10 100000
1285595 9800 10 100000
1799647 9800 10 100000
977467 9800 10 100000
1222736 9800 10 100000
2409123 9800 10 100000
1338783 9800 10 100000
1425249 9800 10 100000
1251793 9800 10 100000
1223511 9800 10 100000
1185138 9800 10 100000
1247939 9800 10 100000
1328926 9800 10 100000
1606406 9800 10 100000
1482189 9800 10 100000
1388975 9800 10 100000
1638163 9800 10 100000
1384052 9800 10 100000
1336101 9800 10 100000
1432527 9800 10 100000
1275750 9800 10 100000
1625666 9800 10 100000
1251868 9800 10 100000
1999736 9800 10 100000
1406041 9800 10 100000
1769433 9800 10 100000
1648363 9800 10 100000
1256720 9800 10 100000
1020154 9800 10 100000
1044669 9800 10 100000
1396883 9800 10 100000
1502775 9800 10 100000
1709615 9800 10 100000
1327090 9800 10 100000
1502188 9800 10 100000
1534225 9800 10 100000
1521901 9800 10 100000
1275700 9800 10 100000
1473380 9800 10 100000
1642852 9800 10 100000
1088029 9800 10 100000
1117155 9800 10 100000
1141129 9800 10 100000
1800097 9800 10 100000
1190437 9800 10 100000
1187071 9800 10 100000
1056682 9800 10 100000
1316664 9800 10 100000
1302932 9800 10 100000
1401679 9800 10 100000
1140758 9800 10 100000
1330805 9800 10 100000
1154809 9800 10 100000
1123976 9800 10 100000
968216 9800 10 100000
1358244 9800 10 100000
1695469 9800 10 100000
1680477 9800 10 100000
1150695 9800 10 100000
1411165 9800 10 100000
1164117 9800 10 100000
884308 9800 10 100000
1174936 9800 10 100000
1351840 9800 10 100000
1401776 9800 10 100000
1790061 9800 10 100000
1618563 9800 10 100000
2005519 9800 10 100000
1597879 9800 10 100000
1619841 9800 10 100000
1100795 9800 10 100000
1683039 9800 10 100000
1319068 9800 10 100000
1296115 9800 10 100000
1220551 9800 10 100000
999244 9800 10 100000
1333980 9800 10 100000
1182526 9800 10 100000
1260462 9800 10 100000
1476637 9800 10 100000
1383814 9800 10 100000
1572441 9800 10 100000
1972441 9800 10 100000
1278231 9800 10 100000
1157126 9800 10 100000
2050738 9800 10 100000
1585212 9800 10 100000
1294496 9800 10 100000
1501973 9800 10 100000
1060006 9800 10 100000
1446637 9800 10 100000
1089558 9800 10 100000
1142204 9800 10 100000
1202005 9800 10 100000
1072288 9800 10 100000
1035005 9800 10 100000
1430512 9800 10 100000
1436627 9800 10 100000
1414577 9800 10 100000
1072076 9800 10 100000
1582129 9800 10 100000
1251946 9800 10 100000
1153036 9800 10 100000
1136607 9800 10 100000
1477806 9800 10 100000
1269489 9800 10 100000
1184758 9800 10 100000
1451418 9800 10 100000
1057945 9800 10 100000
1256114 9800 10 100000
1293908 9800 10 100000
1323956 9800 10 100000
1311311 9800 10 100000
1223226 9800 10 100000
1351130 9800 10 100000
1015479 9800 10 100000
1469997 9800 10 100000
862255 9800 10 100000
873815 9800 10 100000
1580501 9800 10 100000
1254255 9800 10 100000
2605483 9800 10 100000
1032695 9800 10 100000
1292331 9800 10 100000
1074296 9800 10 100000
1627849 9800 10 100000
1257663 9800 10 100000
1437178 9800 10 100000
1134833 9800 10 100000
1468533 9800 10 100000
1703681 9800 10 100000
1548525 9800 10 100000
1382023 9800 10 100000
1451361 9800 10 100000
1399245 9800 10 100000
1436008 9800 10 100000
1437309 9800 10 100000
1644406 9800 10 100000
1276536 9800 10 100000
1279058 9800 10 100000
1156108 9800 10 100000
1117218 9800 10 100000
1608871 9800 10 100000
1805777 9800 10 100000
1795074 9800 10 100000
1774118 9800 10 100000
1226285 9800 10 100000
1156405 9800 10 100000
1421238 9800 10 100000
1485204 9800 10 100000
1162074 9800 10 100000
1231672 9800 10 100000
1355033 9800 10 100000
1323365 9800 10 100000
1081891 9800 10 100000
1526389 9800 10 100000
1042746 9800 10 100000
1289915 9800 10 100000
1331143 9800 10 100000
1127797 9800 10 100000
1038190 9800 10 100000
1480890 9800 10 100000
918916 9800 10 100000
1411031 9800 10 100000
1339322 9800 10 100000
1589483 9800 10 100000
1337344 9800 10 100000
1253322 9800 10 100000
1432097 9800 10 100000
1225348 9800 10 100000
2097599 9800 10 100000
1036968 9800 10 100000
1339454 9800 10 100000
1647251 9800 10 100000
1592077 9800 10 100000
1652449 9800 10 100000
1558926 9800 10 100000
1714609 9800 10 100000
1139153 9800 10 100000
1245298 9800 10 100000
2356962 9800 10 100000
1310545 9800 10 100000
1498352 9800 10 100000
1244466 9800 10 100000
1082213 9800 10 100000
1401828 9800 10 100000
1234964 9800 10 100000
1206605 9800 10 100000
854140 9800 10 100000
973222 9800 10 100000
1119039 9800 10 100000
1507106 9800 10 100000
1222685 9800 10 100000
1270195 9800 10 100000
1173876 9800 10 100000
1480729 9800 10 100000
1620942 9800 10 100000
1206445 9800 10 100000
1335691 9800 10 100000
1230530 9800 10 100000
1021401 9800 10 100000
1370106 9800 10 100000
1012103 9800 10 100000
1092254 9800 10 100000
988094 9800 10 100000
1092226 9800 10 100000
1475455 9800 10 100000
1195059 9800 10 100000
1399273 9800 10 100000
1329427 9800 10 100000
1431875 9800 10 100000
