1116979 9800 10 100000
1092011 9800 10 100000
1647259 9800 10 100000
1238463 9800 10 100000
1233233 9800 10 100000
1536509 9800 10 100000
1123087 9800 10 100000
1342179 9800 10 100000
1112199 9800 10 100000
1715474 9800 10 100000
1216374 9800 10 100000
1382850 9800 10 100000
1258379 9800 10 100000
1018594 9800 10 100000
1115157 9800 10 100000
1235869 9800 10 100000
1199688 9800 10 100000
1441360 9800 10 100000
1656360 9800 10 100000
1607239 9800 10 100000
1545378 9800 10 100000
1643653 9800 10 100000
1263794 9800 10 100000
1908055 9800 10 100000
1369946 9800 10 100000
1760484 9800 10 100000
1158429 9800 10 100000
1414457 9800 10 100000
1564014 9800 10 100000
1409886 9800 10 100000
1132229 9800 10 100000
1492457 9800 10 100000
2450933 9800 10 100000
1012318 9800 10 100000
1222616 9800 10 100000
1289828 9800 10 100000
1577011 9800 10 100000
1369673 9800 10 100000
1497470 9800 10 100000
1633634 9800 10 100000
1038556 9800 10 100000
1582809 9800 10 100000
1502178 9800 10 100000
1276757 9800 10 100000
1521415 9800 10 100000
1113512 9800 10 100000
1367755 9800 10 100000
1326935 9800 10 100000
923935 9800 10 100000
1294909 9800 10 100000
1716947 9800 10 100000
1072123 9800 10 100000
1058427 9800 10 100000
1190473 9800 10 100000
1765538 9800 10 100000
1114453 9800 10 100000
1549906 9800 10 100000
1584635 9800 10 100000
1163297 9800 10 100000
980129 9800 10 100000
1160745 9800 10 100000
1738475 9800 10 100000
1085251 9800 10 100000
1908328 9800 10 100000
952987 9800 10 100000
1235608 9800 10 100000
1367710 9800 10 100000
1280828 9800 10 100000
1727488 9800 10 100000
1618119 9800 10 100000
1749482 9800 10 100000
1161098 9800 10 100000
2077028 9800 10 100000
1258606 9800 10 100000
1436965 9800 10 100000
1213416 9800 10 100000
1272190 9800 10 100000
1116771 9800 10 100000
980777 9800 10 100000
1239063 9800 10 100000
1244530 9800 10 100000
1642645 9800 10 100000
1473231 9800 10 100000
1468929 9800 10 100000
1148578 9800 10 100000
1630735 9800 10 100000
1827969 9800 10 100000
1699032 9800 10 100000
1401367 9800 10 100000
1177310 9800 10 100000
1105652 9800 10 100000
1389158 9800 10 100000
1320729 9800 10 100000
1166828 9800 10 100000
1579611 9800 10 100000
1324198 9800 10 100000
2728727 9800 10 100000
1087753 9800 10 100000
1550333 9800 10 100000
1188327 9800 10 100000
1172411 9800 10 100000
1237513 9800 10 100000
1851716 9800 10 100000
1354895 9800 10 100000
1366657 9800 10 100000
967481 9800 10 100000
1358536 9800 10 100000
1312516 9800 10 100000
1324623 9800 10 100000
1806872 9800 10 100000
1791585 9800 10 100000
1054753 9800 10 100000
1712397 9800 10 100000
1862510 9800 10 100000
1199189 9800 10 100000
1207872 9800 10 100000
1383382 9800 10 100000
1089891 9800 10 100000
1555762 9800 10 100000
1375106 9800 10 100000
1347486 9800 10 100000
1450481 9800 10 100000
1311579 9800 10 100000
1044359 9800 10 100000
1584424 9800 10 100000
1474171 9800 10 100000
1234876 9800 10 100000
1193213 9800 10 100000
1730103 9800 10 100000
1174144 9800 10 100000
932705 9800 10 100000
1086636 9800 10 100000
1434583 9800 10 100000
1135843 9800 10 100000
1691902 9800 10 100000
1516856 9800 10 100000
1407717 9800 10 100000
1293069 9800 10 100000
1247433 9800 10 100000
1657618 9800 10 100000
962808 9800 10 100000
1316813 9800 10 100000
1201493 9800 10 100000
1447613 9800 10 100000
1534890 9800 10 100000
1201843 9800 10 100000
1546027 9800 10 100000
1212461 9800 10 100000
1380230 9800 10 100000
1279191 9800 10 100000
1141682 9800 10 100000
1161252 9800 10 100000
1798813 9800 10 100000
1135707 9800 10 100000
1252046 9800 10 100000
1186709 9800 10 100000
1662037 9800 10 100000
1211681 9800 10 100000
1382956 9800 10 100000
1473400 9800 10 100000
1614823 9800 10 100000
1163102 9800 10 100000
1354128 9800 10 100000
2201651 9800 10 100000
1324854 9800 10 100000
1377052 9800 10 100000
1320752 9800 10 100000
1375935 9800 10 100000
1561884 9800 10 100000
990649 9800 10 100000
1588253 9800 10 100000
1350501 9800 10 100000
1570718 9800 10 100000
1880307 9800 10 100000
964997 9800 10 100000
986231 9800 10 100000
1318571 9800 10 100000
1216067 9800 10 100000
1943043 9800 10 100000
1368463 9800 10 100000
1075524 9800 10 100000
1682204 9800 10 100000
1895727 9800 10 100000
1898491 9800 10 100000
1464810 9800 10 100000
1292083 9800 10 100000
1146818 9800 10 100000
927659 9800 10 100000
931552 9800 10 100000
1230238 9800 10 100000
1893702 9800 10 100000
978364 9800 10 100000
1030431 9800 10 100000
1081658 9800 10 100000
1071858 9800 10 100000
2557120 9800 10 100000
929258 9800 10 100000
1051828 9800 10 100000
1715636 9800 10 100000
1142147 9800 10 100000
1494480 9800 10 100000
1236932 9800 10 100000
1412753 9800 10 100000
2242472 9800 10 100000
1294091 9800 10 100000
1595413 9800 10 100000
1015674 9800 10 100000
1159155 9800 10 100000
1358794 9800 10 100000
1476636 9800 10 100000
1418727 9800 10 100000
1371116 9800 10 100000
1014761 9800 10 100000
1313815 9800 10 100000
1257048 9800 10 100000
1368106 9800 10 100000
1745852 9800 10 100000
1089628 9800 10 100000
1628820 9800 10 100000
1972457 9800 10 100000
1116177 9800 10 100000
1108038 9800 10 100000
2343729 9800 10 100000
1526161 9800 10 100000
1233272 9800 10 100000
1580990 9800 10 100000
1128544 9800 10 100000
1878944 9800 10 100000
1476584 9800 10 100000
1088074 9800 10 100000
1917765 9800 10 100000
1464954 9800 10 100000
1335780 9800 10 100000
1284897 9800 10 100000
1248522 9800 10 100000
1581714 9800 10 100000
1428104 9800 10 100000
1825304 9800 10 100000
1668189 9800 10 100000
1348143 9800 10 100000
1280261 9800 10 100000
1242844 9800 10 100000
1306402 9800 10 100000
1201664 9800 10 100000
1084671 9800 10 100000
1171062 9800 10 100000
956696 9800 10 100000
1132719 9800 10 100000
1020867 9800 10 100000
961404 9800 10 100000
