1115882 9800 10 100000
1551260 9800 10 100000
1208378 9800 10 100000
1205621 9800 10 100000
1087549 9800 10 100000
1653935 9800 10 100000
1514835 9800 10 100000
1328340 9800 10 100000
1197527 9800 10 100000
1371601 9800 10 100000
1336872 9800 10 100000
2048250 9800 10 100000
1262564 9800 10 100000
1256140 9800 10 100000
1300214 9800 10 100000
1022830 9800 10 100000
1189303 9800 10 100000
1230342 9800 10 100000
1874937 9800 10 100000
1215952 9800 10 100000
1263684 9800 10 100000
1057703 9800 10 100000
1588624 9800 10 100000
1238401 9800 10 100000
1073055 9800 10 100000
1364756 9800 10 100000
1492820 9800 10 100000
1299973 9800 10 100000
1625342 9800 10 100000
905930 9800 10 100000
1774222 9800 10 100000
1402334 9800 10 100000
1430748 9800 10 100000
1039140 9800 10 100000
1451253 9800 10 100000
2686929 9800 10 100000
1637199 9800 10 100000
1232764 9800 10 100000
995142 9800 10 100000
1291113 9800 10 100000
1655036 9800 10 100000
1095305 9800 10 100000
1179727 9800 10 100000
2022299 9800 10 100000
1512717 9800 10 100000
1720201 9800 10 100000
1771631 9800 10 100000
1461039 9800 10 100000
1596625 9800 10 100000
1340909 9800 10 100000
1337044 9800 10 100000
1081702 9800 10 100000
1104154 9800 10 100000
1468493 9800 10 100000
3069662 9800 10 100000
992343 9800 10 100000
1167806 9800 10 100000
1358179 9800 10 100000
1444554 9800 10 100000
1498341 9800 10 100000
1783745 9800 10 100000
1308271 9800 10 100000
1519525 9800 10 100000
1655970 9800 10 100000
1502852 9800 10 100000
1003902 9800 10 100000
1479731 9800 10 100000
1338328 9800 10 100000
1487899 9800 10 100000
1712769 9800 10 100000
1273721 9800 10 100000
1386786 9800 10 100000
1088747 9800 10 100000
1726611 9800 10 100000
1583726 9800 10 100000
2111058 9800 10 100000
1582082 9800 10 100000
1112335 9800 10 100000
1306234 9800 10 100000
1206007 9800 10 100000
1183714 9800 10 100000
1147947 9800 10 100000
1603840 9800 10 100000
1277181 9800 10 100000
1977641 9800 10 100000
1344461 9800 10 100000
915939 9800 10 100000
1026831 9800 10 100000
1277348 9800 10 100000
1246952 9800 10 100000
1035504 9800 10 100000
1723422 9800 10 100000
1461051 9800 10 100000
1295769 9800 10 100000
1635534 9800 10 100000
1737837 9800 10 100000
1278927 9800 10 100000
1839482 9800 10 100000
1685919 9800 10 100000
1203702 9800 10 100000
1419160 9800 10 100000
1113315 9800 10 100000
1227085 9800 10 100000
1465965 9800 10 100000
1383431 9800 10 100000
1291965 9800 10 100000
1838600 9800 10 100000
1170443 9800 10 100000
1186140 9800 10 100000
1548142 9800 10 100000
1398304 9800 10 100000
1531383 9800 10 100000
2181868 9800 10 100000
1517549 9800 10 100000
1547623 9800 10 100000
1107853 9800 10 100000
1093328 9800 10 100000
1602545 9800 10 100000
1430973 9800 10 100000
1109125 9800 10 100000
1229708 9800 10 100000
974414 9800 10 100000
1471423 9800 10 100000
1655212 9800 10 100000
1519094 9800 10 100000
1079706 9800 10 100000
1069227 9800 10 100000
1530103 9800 10 100000
1241529 9800 10 100000
1265905 9800 10 100000
1482021 9800 10 100000
1221766 9800 10 100000
986257 9800 10 100000
1177644 9800 10 100000
1519417 9800 10 100000
1268699 9800 10 100000
1650208 9800 10 100000
914542 9800 10 100000
1642227 9800 10 100000
1034403 9800 10 100000
2202218 9800 10 100000
1274991 9800 10 100000
1793481 9800 10 100000
1338085 9800 10 100000
1333551 9800 10 100000
1232055 9800 10 100000
2434361 9800 10 100000
1360281 9800 10 100000
1521498 9800 10 100000
1160966 9800 10 100000
1194345 9800 10 100000
1637526 9800 10 100000
2055416 9800 10 100000
1129831 9800 10 100000
1619859 9800 10 100000
1281538 9800 10 100000
1593880 9800 10 100000
1320536 9800 10 100000
1364705 9800 10 100000
1185164 9800 10 100000
1624131 9800 10 100000
1589672 9800 10 100000
1342562 9800 10 100000
1225647 9800 10 100000
1460064 9800 10 100000
1596512 9800 10 100000
1102601 9800 10 100000
1910855 9800 10 100000
1321878 9800 10 100000
1143298 9800 10 100000
2013832 9800 10 100000
1824440 9800 10 100000
1718532 9800 10 100000
1070898 9800 10 100000
1131735 9800 10 100000
1302877 9800 10 100000
1218072 9800 10 100000
1157938 9800 10 100000
1489828 9800 10 100000
1632415 9800 10 100000
1279297 9800 10 100000
1610191 9800 10 100000
1633002 9800 10 100000
1196257 9800 10 100000
1725996 9800 10 100000
1675888 9800 10 100000
1132875 9800 10 100000
1166393 9800 10 100000
1303852 9800 10 100000
1362136 9800 10 100000
1864533 9800 10 100000
1107837 9800 10 100000
1153599 9800 10 100000
1748282 9800 10 100000
1268138 9800 10 100000
1270533 9800 10 100000
1368045 9800 10 100000
1399444 9800 10 100000
1791093 9800 10 100000
1248426 9800 10 100000
1018311 9800 10 100000
1455588 9800 10 100000
1252308 9800 10 100000
1278342 9800 10 100000
1171955 9800 10 100000
1022716 9800 10 100000
1249483 9800 10 100000
954162 9800 10 100000
1288312 9800 10 100000
1129405 9800 10 100000
1456625 9800 10 100000
1289001 9800 10 100000
1613878 9800 10 100000
1439147 9800 10 100000
1236936 9800 10 100000
1086158 9800 10 100000
1089819 9800 10 100000
1419386 9800 10 100000
2614956 9800 10 100000
1504860 9800 10 100000
1315605 9800 10 100000
1705169 9800 10 100000
990068 9800 10 100000
1234017 9800 10 100000
1530346 9800 10 100000
1406093 9800 10 100000
1306302 9800 10 100000
1144491 9800 10 100000
1365401 9800 10 100000
1153631 9800 10 100000
1543225 9800 10 100000
1243213 9800 10 100000
1478651 9800 10 100000
1302844 9800 10 100000
1308973 9800 10 100000
1310186 9800 10 100000
1328828 9800 10 100000
1268126 9800 10 100000
1251824 9800 10 100000
1162207 9800 10 100000
1328318 9800 10 100000
1748806 9800 10 100000
943986 9800 10 100000
1044045 9800 10 100000
1433087 9800 10 100000
1302599 9800 10 100000
950118 9800 10 100000
991895 9800 10 100000
1130355 9800 10 100000
1180389 9800 10 100000
