1326162 9800 10 100000
995221 9800 10 100000
1457489 9800 10 100000
1436680 9800 10 100000
1137479 9800 10 100000
1172823 9800 10 100000
1539276 9800 10 100000
1178677 9800 10 100000
1287204 9800 10 100000
1300964 9800 10 100000
1363968 9800 10 100000
1503727 9800 10 100000
1161568 9800 10 100000
1281501 9800 10 100000
1050778 9800 10 100000
1510125 9800 10 100000
1556755 9800 10 100000
1247305 9800 10 100000
1321272 9800 10 100000
1553748 9800 10 100000
1338375 9800 10 100000
951607 9800 10 100000
1850194 9800 10 100000
1110490 9800 10 100000
1512027 9800 10 100000
1079565 9800 10 100000
1329329 9800 10 100000
1328560 9800 10 100000
1197508 9800 10 100000
1270392 9800 10 100000
1701439 9800 10 100000
1385565 9800 10 100000
1531203 9800 10 100000
1180387 9800 10 100000
1210277 9800 10 100000
1460249 9800 10 100000
1623656 9800 10 100000
1850614 9800 10 100000
1505835 9800 10 100000
1087636 9800 10 100000
1578564 9800 10 100000
1652709 9800 10 100000
1382047 9800 10 100000
1148909 9800 10 100000
1402915 9800 10 100000
1356745 9800 10 100000
1328148 9800 10 100000
1304690 9800 10 100000
1377483 9800 10 100000
1302324 9800 10 100000
1280770 9800 10 100000
2282956 9800 10 100000
1006260 9800 10 100000
1106246 9800 10 100000
1372493 9800 10 100000
1119079 9800 10 100000
1128886 9800 10 100000
1372347 9800 10 100000
1231019 9800 10 100000
886754 9800 10 100000
1510865 9800 10 100000
1380225 9800 10 100000
1274335 9800 10 100000
1184244 9800 10 100000
1521719 9800 10 100000
962008 9800 10 100000
1265544 9800 10 100000
1406325 9800 10 100000
1203025 9800 10 100000
1298039 9800 10 100000
1590219 9800 10 100000
1253225 9800 10 100000
1376911 9800 10 100000
1124855 9800 10 100000
1468739 9800 10 100000
1178741 9800 10 100000
1975938 9800 10 100000
1408207 9800 10 100000
1362844 9800 10 100000
1994101 9800 10 100000
976004 9800 10 100000
1158288 9800 10 100000
1349429 9800 10 100000
1291330 9800 10 100000
1728895 9800 10 100000
1257842 9800 10 100000
2207023 9800 10 100000
1937865 9800 10 100000
1526830 9800 10 100000
1037083 9800 10 100000
973490 9800 10 100000
1221589 9800 10 100000
1206874 9800 10 100000
1656068 9800 10 100000
1595310 9800 10 100000
1536625 9800 10 100000
2320799 9800 10 100000
1370023 9800 10 100000
1518588 9800 10 100000
1559107 9800 10 100000
1295370 9800 10 100000
1035003 9800 10 100000
1625904 9800 10 100000
1147025 9800 10 100000
967052 9800 10 100000
1527478 9800 10 100000
920860 9800 10 100000
1566683 9800 10 100000
1038448 9800 10 100000
1827691 9800 10 100000
1482010 9800 10 100000
1467743 9800 10 100000
1242149 9800 10 100000
1187525 9800 10 100000
1400913 9800 10 100000
1744671 9800 10 100000
1424867 9800 10 100000
1500681 9800 10 100000
1515870 9800 10 100000
1501133 9800 10 100000
1840657 9800 10 100000
1735955 9800 10 100000
1244877 9800 10 100000
1166413 9800 10 100000
880275 9800 10 100000
1133497 9800 10 100000
1592915 9800 10 100000
1572869 9800 10 100000
1347869 9800 10 100000
1626515 9800 10 100000
1253311 9800 10 100000
1129553 9800 10 100000
1273085 9800 10 100000
1089904 9800 10 100000
2411041 9800 10 100000
2317824 9800 10 100000
1325576 9800 10 100000
2131346 9800 10 100000
1216878 9800 10 100000
1196089 9800 10 100000
1176906 9800 10 100000
1069621 9800 10 100000
1377093 9800 10 100000
1607506 9800 10 100000
1572163 9800 10 100000
1850806 9800 10 100000
1320250 9800 10 100000
1214992 9800 10 100000
1046680 9800 10 100000
1131957 9800 10 100000
1633153 9800 10 100000
1187145 9800 10 100000
1392363 9800 10 100000
1443166 9800 10 100000
1235300 9800 10 100000
911065 9800 10 100000
1837371 9800 10 100000
1409956 9800 10 100000
1722260 9800 10 100000
1210383 9800 10 100000
1351765 9800 10 100000
1700880 9800 10 100000
958682 9800 10 100000
1212541 9800 10 100000
1442136 9800 10 100000
1041016 9800 10 100000
1637664 9800 10 100000
1584528 9800 10 100000
1640493 9800 10 100000
1224748 9800 10 100000
1415380 9800 10 100000
1571713 9800 10 100000
1552095 9800 10 100000
1558548 9800 10 100000
1234879 9800 10 100000
1124826 9800 10 100000
1075681 9800 10 100000
1199892 9800 10 100000
1366411 9800 10 100000
1166201 9800 10 100000
1290762 9800 10 100000
1218503 9800 10 100000
1388128 9800 10 100000
1415322 9800 10 100000
1363718 9800 10 100000
1032164 9800 10 100000
940726 9800 10 100000
1707363 9800 10 100000
1799158 9800 10 100000
998590 9800 10 100000
1206487 9800 10 100000
1039844 9800 10 100000
1231419 9800 10 100000
1063097 9800 10 100000
1335929 9800 10 100000
1370581 9800 10 100000
1351245 9800 10 100000
1048140 9800 10 100000
1492255 9800 10 100000
1082123 9800 10 100000
952315 9800 10 100000
1190760 9800 10 100000
1193348 9800 10 100000
1218012 9800 10 100000
969964 9800 10 100000
1123845 9800 10 100000
1373580 9800 10 100000
1488937 9800 10 100000
1111681 9800 10 100000
1026108 9800 10 100000
1620614 9800 10 100000
1665179 9800 10 100000
1557987 9800 10 100000
1248269 9800 10 100000
1119409 9800 10 100000
1817577 9800 10 100000
987978 9800 10 100000
1118862 9800 10 100000
1455990 9800 10 100000
956124 9800 10 100000
1122038 9800 10 100000
1415668 9800 10 100000
1885521 9800 10 100000
1471331 9800 10 100000
1353861 9800 10 100000
1525253 9800 10 100000
1114284 9800 10 100000
1928779 9800 10 100000
1230324 9800 10 100000
2084621 9800 10 100000
1303864 9800 10 100000
1209990 9800 10 100000
1446712 9800 10 100000
1040670 9800 10 100000
1170355 9800 10 100000
2533393 9800 10 100000
1254517 9800 10 100000
1078293 9800 10 100000
1127983 9800 10 100000
1054039 9800 10 100000
1543075 9800 10 100000
1411013 9800 10 100000
1296565 9800 10 100000
1316512 9800 10 100000
1372337 9800 10 100000
1229773 9800 10 100000
1398926 9800 10 100000
993893 9800 10 100000
1354962 9800 10 100000
854169 9800 10 100000
