3491197 12375 11 100000
3875256 12375 11 100000
2106723 12375 11 100000
2670375 12375 11 100000
5516677 12375 11 100000
2700228 12375 11 100000
2915579 12375 11 100000
3409245 12375 11 100000
3063544 12375 11 100000
3332656 12375 11 100000
3425683 12375 11 100000
2827670 12375 11 100000
3212036 12375 11 100000
5617061 12375 11 100000
3412520 12375 11 100000
3446963 12375 11 100000
3208256 12375 11 100000
3057199 12375 11 100000
3428522 12375 11 100000
3979596 12375 11 100000
2572386 12375 11 100000
3317501 12375 11 100000
3219244 12375 11 100000
3276382 12375 11 100000
2657470 12375 11 100000
2743395 12375 11 100000
3011004 12375 11 100000
3350701 12375 11 100000
3584128 12375 11 100000
2582260 12375 11 100000
3521740 12375 11 100000
3663883 12375 11 100000
2411309 12375 11 100000
3069192 12375 11 100000
2677266 12375 11 100000
2293153 12375 11 100000
4569331 12375 11 100000
2836203 12375 11 100000
2294322 12375 11 100000
2019060 12375 11 100000
2164395 12375 11 100000
3450728 12375 11 100000
2756681 12375 11 100000
2957167 12375 11 100000
2261750 12375 11 100000
2366700 12375 11 100000
2750536 12375 11 100000
2979340 12375 11 100000
2347018 12375 11 100000
3927740 12375 11 100000
3038729 12375 11 100000
2572616 12375 11 100000
2924599 12375 11 100000
2482555 12375 11 100000
1985533 12375 11 100000
2485105 12375 11 100000
3470786 12375 11 100000
2209559 12375 11 100000
3538446 12375 11 100000
4050259 12375 11 100000
2798994 12375 11 100000
3091522 12375 11 100000
4213992 12375 11 100000
2415070 12375 11 100000
2992928 12375 11 100000
3318920 12375 11 100000
2873613 12375 11 100000
2615653 12375 11 100000
3257518 12375 11 100000
3049616 12375 11 100000
2675373 12375 11 100000
2830194 12375 11 100000
2834053 12375 11 100000
2429343 12375 11 100000
4019767 12375 11 100000
2349625 12375 11 100000
3062826 12375 11 100000
2085473 12375 11 100000
3310824 12375 11 100000
2744716 12375 11 100000
2810744 12375 11 100000
3372658 12375 11 100000
3226605 12375 11 100000
3214835 12375 11 100000
2885808 12375 11 100000
3345985 12375 11 100000
2139504 12375 11 100000
2814352 12375 11 100000
2311750 12375 11 100000
2808050 12375 11 100000
4055426 12375 11 100000
3221994 12375 11 100000
5251476 12375 11 100000
2294291 12375 11 100000
2969796 12375 11 100000
3109255 12375 11 100000
2658852 12375 11 100000
3127380 12375 11 100000
3104517 12375 11 100000
1861449 12375 11 100000
2201923 12375 11 100000
3669173 12375 11 100000
2568978 12375 11 100000
2983046 12375 11 100000
3430014 12375 11 100000
3562009 12375 11 100000
2103546 12375 11 100000
2322915 12375 11 100000
3236665 12375 11 100000
2910675 12375 11 100000
2835248 12375 11 100000
2675764 12375 11 100000
2487106 12375 11 100000
2854570 12375 11 100000
2952900 12375 11 100000
2730072 12375 11 100000
2057193 12375 11 100000
3038817 12375 11 100000
3216484 12375 11 100000
2446487 12375 11 100000
2369618 12375 11 100000
2715076 12375 11 100000
2764603 12375 11 100000
2829201 12375 11 100000
4067138 12375 11 100000
2901252 12375 11 100000
3196860 12375 11 100000
2512418 12375 11 100000
2545772 12375 11 100000
3057572 12375 11 100000
2391964 12375 11 100000
3113154 12375 11 100000
2849449 12375 11 100000
2945652 12375 11 100000
2359152 12375 11 100000
4562786 12375 11 100000
2313236 12375 11 100000
3559626 12375 11 100000
2842628 12375 11 100000
2573952 12375 11 100000
2493313 12375 11 100000
2132489 12375 11 100000
2054752 12375 11 100000
2645921 12375 11 100000
3363186 12375 11 100000
2421393 12375 11 100000
2978752 12375 11 100000
1954941 12375 11 100000
2844833 12375 11 100000
3241347 12375 11 100000
2306529 12375 11 100000
2414377 12375 11 100000
4167758 12375 11 100000
2543093 12375 11 100000
2634214 12375 11 100000
2337182 12375 11 100000
2743948 12375 11 100000
2701979 12375 11 100000
3489726 12375 11 100000
2908840 12375 11 100000
3005715 12375 11 100000
3081042 12375 11 100000
3702978 12375 11 100000
2747127 12375 11 100000
2548067 12375 11 100000
2191371 12375 11 100000
3072245 12375 11 100000
2164114 12375 11 100000
3048606 12375 11 100000
2971698 12375 11 100000
2861485 12375 11 100000
2576642 12375 11 100000
4291854 12375 11 100000
3105094 12375 11 100000
2049163 12375 11 100000
3083620 12375 11 100000
2986031 12375 11 100000
3378673 12375 11 100000
2417047 12375 11 100000
3184532 12375 11 100000
2563655 12375 11 100000
2998126 12375 11 100000
4311367 12375 11 100000
2289093 12375 11 100000
3603685 12375 11 100000
2813217 12375 11 100000
3435017 12375 11 100000
3212829 12375 11 100000
1884346 12375 11 100000
2352801 12375 11 100000
2798278 12375 11 100000
2497270 12375 11 100000
2574707 12375 11 100000
2452446 12375 11 100000
3510575 12375 11 100000
2718923 12375 11 100000
2787494 12375 11 100000
2944654 12375 11 100000
2649981 12375 11 100000
2982492 12375 11 100000
2846441 12375 11 100000
2024109 12375 11 100000
2441845 12375 11 100000
2639875 12375 11 100000
2571691 12375 11 100000
2582563 12375 11 100000
2485321 12375 11 100000
2916369 12375 11 100000
3450834 12375 11 100000
2627335 12375 11 100000
2972202 12375 11 100000
2749344 12375 11 100000
2394308 12375 11 100000
2511597 12375 11 100000
2734275 12375 11 100000
3437429 12375 11 100000
2794125 12375 11 100000
2270807 12375 11 100000
2166962 12375 11 100000
3459785 12375 11 100000
3414393 12375 11 100000
2351527 12375 11 100000
2665729 12375 11 100000
3111395 12375 11 100000
3066121 12375 11 100000
3264696 12375 11 100000
3178087 12375 11 100000
2277018 12375 11 100000
3192896 12375 11 100000
2708862 12375 11 100000
3513212 12375 11 100000
3071397 12375 11 100000
3359951 12375 11 100000
2773309 12375 11 100000
1978350 12375 11 100000
2396610 12375 11 100000
2554258 12375 11 100000
3213331 12375 11 100000
2909599 12375 11 100000
2785141 12375 11 100000
3200580 12375 11 100000
3180963 12375 11 100000
4067994 12375 11 100000
2535258 12375 11 100000
3026833 12375 11 100000
2859423 12375 11 100000
3129860 12375 11 100000
2617968 12375 11 100000
3159002 12375 11 100000
2810950 12375 11 100000
