3204299 12375 11 100000
3311192 12375 11 100000
3278676 12375 11 100000
3475418 12375 11 100000
3392620 12375 11 100000
3267194 12375 11 100000
3024817 12375 11 100000
2781764 12375 11 100000
2717195 12375 11 100000
3185948 12375 11 100000
2774308 12375 11 100000
2338030 12375 11 100000
2108794 12375 11 100000
3186752 12375 11 100000
3538188 12375 11 100000
2717295 12375 11 100000
2905650 12375 11 100000
2989796 12375 11 100000
2826070 12375 11 100000
3310631 12375 11 100000
2637182 12375 11 100000
3070939 12375 11 100000
2851026 12375 11 100000
2833508 12375 11 100000
3196583 12375 11 100000
3050634 12375 11 100000
3054449 12375 11 100000
2501959 12375 11 100000
3461555 12375 11 100000
2939450 12375 11 100000
3414319 12375 11 100000
3697917 12375 11 100000
2682176 12375 11 100000
2492350 12375 11 100000
3089004 12375 11 100000
2805440 12375 11 100000
3541580 12375 11 100000
2728122 12375 11 100000
2959083 12375 11 100000
2649109 12375 11 100000
3458769 12375 11 100000
2265868 12375 11 100000
2644994 12375 11 100000
2542830 12375 11 100000
3436811 12375 11 100000
2891574 12375 11 100000
3100171 12375 11 100000
2002117 12375 11 100000
2087200 12375 11 100000
2612498 12375 11 100000
2431061 12375 11 100000
2827733 12375 11 100000
3139172 12375 11 100000
2846975 12375 11 100000
3002986 12375 11 100000
2648307 12375 11 100000
3995085 12375 11 100000
3424201 12375 11 100000
2753733 12375 11 100000
2782969 12375 11 100000
3139854 12375 11 100000
3016070 12375 11 100000
3179820 12375 11 100000
3460846 12375 11 100000
2837736 12375 11 100000
2523782 12375 11 100000
2178756 12375 11 100000
3208917 12375 11 100000
3405917 12375 11 100000
3010092 12375 11 100000
2986350 12375 11 100000
2882182 12375 11 100000
3209759 12375 11 100000
2402470 12375 11 100000
3136179 12375 11 100000
2336273 12375 11 100000
3545193 12375 11 100000
2165266 12375 11 100000
3171549 12375 11 100000
2904312 12375 11 100000
3663554 12375 11 100000
3976409 12375 11 100000
2895963 12375 11 100000
2282828 12375 11 100000
3224682 12375 11 100000
2948779 12375 11 100000
2257220 12375 11 100000
2816250 12375 11 100000
2775258 12375 11 100000
2274140 12375 11 100000
3054601 12375 11 100000
4060790 12375 11 100000
2940136 12375 11 100000
2786418 12375 11 100000
3562189 12375 11 100000
2087363 12375 11 100000
2603210 12375 11 100000
2803927 12375 11 100000
3511381 12375 11 100000
3574651 12375 11 100000
2974467 12375 11 100000
2836049 12375 11 100000
2649771 12375 11 100000
2486803 12375 11 100000
2115782 12375 11 100000
2751267 12375 11 100000
2630608 12375 11 100000
2280881 12375 11 100000
2349077 12375 11 100000
2496297 12375 11 100000
3125397 12375 11 100000
2982209 12375 11 100000
3368628 12375 11 100000
2651591 12375 11 100000
3149752 12375 11 100000
2935619 12375 11 100000
2572222 12375 11 100000
2099979 12375 11 100000
2910147 12375 11 100000
2773882 12375 11 100000
3397405 12375 11 100000
2962841 12375 11 100000
2688513 12375 11 100000
3031886 12375 11 100000
2180105 12375 11 100000
3409219 12375 11 100000
2895836 12375 11 100000
2150708 12375 11 100000
3864630 12375 11 100000
3584804 12375 11 100000
2201665 12375 11 100000
2394476 12375 11 100000
2937697 12375 11 100000
2060282 12375 11 100000
3739454 12375 11 100000
2775065 12375 11 100000
2798710 12375 11 100000
2447166 12375 11 100000
2962876 12375 11 100000
3252541 12375 11 100000
2654032 12375 11 100000
2869317 12375 11 100000
2565118 12375 11 100000
3530708 12375 11 100000
3055510 12375 11 100000
2605014 12375 11 100000
2861087 12375 11 100000
3497198 12375 11 100000
2705894 12375 11 100000
2584598 12375 11 100000
2930198 12375 11 100000
3008270 12375 11 100000
2129966 12375 11 100000
2589947 12375 11 100000
2783416 12375 11 100000
2290453 12375 11 100000
2646420 12375 11 100000
2888911 12375 11 100000
3766310 12375 11 100000
3061942 12375 11 100000
3400928 12375 11 100000
3118667 12375 11 100000
2994714 12375 11 100000
3031262 12375 11 100000
2714783 12375 11 100000
2377101 12375 11 100000
3449088 12375 11 100000
3102998 12375 11 100000
3535568 12375 11 100000
3230471 12375 11 100000
3148025 12375 11 100000
3613913 12375 11 100000
3589355 12375 11 100000
2461481 12375 11 100000
3170314 12375 11 100000
3295296 12375 11 100000
1985584 12375 11 100000
2628034 12375 11 100000
2477045 12375 11 100000
2590159 12375 11 100000
1886326 12375 11 100000
4139545 12375 11 100000
2423162 12375 11 100000
2412545 12375 11 100000
3274097 12375 11 100000
4072057 12375 11 100000
2928164 12375 11 100000
2784240 12375 11 100000
3410325 12375 11 100000
2386399 12375 11 100000
3311363 12375 11 100000
3601812 12375 11 100000
2998388 12375 11 100000
2181648 12375 11 100000
3713928 12375 11 100000
2344499 12375 11 100000
2843409 12375 11 100000
2827258 12375 11 100000
3162557 12375 11 100000
2913464 12375 11 100000
2327169 12375 11 100000
3596938 12375 11 100000
2593749 12375 11 100000
3513522 12375 11 100000
2387837 12375 11 100000
2190714 12375 11 100000
2765533 12375 11 100000
2851553 12375 11 100000
2693844 12375 11 100000
2034016 12375 11 100000
2399150 12375 11 100000
2713534 12375 11 100000
2413573 12375 11 100000
3154296 12375 11 100000
2783355 12375 11 100000
2302499 12375 11 100000
3084739 12375 11 100000
2030908 12375 11 100000
3319549 12375 11 100000
3206778 12375 11 100000
3342769 12375 11 100000
3427975 12375 11 100000
3827214 12375 11 100000
2831176 12375 11 100000
2476070 12375 11 100000
2717205 12375 11 100000
3134977 12375 11 100000
2841969 12375 11 100000
2529108 12375 11 100000
3114815 12375 11 100000
2568144 12375 11 100000
2829483 12375 11 100000
3059192 12375 11 100000
3120438 12375 11 100000
2818992 12375 11 100000
5227364 12375 11 100000
3581873 12375 11 100000
3376648 12375 11 100000
3138240 12375 11 100000
2689480 12375 11 100000
2973981 12375 11 100000
2096171 12375 11 100000
2509806 12375 11 100000
3535484 12375 11 100000
2624005 12375 11 100000
3050153 12375 11 100000
4340645 12375 11 100000
2689189 12375 11 100000
3339821 12375 11 100000
2624531 12375 11 100000
