3938863 12375 11 100000
2346599 12375 11 100000
3254580 12375 11 100000
3154124 12375 11 100000
2698582 12375 11 100000
2999026 12375 11 100000
3658798 12375 11 100000
2487659 12375 11 100000
2536078 12375 11 100000
2221346 12375 11 100000
2804224 12375 11 100000
2304756 12375 11 100000
3018961 12375 11 100000
3163202 12375 11 100000
4231230 12375 11 100000
2617430 12375 11 100000
3176566 12375 11 100000
2871381 12375 11 100000
4669755 12375 11 100000
2727137 12375 11 100000
3072301 12375 11 100000
4010075 12375 11 100000
2979223 12375 11 100000
3670645 12375 11 100000
2433179 12375 11 100000
3609236 12375 11 100000
3042751 12375 11 100000
3084201 12375 11 100000
2166521 12375 11 100000
3447849 12375 11 100000
2682661 12375 11 100000
3259672 12375 11 100000
3792858 12375 11 100000
3631063 12375 11 100000
3544481 12375 11 100000
3989243 12375 11 100000
3357534 12375 11 100000
3167856 12375 11 100000
2939870 12375 11 100000
2689617 12375 11 100000
2517481 12375 11 100000
2788070 12375 11 100000
2933962 12375 11 100000
3207761 12375 11 100000
2841134 12375 11 100000
3505074 12375 11 100000
2673653 12375 11 100000
2506803 12375 11 100000
2321741 12375 11 100000
2465977 12375 11 100000
2621326 12375 11 100000
3060758 12375 11 100000
4549915 12375 11 100000
3108760 12375 11 100000
4254351 12375 11 100000
2236851 12375 11 100000
3183164 12375 11 100000
2581344 12375 11 100000
3470702 12375 11 100000
2058251 12375 11 100000
3782324 12375 11 100000
3487933 12375 11 100000
2938808 12375 11 100000
2514844 12375 11 100000
2589895 12375 11 100000
2868404 12375 11 100000
3370853 12375 11 100000
3224233 12375 11 100000
3942873 12375 11 100000
2079724 12375 11 100000
3165555 12375 11 100000
3079180 12375 11 100000
3200679 12375 11 100000
3330975 12375 11 100000
3527281 12375 11 100000
2820716 12375 11 100000
3382554 12375 11 100000
2625094 12375 11 100000
3032612 12375 11 100000
3416267 12375 11 100000
2262544 12375 11 100000
2740304 12375 11 100000
2790185 12375 11 100000
3622723 12375 11 100000
2630091 12375 11 100000
2679741 12375 11 100000
2936919 12375 11 100000
2385975 12375 11 100000
2474422 12375 11 100000
2444172 12375 11 100000
3639359 12375 11 100000
3651652 12375 11 100000
3817025 12375 11 100000
3023272 12375 11 100000
2912586 12375 11 100000
2743529 12375 11 100000
2696748 12375 11 100000
2825414 12375 11 100000
2794979 12375 11 100000
3331456 12375 11 100000
3835317 12375 11 100000
3174324 12375 11 100000
2121919 12375 11 100000
2772738 12375 11 100000
4382975 12375 11 100000
2174041 12375 11 100000
2823716 12375 11 100000
2221940 12375 11 100000
2119792 12375 11 100000
2855076 12375 11 100000
3036675 12375 11 100000
3846046 12375 11 100000
3513493 12375 11 100000
3525724 12375 11 100000
3417718 12375 11 100000
3288136 12375 11 100000
3683050 12375 11 100000
3201449 12375 11 100000
3497153 12375 11 100000
2479653 12375 11 100000
2440917 12375 11 100000
2780015 12375 11 100000
2936244 12375 11 100000
2703617 12375 11 100000
2683536 12375 11 100000
2346953 12375 11 100000
2302029 12375 11 100000
2728361 12375 11 100000
2395856 12375 11 100000
3447295 12375 11 100000
2459265 12375 11 100000
2365712 12375 11 100000
3533479 12375 11 100000
2711233 12375 11 100000
2539606 12375 11 100000
2812030 12375 11 100000
2942303 12375 11 100000
2178596 12375 11 100000
2233430 12375 11 100000
3299983 12375 11 100000
3171725 12375 11 100000
2089483 12375 11 100000
2132599 12375 11 100000
2186934 12375 11 100000
3218246 12375 11 100000
2553173 12375 11 100000
2157521 12375 11 100000
3235226 12375 11 100000
3040334 12375 11 100000
2935633 12375 11 100000
3426529 12375 11 100000
2726392 12375 11 100000
2040763 12375 11 100000
3257663 12375 11 100000
2683612 12375 11 100000
2747982 12375 11 100000
2124808 12375 11 100000
2886537 12375 11 100000
2288068 12375 11 100000
3748635 12375 11 100000
1937754 12375 11 100000
3684504 12375 11 100000
2761933 12375 11 100000
2648960 12375 11 100000
3323509 12375 11 100000
2620973 12375 11 100000
3000739 12375 11 100000
2165726 12375 11 100000
2269526 12375 11 100000
3630267 12375 11 100000
2641163 12375 11 100000
2428813 12375 11 100000
3708166 12375 11 100000
3121783 12375 11 100000
4539178 12375 11 100000
2862585 12375 11 100000
2314353 12375 11 100000
3017418 12375 11 100000
3345256 12375 11 100000
3183076 12375 11 100000
3260542 12375 11 100000
3532917 12375 11 100000
2424664 12375 11 100000
2727091 12375 11 100000
3495730 12375 11 100000
5472791 12375 11 100000
2696484 12375 11 100000
2714536 12375 11 100000
3008352 12375 11 100000
2828112 12375 11 100000
2828764 12375 11 100000
3411001 12375 11 100000
2490246 12375 11 100000
3431544 12375 11 100000
3172579 12375 11 100000
2855204 12375 11 100000
2796052 12375 11 100000
5684075 12375 11 100000
3159209 12375 11 100000
2532330 12375 11 100000
2384551 12375 11 100000
3257595 12375 11 100000
2654220 12375 11 100000
3271042 12375 11 100000
2666168 12375 11 100000
3424492 12375 11 100000
4877138 12375 11 100000
3001402 12375 11 100000
3002436 12375 11 100000
2949726 12375 11 100000
2579423 12375 11 100000
3338723 12375 11 100000
2595411 12375 11 100000
2064431 12375 11 100000
3324797 12375 11 100000
3426665 12375 11 100000
3190744 12375 11 100000
3000961 12375 11 100000
2831418 12375 11 100000
2930303 12375 11 100000
2910462 12375 11 100000
2042215 12375 11 100000
2685909 12375 11 100000
1986608 12375 11 100000
2309928 12375 11 100000
3420331 12375 11 100000
2202245 12375 11 100000
2851780 12375 11 100000
2992883 12375 11 100000
2380265 12375 11 100000
2754056 12375 11 100000
2987670 12375 11 100000
2509675 12375 11 100000
2890754 12375 11 100000
2556394 12375 11 100000
4242605 12375 11 100000
2673654 12375 11 100000
2433048 12375 11 100000
2310991 12375 11 100000
2609234 12375 11 100000
3296502 12375 11 100000
2560008 12375 11 100000
3325935 12375 11 100000
2834392 12375 11 100000
3066852 12375 11 100000
2543783 12375 11 100000
1923474 12375 11 100000
2277898 12375 11 100000
2008149 12375 11 100000
2778652 12375 11 100000
