3328990 12375 11 100000
3062085 12375 11 100000
5179240 12375 11 100000
2143601 12375 11 100000
2310172 12375 11 100000
3017681 12375 11 100000
2561943 12375 11 100000
3306002 12375 11 100000
2998166 12375 11 100000
2952998 12375 11 100000
2313745 12375 11 100000
2536463 12375 11 100000
3575273 12375 11 100000
4005897 12375 11 100000
4206437 12375 11 100000
2695208 12375 11 100000
3973193 12375 11 100000
3421619 12375 11 100000
2430561 12375 11 100000
2656891 12375 11 100000
3268194 12375 11 100000
2628332 12375 11 100000
2979897 12375 11 100000
4068680 12375 11 100000
3302763 12375 11 100000
3424237 12375 11 100000
2157883 12375 11 100000
3373329 12375 11 100000
3651639 12375 11 100000
2579529 12375 11 100000
2325225 12375 11 100000
3215344 12375 11 100000
2842891 12375 11 100000
3004513 12375 11 100000
2819293 12375 11 100000
3212719 12375 11 100000
3854780 12375 11 100000
3380973 12375 11 100000
2914923 12375 11 100000
2798529 12375 11 100000
3440751 12375 11 100000
3090118 12375 11 100000
3034741 12375 11 100000
3237972 12375 11 100000
3176948 12375 11 100000
3295239 12375 11 100000
3347389 12375 11 100000
2789629 12375 11 100000
3545600 12375 11 100000
2621016 12375 11 100000
2751392 12375 11 100000
2026714 12375 11 100000
2343888 12375 11 100000
3046232 12375 11 100000
2315492 12375 11 100000
2930424 12375 11 100000
3242442 12375 11 100000
2582771 12375 11 100000
3527291 12375 11 100000
2877576 12375 11 100000
2768391 12375 11 100000
3271806 12375 11 100000
2770471 12375 11 100000
2074645 12375 11 100000
2530230 12375 11 100000
2672526 12375 11 100000
2621191 12375 11 100000
2721208 12375 11 100000
2776557 12375 11 100000
3643497 12375 11 100000
2692878 12375 11 100000
3378882 12375 11 100000
2742075 12375 11 100000
2183338 12375 11 100000
2914129 12375 11 100000
3455998 12375 11 100000
3551939 12375 11 100000
3114941 12375 11 100000
2513476 12375 11 100000
3312441 12375 11 100000
2071578 12375 11 100000
3065645 12375 11 100000
3341926 12375 11 100000
3446584 12375 11 100000
3372099 12375 11 100000
3291256 12375 11 100000
3429419 12375 11 100000
5042896 12375 11 100000
2494754 12375 11 100000
2470805 12375 11 100000
2506483 12375 11 100000
3260241 12375 11 100000
4196721 12375 11 100000
2268848 12375 11 100000
3457852 12375 11 100000
2909986 12375 11 100000
2786606 12375 11 100000
2918038 12375 11 100000
2593961 12375 11 100000
2394374 12375 11 100000
3159100 12375 11 100000
2935622 12375 11 100000
1967337 12375 11 100000
2390142 12375 11 100000
2530603 12375 11 100000
2898109 12375 11 100000
3289755 12375 11 100000
2729240 12375 11 100000
2625141 12375 11 100000
2175282 12375 11 100000
3040703 12375 11 100000
2311280 12375 11 100000
2297452 12375 11 100000
3431225 12375 11 100000
3096447 12375 11 100000
3260980 12375 11 100000
3629568 12375 11 100000
3473592 12375 11 100000
2688451 12375 11 100000
2277633 12375 11 100000
3128452 12375 11 100000
2816637 12375 11 100000
3110410 12375 11 100000
2105265 12375 11 100000
3703431 12375 11 100000
4423486 12375 11 100000
2825614 12375 11 100000
2878707 12375 11 100000
3733203 12375 11 100000
3364574 12375 11 100000
3261446 12375 11 100000
2696043 12375 11 100000
2484849 12375 11 100000
2313238 12375 11 100000
3220398 12375 11 100000
2727370 12375 11 100000
2693094 12375 11 100000
2988882 12375 11 100000
3296899 12375 11 100000
2727213 12375 11 100000
2381833 12375 11 100000
3784818 12375 11 100000
3260430 12375 11 100000
2425086 12375 11 100000
3052992 12375 11 100000
3343225 12375 11 100000
3746426 12375 11 100000
2754047 12375 11 100000
2207607 12375 11 100000
2861649 12375 11 100000
2978960 12375 11 100000
2626436 12375 11 100000
5760124 12375 11 100000
3577812 12375 11 100000
3968714 12375 11 100000
2200745 12375 11 100000
2589769 12375 11 100000
2266843 12375 11 100000
3163986 12375 11 100000
2461853 12375 11 100000
2866385 12375 11 100000
2718119 12375 11 100000
2703040 12375 11 100000
3217236 12375 11 100000
3833467 12375 11 100000
3400943 12375 11 100000
2353621 12375 11 100000
4292845 12375 11 100000
2856840 12375 11 100000
3020839 12375 11 100000
2612291 12375 11 100000
2635838 12375 11 100000
2202859 12375 11 100000
2772872 12375 11 100000
3125171 12375 11 100000
3053505 12375 11 100000
2921873 12375 11 100000
3354857 12375 11 100000
2091771 12375 11 100000
2773267 12375 11 100000
2598207 12375 11 100000
3444128 12375 11 100000
3427269 12375 11 100000
2689731 12375 11 100000
3041706 12375 11 100000
3147164 12375 11 100000
2340741 12375 11 100000
3533415 12375 11 100000
3339277 12375 11 100000
2119115 12375 11 100000
3146596 12375 11 100000
3145820 12375 11 100000
2716663 12375 11 100000
3017566 12375 11 100000
2994354 12375 11 100000
2978619 12375 11 100000
3048865 12375 11 100000
2506045 12375 11 100000
3040468 12375 11 100000
4605097 12375 11 100000
3746086 12375 11 100000
2981042 12375 11 100000
2633197 12375 11 100000
2968534 12375 11 100000
4113393 12375 11 100000
3359154 12375 11 100000
2130286 12375 11 100000
3189069 12375 11 100000
2622049 12375 11 100000
3423750 12375 11 100000
2002318 12375 11 100000
2863343 12375 11 100000
2686617 12375 11 100000
2930161 12375 11 100000
2618291 12375 11 100000
3103872 12375 11 100000
2468702 12375 11 100000
2848834 12375 11 100000
3052228 12375 11 100000
3282975 12375 11 100000
2192979 12375 11 100000
2193614 12375 11 100000
2217290 12375 11 100000
2408793 12375 11 100000
2331197 12375 11 100000
3337687 12375 11 100000
3616205 12375 11 100000
3163537 12375 11 100000
2672819 12375 11 100000
2903664 12375 11 100000
2747632 12375 11 100000
2803401 12375 11 100000
4558900 12375 11 100000
3596249 12375 11 100000
3316738 12375 11 100000
2987901 12375 11 100000
2767407 12375 11 100000
4502109 12375 11 100000
2081864 12375 11 100000
2106845 12375 11 100000
2190055 12375 11 100000
3006394 12375 11 100000
3310476 12375 11 100000
3081842 12375 11 100000
1899961 12375 11 100000
2096442 12375 11 100000
2597970 12375 11 100000
1664762 12375 11 100000
2453707 12375 11 100000
1673816 12375 11 100000
