8223930 15360 12 100000
4738170 15360 12 100000
6755105 15360 12 100000
13496474 15360 12 100000
10670358 15360 12 100000
6283411 15360 12 100000
5816935 15360 12 100000
6947149 15360 12 100000
6892297 15360 12 100000
6444612 15360 12 100000
6882966 15360 12 100000
6652332 15360 12 100000
9962676 15360 12 100000
6465349 15360 12 100000
5912030 15360 12 100000
6796736 15360 12 100000
6789321 15360 12 100000
6337261 15360 12 100000
6033823 15360 12 100000
11617919 15360 12 100000
5436361 15360 12 100000
6637273 15360 12 100000
4777517 15360 12 100000
6123866 15360 12 100000
6847111 15360 12 100000
9961793 15360 12 100000
7292028 15360 12 100000
6448468 15360 12 100000
6447414 15360 12 100000
5318878 15360 12 100000
4836240 15360 12 100000
8098059 15360 12 100000
6605915 15360 12 100000
8359624 15360 12 100000
5933378 15360 12 100000
5851917 15360 12 100000
8121844 15360 12 100000
7152922 15360 12 100000
4702110 15360 12 100000
6889668 15360 12 100000
8289863 15360 12 100000
6996402 15360 12 100000
6542832 15360 12 100000
6528513 15360 12 100000
6263980 15360 12 100000
5439404 15360 12 100000
5126665 15360 12 100000
5259105 15360 12 100000
5356941 15360 12 100000
7983542 15360 12 100000
5861433 15360 12 100000
9553264 15360 12 100000
6478900 15360 12 100000
9557750 15360 12 100000
5377433 15360 12 100000
5439574 15360 12 100000
6191644 15360 12 100000
7368123 15360 12 100000
10721722 15360 12 100000
6253268 15360 12 100000
5373806 15360 12 100000
6833050 15360 12 100000
5855159 15360 12 100000
6779181 15360 12 100000
7099009 15360 12 100000
7142281 15360 12 100000
7971352 15360 12 100000
6369830 15360 12 100000
8120863 15360 12 100000
6820207 15360 12 100000
5346375 15360 12 100000
9730071 15360 12 100000
4789270 15360 12 100000
7083593 15360 12 100000
6467826 15360 12 100000
5701637 15360 12 100000
7787019 15360 12 100000
7396593 15360 12 100000
5432526 15360 12 100000
7100831 15360 12 100000
11497810 15360 12 100000
6500050 15360 12 100000
8744759 15360 12 100000
5125891 15360 12 100000
7285663 15360 12 100000
6719904 15360 12 100000
5127116 15360 12 100000
8033624 15360 12 100000
9801903 15360 12 100000
6183118 15360 12 100000
5846631 15360 12 100000
6194698 15360 12 100000
5689791 15360 12 100000
6088097 15360 12 100000
6988869 15360 12 100000
7845314 15360 12 100000
7538257 15360 12 100000
7407524 15360 12 100000
5769226 15360 12 100000
7589006 15360 12 100000
6831235 15360 12 100000
6267345 15360 12 100000
8046543 15360 12 100000
7668675 15360 12 100000
7235101 15360 12 100000
6892377 15360 12 100000
7681472 15360 12 100000
5955691 15360 12 100000
6097966 15360 12 100000
7172940 15360 12 100000
7009539 15360 12 100000
6860932 15360 12 100000
5578286 15360 12 100000
6889922 15360 12 100000
10707943 15360 12 100000
5662153 15360 12 100000
7959864 15360 12 100000
6768717 15360 12 100000
5954212 15360 12 100000
6417654 15360 12 100000
8452095 15360 12 100000
13998264 15360 12 100000
7890147 15360 12 100000
7939732 15360 12 100000
7211300 15360 12 100000
7248627 15360 12 100000
7026938 15360 12 100000
5855848 15360 12 100000
8802154 15360 12 100000
9074996 15360 12 100000
6564300 15360 12 100000
5745617 15360 12 100000
7158262 15360 12 100000
7268320 15360 12 100000
7135130 15360 12 100000
6787759 15360 12 100000
13489117 15360 12 100000
6651760 15360 12 100000
6035665 15360 12 100000
6575708 15360 12 100000
7351958 15360 12 100000
9263997 15360 12 100000
7888538 15360 12 100000
5783743 15360 12 100000
7406355 15360 12 100000
7382606 15360 12 100000
5321730 15360 12 100000
6075692 15360 12 100000
5564497 15360 12 100000
7188209 15360 12 100000
13944440 15360 12 100000
6336527 15360 12 100000
6899625 15360 12 100000
4950576 15360 12 100000
6349762 15360 12 100000
7043671 15360 12 100000
7507967 15360 12 100000
6954751 15360 12 100000
7391245 15360 12 100000
7073761 15360 12 100000
6502173 15360 12 100000
7515513 15360 12 100000
5936913 15360 12 100000
7532422 15360 12 100000
5745687 15360 12 100000
11974015 15360 12 100000
7041444 15360 12 100000
6997646 15360 12 100000
5892924 15360 12 100000
7802386 15360 12 100000
15482877 15360 12 100000
6174577 15360 12 100000
6360076 15360 12 100000
7796471 15360 12 100000
5309865 15360 12 100000
7750595 15360 12 100000
9004705 15360 12 100000
6948826 15360 12 100000
8598487 15360 12 100000
5936004 15360 12 100000
7418505 15360 12 100000
7865434 15360 12 100000
7566924 15360 12 100000
7789243 15360 12 100000
6677316 15360 12 100000
10525055 15360 12 100000
6473715 15360 12 100000
6410970 15360 12 100000
6600372 15360 12 100000
5381702 15360 12 100000
4855006 15360 12 100000
5154116 15360 12 100000
6797229 15360 12 100000
7716326 15360 12 100000
6755023 15360 12 100000
6752297 15360 12 100000
6802406 15360 12 100000
6625402 15360 12 100000
8376940 15360 12 100000
5354046 15360 12 100000
6099721 15360 12 100000
5629750 15360 12 100000
6058071 15360 12 100000
6751932 15360 12 100000
7484662 15360 12 100000
7473410 15360 12 100000
8037332 15360 12 100000
6270548 15360 12 100000
6982857 15360 12 100000
4820916 15360 12 100000
5489033 15360 12 100000
6340713 15360 12 100000
6442279 15360 12 100000
6448796 15360 12 100000
6143327 15360 12 100000
8466666 15360 12 100000
8960416 15360 12 100000
7122292 15360 12 100000
4450101 15360 12 100000
5669235 15360 12 100000
7645653 15360 12 100000
5783830 15360 12 100000
5702721 15360 12 100000
6368254 15360 12 100000
6096967 15360 12 100000
6367150 15360 12 100000
7087632 15360 12 100000
6130378 15360 12 100000
4897104 15360 12 100000
8054914 15360 12 100000
7452621 15360 12 100000
8255743 15360 12 100000
5948664 15360 12 100000
6516186 15360 12 100000
6703077 15360 12 100000
5174060 15360 12 100000
8202224 15360 12 100000
6998522 15360 12 100000
6660848 15360 12 100000
5856307 15360 12 100000
8120619 15360 12 100000
7193130 15360 12 100000
4745784 15360 12 100000
5621348 15360 12 100000
6977708 15360 12 100000
7884130 15360 12 100000
10570694 15360 12 100000
9722603 15360 12 100000
7724184 15360 12 100000
6688686 15360 12 100000
