6056407 15360 12 100000
6931288 15360 12 100000
8553543 15360 12 100000
6965905 15360 12 100000
8790799 15360 12 100000
7751222 15360 12 100000
4600032 15360 12 100000
6936075 15360 12 100000
6275519 15360 12 100000
7916445 15360 12 100000
6574816 15360 12 100000
7337768 15360 12 100000
7479603 15360 12 100000
5861092 15360 12 100000
6345284 15360 12 100000
6929098 15360 12 100000
6713902 15360 12 100000
7167484 15360 12 100000
6728336 15360 12 100000
7265326 15360 12 100000
11122759 15360 12 100000
7752147 15360 12 100000
7388124 15360 12 100000
6502506 15360 12 100000
8616668 15360 12 100000
6294368 15360 12 100000
7480646 15360 12 100000
4927713 15360 12 100000
5097157 15360 12 100000
11654134 15360 12 100000
5737557 15360 12 100000
9406470 15360 12 100000
7319618 15360 12 100000
6269901 15360 12 100000
7078578 15360 12 100000
10049348 15360 12 100000
5402386 15360 12 100000
8252179 15360 12 100000
4922066 15360 12 100000
11947842 15360 12 100000
5104253 15360 12 100000
5627638 15360 12 100000
4707165 15360 12 100000
5028298 15360 12 100000
12518605 15360 12 100000
6091703 15360 12 100000
6725547 15360 12 100000
8336007 15360 12 100000
6196741 15360 12 100000
5503971 15360 12 100000
9461616 15360 12 100000
7714402 15360 12 100000
7932262 15360 12 100000
7290045 15360 12 100000
8331047 15360 12 100000
5847329 15360 12 100000
8105796 15360 12 100000
6955129 15360 12 100000
6795197 15360 12 100000
6782650 15360 12 100000
12966195 15360 12 100000
8384238 15360 12 100000
6584943 15360 12 100000
6497814 15360 12 100000
4778582 15360 12 100000
10364248 15360 12 100000
7065835 15360 12 100000
4935445 15360 12 100000
6467999 15360 12 100000
8591916 15360 12 100000
6802046 15360 12 100000
9709403 15360 12 100000
5161196 15360 12 100000
5888740 15360 12 100000
5658898 15360 12 100000
8417866 15360 12 100000
6309544 15360 12 100000
7188170 15360 12 100000
8080123 15360 12 100000
6667270 15360 12 100000
7124208 15360 12 100000
7060530 15360 12 100000
5503912 15360 12 100000
4820744 15360 12 100000
5113758 15360 12 100000
5535384 15360 12 100000
7736140 15360 12 100000
5563830 15360 12 100000
6179189 15360 12 100000
6672232 15360 12 100000
7449873 15360 12 100000
7643023 15360 12 100000
7746265 15360 12 100000
7601585 15360 12 100000
7720451 15360 12 100000
9020923 15360 12 100000
7409301 15360 12 100000
10179563 15360 12 100000
6359919 15360 12 100000
7381288 15360 12 100000
6657476 15360 12 100000
8413700 15360 12 100000
6581027 15360 12 100000
6835973 15360 12 100000
7195961 15360 12 100000
8140989 15360 12 100000
7358515 15360 12 100000
7135991 15360 12 100000
4986820 15360 12 100000
7743477 15360 12 100000
6442279 15360 12 100000
8067370 15360 12 100000
7010559 15360 12 100000
8854535 15360 12 100000
7002069 15360 12 100000
7577847 15360 12 100000
4740714 15360 12 100000
6399582 15360 12 100000
7180377 15360 12 100000
13433126 15360 12 100000
6399195 15360 12 100000
6313115 15360 12 100000
6614498 15360 12 100000
11401347 15360 12 100000
7712426 15360 12 100000
7431500 15360 12 100000
8331485 15360 12 100000
7105834 15360 12 100000
6765171 15360 12 100000
6812207 15360 12 100000
9207964 15360 12 100000
9050837 15360 12 100000
5079800 15360 12 100000
5600788 15360 12 100000
7325938 15360 12 100000
7718118 15360 12 100000
7519131 15360 12 100000
7080367 15360 12 100000
7294201 15360 12 100000
6387957 15360 12 100000
14268102 15360 12 100000
7775490 15360 12 100000
6286189 15360 12 100000
6015024 15360 12 100000
8153988 15360 12 100000
7128806 15360 12 100000
5539084 15360 12 100000
7039124 15360 12 100000
8427707 15360 12 100000
5730332 15360 12 100000
7962614 15360 12 100000
6596642 15360 12 100000
8614163 15360 12 100000
6338818 15360 12 100000
6617055 15360 12 100000
7999812 15360 12 100000
7063729 15360 12 100000
7558066 15360 12 100000
5986726 15360 12 100000
7899351 15360 12 100000
6046310 15360 12 100000
7380802 15360 12 100000
7862630 15360 12 100000
8124423 15360 12 100000
9565471 15360 12 100000
6395933 15360 12 100000
7235979 15360 12 100000
7323243 15360 12 100000
6856966 15360 12 100000
8571487 15360 12 100000
6193360 15360 12 100000
6329066 15360 12 100000
7448588 15360 12 100000
5536425 15360 12 100000
6788931 15360 12 100000
7493905 15360 12 100000
7196936 15360 12 100000
7227099 15360 12 100000
5035142 15360 12 100000
6536203 15360 12 100000
12174497 15360 12 100000
7216781 15360 12 100000
7946848 15360 12 100000
6522862 15360 12 100000
6779809 15360 12 100000
4729478 15360 12 100000
8593815 15360 12 100000
4333981 15360 12 100000
8672355 15360 12 100000
7939610 15360 12 100000
5065184 15360 12 100000
9017304 15360 12 100000
6193078 15360 12 100000
6750812 15360 12 100000
6415228 15360 12 100000
5699336 15360 12 100000
6221546 15360 12 100000
7995288 15360 12 100000
7791554 15360 12 100000
7223723 15360 12 100000
8291198 15360 12 100000
6226637 15360 12 100000
7060252 15360 12 100000
6768069 15360 12 100000
6220570 15360 12 100000
7709775 15360 12 100000
5529475 15360 12 100000
8330941 15360 12 100000
6026301 15360 12 100000
7290275 15360 12 100000
5527422 15360 12 100000
10883725 15360 12 100000
9195276 15360 12 100000
7346966 15360 12 100000
7993459 15360 12 100000
4694430 15360 12 100000
7722698 15360 12 100000
5796311 15360 12 100000
6977745 15360 12 100000
4961819 15360 12 100000
7338709 15360 12 100000
6586216 15360 12 100000
7419220 15360 12 100000
6117602 15360 12 100000
7275466 15360 12 100000
5597138 15360 12 100000
7800393 15360 12 100000
9094895 15360 12 100000
7564556 15360 12 100000
6598906 15360 12 100000
7135948 15360 12 100000
6702685 15360 12 100000
6602910 15360 12 100000
7786174 15360 12 100000
9729786 15360 12 100000
6659868 15360 12 100000
5713985 15360 12 100000
4593024 15360 12 100000
5805601 15360 12 100000
7744480 15360 12 100000
7267418 15360 12 100000
7350316 15360 12 100000
6321024 15360 12 100000
5924822 15360 12 100000
6134016 15360 12 100000
5757819 15360 12 100000
5955549 15360 12 100000
10867156 15360 12 100000
4438119 15360 12 100000
7692909 15360 12 100000
