8505249 15360 12 100000
6542303 15360 12 100000
8820477 15360 12 100000
7445118 15360 12 100000
7144565 15360 12 100000
9199177 15360 12 100000
6842864 15360 12 100000
8221505 15360 12 100000
6943884 15360 12 100000
8080714 15360 12 100000
5308959 15360 12 100000
7621513 15360 12 100000
7592784 15360 12 100000
7770566 15360 12 100000
6683899 15360 12 100000
7357865 15360 12 100000
9053472 15360 12 100000
7430838 15360 12 100000
5230061 15360 12 100000
6161298 15360 12 100000
6370314 15360 12 100000
6169595 15360 12 100000
7982707 15360 12 100000
6241136 15360 12 100000
10249672 15360 12 100000
6644380 15360 12 100000
8609592 15360 12 100000
5963271 15360 12 100000
8037901 15360 12 100000
5604489 15360 12 100000
6511541 15360 12 100000
5976561 15360 12 100000
7064482 15360 12 100000
12314397 15360 12 100000
6454273 15360 12 100000
9324767 15360 12 100000
10222402 15360 12 100000
7198962 15360 12 100000
5790100 15360 12 100000
7084704 15360 12 100000
4911971 15360 12 100000
6683389 15360 12 100000
14218870 15360 12 100000
6836141 15360 12 100000
7236184 15360 12 100000
12020434 15360 12 100000
7321284 15360 12 100000
6348879 15360 12 100000
6622007 15360 12 100000
6163508 15360 12 100000
6721742 15360 12 100000
6484555 15360 12 100000
5380130 15360 12 100000
6055097 15360 12 100000
5757703 15360 12 100000
11803296 15360 12 100000
7746072 15360 12 100000
8832428 15360 12 100000
4419227 15360 12 100000
6798994 15360 12 100000
4663156 15360 12 100000
6004264 15360 12 100000
6666006 15360 12 100000
6555884 15360 12 100000
6327239 15360 12 100000
5786519 15360 12 100000
6971291 15360 12 100000
5885086 15360 12 100000
7279388 15360 12 100000
6963751 15360 12 100000
8196378 15360 12 100000
9347036 15360 12 100000
5051468 15360 12 100000
5033156 15360 12 100000
6645460 15360 12 100000
7406511 15360 12 100000
7892339 15360 12 100000
6515393 15360 12 100000
8528052 15360 12 100000
6634984 15360 12 100000
10717066 15360 12 100000
7259310 15360 12 100000
4772631 15360 12 100000
7714874 15360 12 100000
5486595 15360 12 100000
6043712 15360 12 100000
5927366 15360 12 100000
5237071 15360 12 100000
7652838 15360 12 100000
11984373 15360 12 100000
8447714 15360 12 100000
10234693 15360 12 100000
5848176 15360 12 100000
9316573 15360 12 100000
7830598 15360 12 100000
8079647 15360 12 100000
6058974 15360 12 100000
7118916 15360 12 100000
7902790 15360 12 100000
6896317 15360 12 100000
6102497 15360 12 100000
6247561 15360 12 100000
5726825 15360 12 100000
7007726 15360 12 100000
5711594 15360 12 100000
8353289 15360 12 100000
5399723 15360 12 100000
10233101 15360 12 100000
9601255 15360 12 100000
5880218 15360 12 100000
6736520 15360 12 100000
5587053 15360 12 100000
7155407 15360 12 100000
7151759 15360 12 100000
13229833 15360 12 100000
9151442 15360 12 100000
4896175 15360 12 100000
6543234 15360 12 100000
8748952 15360 12 100000
7097820 15360 12 100000
7470996 15360 12 100000
7324979 15360 12 100000
7354451 15360 12 100000
7207964 15360 12 100000
8280715 15360 12 100000
10563680 15360 12 100000
11149065 15360 12 100000
6046174 15360 12 100000
8876318 15360 12 100000
6641160 15360 12 100000
6113504 15360 12 100000
8581358 15360 12 100000
5930045 15360 12 100000
7253776 15360 12 100000
9094185 15360 12 100000
7396394 15360 12 100000
7562685 15360 12 100000
6204736 15360 12 100000
9181686 15360 12 100000
6446226 15360 12 100000
6906719 15360 12 100000
6560510 15360 12 100000
6583981 15360 12 100000
7000153 15360 12 100000
5606596 15360 12 100000
5409449 15360 12 100000
6761034 15360 12 100000
7642263 15360 12 100000
5464440 15360 12 100000
10177801 15360 12 100000
6375137 15360 12 100000
11305863 15360 12 100000
5690607 15360 12 100000
6149242 15360 12 100000
5947504 15360 12 100000
7401594 15360 12 100000
5612984 15360 12 100000
7347698 15360 12 100000
6112934 15360 12 100000
8677789 15360 12 100000
7156347 15360 12 100000
4948284 15360 12 100000
6397528 15360 12 100000
8372572 15360 12 100000
6103511 15360 12 100000
7372521 15360 12 100000
5766451 15360 12 100000
6225585 15360 12 100000
9056888 15360 12 100000
7266019 15360 12 100000
8600564 15360 12 100000
7588006 15360 12 100000
6942911 15360 12 100000
7437091 15360 12 100000
7084078 15360 12 100000
7905549 15360 12 100000
5797842 15360 12 100000
7365310 15360 12 100000
6987374 15360 12 100000
8175247 15360 12 100000
7827696 15360 12 100000
7585525 15360 12 100000
8026712 15360 12 100000
5114607 15360 12 100000
5983428 15360 12 100000
6661474 15360 12 100000
5716660 15360 12 100000
6693649 15360 12 100000
6615023 15360 12 100000
7302889 15360 12 100000
7087619 15360 12 100000
7892937 15360 12 100000
5537591 15360 12 100000
9226434 15360 12 100000
9696394 15360 12 100000
7230880 15360 12 100000
5835685 15360 12 100000
5490934 15360 12 100000
5031627 15360 12 100000
7737058 15360 12 100000
5814241 15360 12 100000
5960419 15360 12 100000
5454556 15360 12 100000
6656384 15360 12 100000
6297984 15360 12 100000
7807145 15360 12 100000
6489307 15360 12 100000
9944450 15360 12 100000
7621606 15360 12 100000
7157804 15360 12 100000
6448007 15360 12 100000
5261440 15360 12 100000
7618517 15360 12 100000
5239389 15360 12 100000
5712938 15360 12 100000
6063357 15360 12 100000
7526829 15360 12 100000
6342274 15360 12 100000
9532083 15360 12 100000
7115123 15360 12 100000
6710107 15360 12 100000
7798249 15360 12 100000
7539679 15360 12 100000
6811744 15360 12 100000
7446767 15360 12 100000
5734906 15360 12 100000
10626428 15360 12 100000
6853821 15360 12 100000
7859737 15360 12 100000
8803170 15360 12 100000
6511930 15360 12 100000
5568788 15360 12 100000
6069142 15360 12 100000
8437479 15360 12 100000
6204181 15360 12 100000
8854372 15360 12 100000
7420737 15360 12 100000
7563938 15360 12 100000
6259051 15360 12 100000
7426437 15360 12 100000
4759834 15360 12 100000
7566528 15360 12 100000
8858500 15360 12 100000
8850231 15360 12 100000
7403674 15360 12 100000
5597956 15360 12 100000
6693298 15360 12 100000
6365359 15360 12 100000
8387485 15360 12 100000
5576473 15360 12 100000
