6561926 15360 12 100000
7578879 15360 12 100000
5229531 15360 12 100000
5871749 15360 12 100000
7170940 15360 12 100000
11895243 15360 12 100000
6929444 15360 12 100000
5925112 15360 12 100000
7349853 15360 12 100000
8112083 15360 12 100000
6375226 15360 12 100000
7724520 15360 12 100000
6484294 15360 12 100000
9344355 15360 12 100000
5087273 15360 12 100000
6822315 15360 12 100000
7207821 15360 12 100000
6503337 15360 12 100000
6007293 15360 12 100000
7096907 15360 12 100000
5951057 15360 12 100000
7036526 15360 12 100000
6966883 15360 12 100000
5262530 15360 12 100000
9468378 15360 12 100000
6154638 15360 12 100000
6866418 15360 12 100000
6976827 15360 12 100000
7445447 15360 12 100000
5210043 15360 12 100000
11476704 15360 12 100000
4727136 15360 12 100000
6980147 15360 12 100000
7062197 15360 12 100000
5501362 15360 12 100000
6647896 15360 12 100000
7523738 15360 12 100000
5590324 15360 12 100000
5187867 15360 12 100000
7207226 15360 12 100000
8219778 15360 12 100000
5310693 15360 12 100000
5330168 15360 12 100000
6022467 15360 12 100000
6397370 15360 12 100000
7321160 15360 12 100000
4839263 15360 12 100000
6271489 15360 12 100000
6653171 15360 12 100000
8120411 15360 12 100000
5934575 15360 12 100000
14000135 15360 12 100000
6254237 15360 12 100000
5733013 15360 12 100000
6870633 15360 12 100000
6418319 15360 12 100000
8527332 15360 12 100000
6567427 15360 12 100000
5323295 15360 12 100000
7172630 15360 12 100000
5900360 15360 12 100000
7666339 15360 12 100000
7067061 15360 12 100000
5280215 15360 12 100000
9409112 15360 12 100000
8379797 15360 12 100000
6457421 15360 12 100000
7498581 15360 12 100000
11119032 15360 12 100000
6153339 15360 12 100000
5148090 15360 12 100000
7018725 15360 12 100000
6648019 15360 12 100000
9885168 15360 12 100000
6400088 15360 12 100000
5734644 15360 12 100000
5928117 15360 12 100000
6946224 15360 12 100000
8263172 15360 12 100000
7858556 15360 12 100000
6513926 15360 12 100000
6940438 15360 12 100000
4371455 15360 12 100000
5508329 15360 12 100000
7459171 15360 12 100000
5702959 15360 12 100000
6704386 15360 12 100000
7584755 15360 12 100000
5209337 15360 12 100000
7553794 15360 12 100000
8806772 15360 12 100000
7039976 15360 12 100000
6720724 15360 12 100000
6919459 15360 12 100000
6397301 15360 12 100000
7994015 15360 12 100000
8422290 15360 12 100000
8397601 15360 12 100000
7579655 15360 12 100000
6825107 15360 12 100000
8452784 15360 12 100000
7353315 15360 12 100000
8950474 15360 12 100000
5532272 15360 12 100000
6731539 15360 12 100000
7699845 15360 12 100000
6650050 15360 12 100000
4961840 15360 12 100000
7484803 15360 12 100000
8861191 15360 12 100000
9933584 15360 12 100000
8173924 15360 12 100000
6394280 15360 12 100000
6000142 15360 12 100000
7259185 15360 12 100000
7694926 15360 12 100000
11547347 15360 12 100000
7280405 15360 12 100000
6455239 15360 12 100000
6701707 15360 12 100000
6285314 15360 12 100000
6077201 15360 12 100000
7563742 15360 12 100000
8253259 15360 12 100000
5749521 15360 12 100000
6002069 15360 12 100000
10535371 15360 12 100000
10718249 15360 12 100000
7714532 15360 12 100000
8434600 15360 12 100000
7865558 15360 12 100000
11250724 15360 12 100000
7131786 15360 12 100000
7427030 15360 12 100000
10769750 15360 12 100000
6861739 15360 12 100000
14358342 15360 12 100000
7064079 15360 12 100000
6083616 15360 12 100000
7369614 15360 12 100000
7458454 15360 12 100000
6911153 15360 12 100000
11876390 15360 12 100000
8022300 15360 12 100000
6684559 15360 12 100000
6801776 15360 12 100000
7272443 15360 12 100000
8177427 15360 12 100000
6255788 15360 12 100000
6676810 15360 12 100000
7104597 15360 12 100000
6915616 15360 12 100000
5679382 15360 12 100000
8096406 15360 12 100000
7514784 15360 12 100000
5971017 15360 12 100000
6916793 15360 12 100000
6645052 15360 12 100000
5467035 15360 12 100000
7708237 15360 12 100000
7912235 15360 12 100000
6477362 15360 12 100000
7006878 15360 12 100000
8610587 15360 12 100000
7388644 15360 12 100000
7701992 15360 12 100000
8334572 15360 12 100000
5710094 15360 12 100000
6559582 15360 12 100000
6933741 15360 12 100000
8703481 15360 12 100000
6071163 15360 12 100000
8639375 15360 12 100000
9293248 15360 12 100000
4933021 15360 12 100000
6706327 15360 12 100000
6825353 15360 12 100000
5232513 15360 12 100000
8140791 15360 12 100000
7560427 15360 12 100000
5572807 15360 12 100000
5416280 15360 12 100000
7550517 15360 12 100000
9301225 15360 12 100000
7265921 15360 12 100000
6385620 15360 12 100000
5519625 15360 12 100000
6339990 15360 12 100000
6298071 15360 12 100000
5607326 15360 12 100000
6997276 15360 12 100000
7205508 15360 12 100000
7162351 15360 12 100000
7491809 15360 12 100000
6658552 15360 12 100000
7153359 15360 12 100000
11820703 15360 12 100000
6067641 15360 12 100000
6212636 15360 12 100000
9781501 15360 12 100000
14399129 15360 12 100000
4907168 15360 12 100000
7709420 15360 12 100000
7891457 15360 12 100000
6593287 15360 12 100000
9898407 15360 12 100000
5826190 15360 12 100000
6328052 15360 12 100000
6191965 15360 12 100000
5841693 15360 12 100000
6764393 15360 12 100000
6731736 15360 12 100000
6519697 15360 12 100000
7845944 15360 12 100000
11680564 15360 12 100000
6748794 15360 12 100000
5526977 15360 12 100000
7045710 15360 12 100000
7567868 15360 12 100000
6897474 15360 12 100000
7679060 15360 12 100000
6842613 15360 12 100000
4600826 15360 12 100000
7698593 15360 12 100000
6594282 15360 12 100000
7718267 15360 12 100000
6832944 15360 12 100000
8750165 15360 12 100000
7378036 15360 12 100000
5793375 15360 12 100000
5894658 15360 12 100000
7056117 15360 12 100000
6960936 15360 12 100000
7722117 15360 12 100000
6898242 15360 12 100000
9393717 15360 12 100000
5935872 15360 12 100000
5171210 15360 12 100000
7342136 15360 12 100000
7049026 15360 12 100000
6349130 15360 12 100000
6527162 15360 12 100000
7201262 15360 12 100000
7459420 15360 12 100000
5804055 15360 12 100000
6761092 15360 12 100000
7056357 15360 12 100000
6043994 15360 12 100000
6598660 15360 12 100000
7413172 15360 12 100000
