936 125 1 100000
590 125 1 100000
388 125 1 100000
409 125 1 100000
369 125 1 100000
319 125 1 100000
412 125 1 100000
431 125 1 100000
361 125 1 100000
393 125 1 100000
376 125 1 100000
383 125 1 100000
375 125 1 100000
431 125 1 100000
450 125 1 100000
653 125 1 100000
499 125 1 100000
619 125 1 100000
574 125 1 100000
924 125 1 100000
520 125 1 100000
406 125 1 100000
472 125 1 100000
598 125 1 100000
478 125 1 100000
372 125 1 100000
499 125 1 100000
500 125 1 100000
749 125 1 100000
681 125 1 100000
523 125 1 100000
720 125 1 100000
528 125 1 100000
683 125 1 100000
652 125 1 100000
764 125 1 100000
635 125 1 100000
746 125 1 100000
437 125 1 100000
642 125 1 100000
617 125 1 100000
716 125 1 100000
505 125 1 100000
767 125 1 100000
713 125 1 100000
654 125 1 100000
729 125 1 100000
638 125 1 100000
709 125 1 100000
714 125 1 100000
628 125 1 100000
704 125 1 100000
480 125 1 100000
526 125 1 100000
912 125 1 100000
652 125 1 100000
618 125 1 100000
736 125 1 100000
618 125 1 100000
508 125 1 100000
603 125 1 100000
555 125 1 100000
525 125 1 100000
765 125 1 100000
766 125 1 100000
641 125 1 100000
731 125 1 100000
568 125 1 100000
752 125 1 100000
835 125 1 100000
659 125 1 100000
503 125 1 100000
374 125 1 100000
423 125 1 100000
405 125 1 100000
408 125 1 100000
385 125 1 100000
304 125 1 100000
412 125 1 100000
388 125 1 100000
409 125 1 100000
299 125 1 100000
408 125 1 100000
375 125 1 100000
510 125 1 100000
357 125 1 100000
457 125 1 100000
424 125 1 100000
544 125 1 100000
474 125 1 100000
399 125 1 100000
463 125 1 100000
367 125 1 100000
432 125 1 100000
360 125 1 100000
288 125 1 100000
325 125 1 100000
420 125 1 100000
361 125 1 100000
390 125 1 100000
333 125 1 100000
382 125 1 100000
433 125 1 100000
423 125 1 100000
424 125 1 100000
393 125 1 100000
366 125 1 100000
585 125 1 100000
516 125 1 100000
336 125 1 100000
317 125 1 100000
301 125 1 100000
412 125 1 100000
338 125 1 100000
328 125 1 100000
334 125 1 100000
367 125 1 100000
342 125 1 100000
371 125 1 100000
272 125 1 100000
354 125 1 100000
315 125 1 100000
344 125 1 100000
274 125 1 100000
357 125 1 100000
396 125 1 100000
366 125 1 100000
381 125 1 100000
375 125 1 100000
335 125 1 100000
387 125 1 100000
377 125 1 100000
342 125 1 100000
332 125 1 100000
317 125 1 100000
379 125 1 100000
400 125 1 100000
385 125 1 100000
409 125 1 100000
358 125 1 100000
277 125 1 100000
359 125 1 100000
272 125 1 100000
355 125 1 100000
339 125 1 100000
303 125 1 100000
347 125 1 100000
298 125 1 100000
265 125 1 100000
340 125 1 100000
343 125 1 100000
338 125 1 100000
343 125 1 100000
381 125 1 100000
346 125 1 100000
341 125 1 100000
383 125 1 100000
305 125 1 100000
298 125 1 100000
334 125 1 100000
293 125 1 100000
353 125 1 100000
345 125 1 100000
371 125 1 100000
388 125 1 100000
378 125 1 100000
284 125 1 100000
279 125 1 100000
392 125 1 100000
347 125 1 100000
345 125 1 100000
346 125 1 100000
354 125 1 100000
275 125 1 100000
338 125 1 100000
290 125 1 100000
1989 125 1 100000
505 125 1 100000
274 125 1 100000
198 125 1 100000
219 125 1 100000
212 125 1 100000
191 125 1 100000
204 125 1 100000
224 125 1 100000
194 125 1 100000
181 125 1 100000
164 125 1 100000
208 125 1 100000
198 125 1 100000
218 125 1 100000
218 125 1 100000
225 125 1 100000
173 125 1 100000
195 125 1 100000
196 125 1 100000
196 125 1 100000
203 125 1 100000
157 125 1 100000
184 125 1 100000
206 125 1 100000
200 125 1 100000
196 125 1 100000
175 125 1 100000
196 125 1 100000
191 125 1 100000
196 125 1 100000
200 125 1 100000
194 125 1 100000
191 125 1 100000
205 125 1 100000
219 125 1 100000
158 125 1 100000
223 125 1 100000
199 125 1 100000
193 125 1 100000
192 125 1 100000
194 125 1 100000
202 125 1 100000
241 125 1 100000
240 125 1 100000
226 125 1 100000
219 125 1 100000
193 125 1 100000
198 125 1 100000
204 125 1 100000
195 125 1 100000
268 125 1 100000
316 125 1 100000
219 125 1 100000
197 125 1 100000
206 125 1 100000
201 125 1 100000
203 125 1 100000
197 125 1 100000
196 125 1 100000
219 125 1 100000
198 125 1 100000
181 125 1 100000
200 125 1 100000
204 125 1 100000
407 125 1 100000
613 125 1 100000
310 125 1 100000
252 125 1 100000
263 125 1 100000
271 125 1 100000
210 125 1 100000
196 125 1 100000
162 125 1 100000
