685 125 1 100000
332 125 1 100000
182 125 1 100000
207 125 1 100000
221 125 1 100000
199 125 1 100000
151 125 1 100000
148 125 1 100000
189 125 1 100000
195 125 1 100000
177 125 1 100000
159 125 1 100000
422 125 1 100000
194 125 1 100000
150 125 1 100000
217 125 1 100000
313 125 1 100000
242 125 1 100000
257 125 1 100000
296 125 1 100000
193 125 1 100000
295 125 1 100000
200 125 1 100000
156 125 1 100000
173 125 1 100000
315 125 1 100000
339 125 1 100000
353 125 1 100000
204 125 1 100000
202 125 1 100000
190 125 1 100000
313 125 1 100000
251 125 1 100000
193 125 1 100000
209 125 1 100000
392 125 1 100000
309 125 1 100000
274 125 1 100000
243 125 1 100000
227 125 1 100000
228 125 1 100000
192 125 1 100000
191 125 1 100000
203 125 1 100000
169 125 1 100000
150 125 1 100000
194 125 1 100000
190 125 1 100000
168 125 1 100000
187 125 1 100000
189 125 1 100000
814 125 1 100000
597 125 1 100000
491 125 1 100000
405 125 1 100000
284 125 1 100000
191 125 1 100000
152 125 1 100000
191 125 1 100000
153 125 1 100000
172 125 1 100000
171 125 1 100000
191 125 1 100000
207 125 1 100000
195 125 1 100000
188 125 1 100000
196 125 1 100000
152 125 1 100000
193 125 1 100000
189 125 1 100000
189 125 1 100000
198 125 1 100000
155 125 1 100000
150 125 1 100000
234 125 1 100000
192 125 1 100000
200 125 1 100000
160 125 1 100000
179 125 1 100000
169 125 1 100000
148 125 1 100000
146 125 1 100000
176 125 1 100000
192 125 1 100000
182 125 1 100000
244 125 1 100000
209 125 1 100000
192 125 1 100000
175 125 1 100000
184 125 1 100000
217 125 1 100000
205 125 1 100000
176 125 1 100000
171 125 1 100000
634 125 1 100000
275 125 1 100000
231 125 1 100000
183 125 1 100000
242 125 1 100000
203 125 1 100000
180 125 1 100000
201 125 1 100000
189 125 1 100000
149 125 1 100000
192 125 1 100000
148 125 1 100000
239 125 1 100000
180 125 1 100000
193 125 1 100000
147 125 1 100000
211 125 1 100000
198 125 1 100000
180 125 1 100000
190 125 1 100000
193 125 1 100000
192 125 1 100000
189 125 1 100000
154 125 1 100000
202 125 1 100000
191 125 1 100000
154 125 1 100000
149 125 1 100000
193 125 1 100000
190 125 1 100000
189 125 1 100000
194 125 1 100000
174 125 1 100000
190 125 1 100000
154 125 1 100000
192 125 1 100000
188 125 1 100000
188 125 1 100000
189 125 1 100000
196 125 1 100000
190 125 1 100000
196 125 1 100000
186 125 1 100000
198 125 1 100000
198 125 1 100000
191 125 1 100000
201 125 1 100000
191 125 1 100000
162 125 1 100000
155 125 1 100000
221 125 1 100000
187 125 1 100000
190 125 1 100000
149 125 1 100000
191 125 1 100000
148 125 1 100000
148 125 1 100000
201 125 1 100000
230 125 1 100000
189 125 1 100000
199 125 1 100000
156 125 1 100000
161 125 1 100000
197 125 1 100000
200 125 1 100000
244 125 1 100000
480 125 1 100000
226 125 1 100000
194 125 1 100000
184 125 1 100000
192 125 1 100000
241 125 1 100000
178 125 1 100000
527 125 1 100000
359 125 1 100000
214 125 1 100000
297 125 1 100000
753 125 1 100000
240 125 1 100000
155 125 1 100000
194 125 1 100000
193 125 1 100000
217 125 1 100000
223 125 1 100000
199 125 1 100000
204 125 1 100000
155 125 1 100000
200 125 1 100000
191 125 1 100000
152 125 1 100000
214 125 1 100000
152 125 1 100000
202 125 1 100000
170 125 1 100000
215 125 1 100000
193 125 1 100000
157 125 1 100000
193 125 1 100000
170 125 1 100000
202 125 1 100000
199 125 1 100000
218 125 1 100000
192 125 1 100000
200 125 1 100000
213 125 1 100000
518 125 1 100000
380 125 1 100000
335 125 1 100000
213 125 1 100000
213 125 1 100000
189 125 1 100000
184 125 1 100000
2202 125 1 100000
449 125 1 100000
262 125 1 100000
247 125 1 100000
257 125 1 100000
240 125 1 100000
250 125 1 100000
444 125 1 100000
502 125 1 100000
399 125 1 100000
364 125 1 100000
330 125 1 100000
303 125 1 100000
313 125 1 100000
258 125 1 100000
327 125 1 100000
249 125 1 100000
304 125 1 100000
339 125 1 100000
416 125 1 100000
206 125 1 100000
248 125 1 100000
238 125 1 100000
217 125 1 100000
200 125 1 100000
187 125 1 100000
198 125 1 100000
206 125 1 100000
203 125 1 100000
223 125 1 100000
225 125 1 100000
172 125 1 100000
155 125 1 100000
207 125 1 100000
210 125 1 100000
194 125 1 100000
172 125 1 100000
198 125 1 100000
202 125 1 100000
153 125 1 100000
185 125 1 100000
197 125 1 100000
178 125 1 100000
182 125 1 100000
