399 125 1 100000
231 125 1 100000
191 125 1 100000
162 125 1 100000
186 125 1 100000
186 125 1 100000
172 125 1 100000
187 125 1 100000
160 125 1 100000
211 125 1 100000
151 125 1 100000
142 125 1 100000
188 125 1 100000
184 125 1 100000
180 125 1 100000
145 125 1 100000
140 125 1 100000
177 125 1 100000
170 125 1 100000
189 125 1 100000
181 125 1 100000
199 125 1 100000
145 125 1 100000
143 125 1 100000
189 125 1 100000
185 125 1 100000
141 125 1 100000
147 125 1 100000
183 125 1 100000
186 125 1 100000
142 125 1 100000
183 125 1 100000
143 125 1 100000
202 125 1 100000
183 125 1 100000
183 125 1 100000
220 125 1 100000
199 125 1 100000
197 125 1 100000
154 125 1 100000
231 125 1 100000
305 125 1 100000
265 125 1 100000
330 125 1 100000
197 125 1 100000
184 125 1 100000
150 125 1 100000
189 125 1 100000
190 125 1 100000
186 125 1 100000
183 125 1 100000
188 125 1 100000
195 125 1 100000
188 125 1 100000
185 125 1 100000
146 125 1 100000
187 125 1 100000
143 125 1 100000
183 125 1 100000
167 125 1 100000
189 125 1 100000
161 125 1 100000
181 125 1 100000
188 125 1 100000
162 125 1 100000
165 125 1 100000
163 125 1 100000
196 125 1 100000
149 125 1 100000
168 125 1 100000
185 125 1 100000
154 125 1 100000
181 125 1 100000
145 125 1 100000
141 125 1 100000
169 125 1 100000
152 125 1 100000
188 125 1 100000
186 125 1 100000
184 125 1 100000
183 125 1 100000
182 125 1 100000
184 125 1 100000
188 125 1 100000
165 125 1 100000
187 125 1 100000
181 125 1 100000
153 125 1 100000
184 125 1 100000
144 125 1 100000
171 125 1 100000
191 125 1 100000
182 125 1 100000
146 125 1 100000
186 125 1 100000
194 125 1 100000
143 125 1 100000
179 125 1 100000
189 125 1 100000
202 125 1 100000
188 125 1 100000
170 125 1 100000
182 125 1 100000
184 125 1 100000
162 125 1 100000
182 125 1 100000
189 125 1 100000
149 125 1 100000
143 125 1 100000
140 125 1 100000
182 125 1 100000
198 125 1 100000
182 125 1 100000
194 125 1 100000
205 125 1 100000
189 125 1 100000
147 125 1 100000
175 125 1 100000
196 125 1 100000
187 125 1 100000
166 125 1 100000
188 125 1 100000
205 125 1 100000
193 125 1 100000
154 125 1 100000
140 125 1 100000
168 125 1 100000
284 125 1 100000
281 125 1 100000
219 125 1 100000
230 125 1 100000
180 125 1 100000
188 125 1 100000
174 125 1 100000
199 125 1 100000
147 125 1 100000
167 125 1 100000
183 125 1 100000
149 125 1 100000
168 125 1 100000
187 125 1 100000
143 125 1 100000
154 125 1 100000
185 125 1 100000
182 125 1 100000
216 125 1 100000
184 125 1 100000
148 125 1 100000
173 125 1 100000
194 125 1 100000
173 125 1 100000
173 125 1 100000
189 125 1 100000
194 125 1 100000
180 125 1 100000
184 125 1 100000
167 125 1 100000
156 125 1 100000
190 125 1 100000
144 125 1 100000
183 125 1 100000
191 125 1 100000
145 125 1 100000
185 125 1 100000
184 125 1 100000
149 125 1 100000
183 125 1 100000
189 125 1 100000
188 125 1 100000
145 125 1 100000
182 125 1 100000
181 125 1 100000
192 125 1 100000
182 125 1 100000
184 125 1 100000
166 125 1 100000
186 125 1 100000
182 125 1 100000
180 125 1 100000
183 125 1 100000
173 125 1 100000
145 125 1 100000
193 125 1 100000
173 125 1 100000
173 125 1 100000
159 125 1 100000
149 125 1 100000
157 125 1 100000
189 125 1 100000
189 125 1 100000
164 125 1 100000
184 125 1 100000
184 125 1 100000
185 125 1 100000
162 125 1 100000
164 125 1 100000
183 125 1 100000
181 125 1 100000
144 125 1 100000
185 125 1 100000
144 125 1 100000
171 125 1 100000
183 125 1 100000
201 125 1 100000
181 125 1 100000
169 125 1 100000
181 125 1 100000
196 125 1 100000
219 125 1 100000
187 125 1 100000
158 125 1 100000
189 125 1 100000
183 125 1 100000
146 125 1 100000
184 125 1 100000
182 125 1 100000
183 125 1 100000
180 125 1 100000
186 125 1 100000
188 125 1 100000
191 125 1 100000
207 125 1 100000
183 125 1 100000
183 125 1 100000
229 125 1 100000
265 125 1 100000
251 125 1 100000
262 125 1 100000
254 125 1 100000
190 125 1 100000
148 125 1 100000
174 125 1 100000
141 125 1 100000
2446 125 1 100000
211 125 1 100000
149 125 1 100000
187 125 1 100000
210 125 1 100000
156 125 1 100000
200 125 1 100000
187 125 1 100000
213 125 1 100000
165 125 1 100000
187 125 1 100000
175 125 1 100000
203 125 1 100000
187 125 1 100000
180 125 1 100000
193 125 1 100000
182 125 1 100000
