39636 360 2 100000
16485 360 2 100000
5563 360 2 100000
4663 360 2 100000
4226 360 2 100000
3492 360 2 100000
3683 360 2 100000
3157 360 2 100000
2888 360 2 100000
2656 360 2 100000
2758 360 2 100000
6498 360 2 100000
1828 360 2 100000
2097 360 2 100000
2880 360 2 100000
1615 360 2 100000
1904 360 2 100000
2399 360 2 100000
2302 360 2 100000
1548 360 2 100000
1922 360 2 100000
1517 360 2 100000
2690 360 2 100000
1928 360 2 100000
2642 360 2 100000
2313 360 2 100000
1974 360 2 100000
2080 360 2 100000
2550 360 2 100000
1569 360 2 100000
2303 360 2 100000
3034 360 2 100000
2792 360 2 100000
2161 360 2 100000
2129 360 2 100000
2551 360 2 100000
1338 360 2 100000
1430 360 2 100000
1452 360 2 100000
1057 360 2 100000
1484 360 2 100000
1316 360 2 100000
1446 360 2 100000
1574 360 2 100000
2024 360 2 100000
1786 360 2 100000
1446 360 2 100000
1722 360 2 100000
1222 360 2 100000
1364 360 2 100000
1211 360 2 100000
2375 360 2 100000
863 360 2 100000
2222 360 2 100000
1341 360 2 100000
1344 360 2 100000
1473 360 2 100000
877 360 2 100000
1287 360 2 100000
1248 360 2 100000
1382 360 2 100000
1845 360 2 100000
1743 360 2 100000
2600 360 2 100000
2134 360 2 100000
1957 360 2 100000
2073 360 2 100000
1709 360 2 100000
2167 360 2 100000
1717 360 2 100000
1902 360 2 100000
1799 360 2 100000
1864 360 2 100000
1721 360 2 100000
1484 360 2 100000
1262 360 2 100000
1866 360 2 100000
1725 360 2 100000
1715 360 2 100000
1548 360 2 100000
2450 360 2 100000
2357 360 2 100000
2051 360 2 100000
1817 360 2 100000
1945 360 2 100000
1650 360 2 100000
2042 360 2 100000
1920 360 2 100000
1559 360 2 100000
1781 360 2 100000
2009 360 2 100000
1702 360 2 100000
1950 360 2 100000
1683 360 2 100000
1566 360 2 100000
1596 360 2 100000
1692 360 2 100000
1821 360 2 100000
1904 360 2 100000
1651 360 2 100000
1788 360 2 100000
1380 360 2 100000
1680 360 2 100000
1081 360 2 100000
1942 360 2 100000
1794 360 2 100000
1531 360 2 100000
1703 360 2 100000
1999 360 2 100000
1734 360 2 100000
2655 360 2 100000
1173 360 2 100000
924 360 2 100000
1106 360 2 100000
755 360 2 100000
739 360 2 100000
833 360 2 100000
719 360 2 100000
585 360 2 100000
651 360 2 100000
626 360 2 100000
720 360 2 100000
548 360 2 100000
598 360 2 100000
778 360 2 100000
734 360 2 100000
1045 360 2 100000
809 360 2 100000
760 360 2 100000
757 360 2 100000
768 360 2 100000
840 360 2 100000
2715 360 2 100000
2856 360 2 100000
2030 360 2 100000
2126 360 2 100000
2533 360 2 100000
2796 360 2 100000
2431 360 2 100000
2617 360 2 100000
2255 360 2 100000
2593 360 2 100000
2454 360 2 100000
2515 360 2 100000
2413 360 2 100000
1776 360 2 100000
1664 360 2 100000
2025 360 2 100000
2169 360 2 100000
2315 360 2 100000
2183 360 2 100000
2514 360 2 100000
2249 360 2 100000
2578 360 2 100000
2558 360 2 100000
2199 360 2 100000
2663 360 2 100000
1739 360 2 100000
2489 360 2 100000
2727 360 2 100000
2340 360 2 100000
2226 360 2 100000
2470 360 2 100000
2136 360 2 100000
2336 360 2 100000
2703 360 2 100000
2322 360 2 100000
1736 360 2 100000
2245 360 2 100000
2561 360 2 100000
2541 360 2 100000
2428 360 2 100000
2073 360 2 100000
2689 360 2 100000
2416 360 2 100000
2086 360 2 100000
1921 360 2 100000
2084 360 2 100000
2233 360 2 100000
2606 360 2 100000
2719 360 2 100000
1733 360 2 100000
2599 360 2 100000
2561 360 2 100000
3701 360 2 100000
2618 360 2 100000
2517 360 2 100000
2165 360 2 100000
2197 360 2 100000
1963 360 2 100000
1715 360 2 100000
2068 360 2 100000
1719 360 2 100000
2718 360 2 100000
3134 360 2 100000
2488 360 2 100000
2207 360 2 100000
2320 360 2 100000
2009 360 2 100000
1544 360 2 100000
2700 360 2 100000
2090 360 2 100000
3201 360 2 100000
2413 360 2 100000
2396 360 2 100000
2153 360 2 100000
2592 360 2 100000
1846 360 2 100000
2643 360 2 100000
2015 360 2 100000
692 360 2 100000
786 360 2 100000
837 360 2 100000
824 360 2 100000
739 360 2 100000
724 360 2 100000
695 360 2 100000
784 360 2 100000
799 360 2 100000
554 360 2 100000
717 360 2 100000
589 360 2 100000
1463 360 2 100000
1045 360 2 100000
604 360 2 100000
953 360 2 100000
643 360 2 100000
718 360 2 100000
798 360 2 100000
658 360 2 100000
519 360 2 100000
771 360 2 100000
782 360 2 100000
839 360 2 100000
765 360 2 100000
747 360 2 100000
637 360 2 100000
759 360 2 100000
532 360 2 100000
685 360 2 100000
622 360 2 100000
761 360 2 100000
450 360 2 100000
943 360 2 100000
836 360 2 100000
607 360 2 100000
544 360 2 100000
744 360 2 100000
807 360 2 100000
788 360 2 100000
