1754 360 2 100000
719 360 2 100000
811 360 2 100000
775 360 2 100000
615 360 2 100000
615 360 2 100000
633 360 2 100000
773 360 2 100000
738 360 2 100000
2260 360 2 100000
1005 360 2 100000
707 360 2 100000
623 360 2 100000
675 360 2 100000
779 360 2 100000
710 360 2 100000
536 360 2 100000
605 360 2 100000
671 360 2 100000
803 360 2 100000
690 360 2 100000
713 360 2 100000
677 360 2 100000
625 360 2 100000
460 360 2 100000
790 360 2 100000
537 360 2 100000
712 360 2 100000
905 360 2 100000
644 360 2 100000
766 360 2 100000
643 360 2 100000
782 360 2 100000
693 360 2 100000
497 360 2 100000
766 360 2 100000
584 360 2 100000
668 360 2 100000
758 360 2 100000
575 360 2 100000
1036 360 2 100000
587 360 2 100000
728 360 2 100000
752 360 2 100000
701 360 2 100000
580 360 2 100000
720 360 2 100000
668 360 2 100000
740 360 2 100000
475 360 2 100000
437 360 2 100000
727 360 2 100000
628 360 2 100000
732 360 2 100000
519 360 2 100000
690 360 2 100000
710 360 2 100000
584 360 2 100000
717 360 2 100000
730 360 2 100000
628 360 2 100000
736 360 2 100000
836 360 2 100000
733 360 2 100000
573 360 2 100000
707 360 2 100000
656 360 2 100000
782 360 2 100000
674 360 2 100000
596 360 2 100000
685 360 2 100000
689 360 2 100000
621 360 2 100000
736 360 2 100000
793 360 2 100000
607 360 2 100000
519 360 2 100000
530 360 2 100000
1001 360 2 100000
643 360 2 100000
589 360 2 100000
562 360 2 100000
691 360 2 100000
643 360 2 100000
2218 360 2 100000
783 360 2 100000
1009 360 2 100000
600 360 2 100000
683 360 2 100000
569 360 2 100000
719 360 2 100000
718 360 2 100000
723 360 2 100000
546 360 2 100000
500 360 2 100000
683 360 2 100000
663 360 2 100000
528 360 2 100000
597 360 2 100000
726 360 2 100000
599 360 2 100000
599 360 2 100000
702 360 2 100000
563 360 2 100000
690 360 2 100000
675 360 2 100000
691 360 2 100000
731 360 2 100000
1025 360 2 100000
644 360 2 100000
635 360 2 100000
726 360 2 100000
691 360 2 100000
713 360 2 100000
482 360 2 100000
537 360 2 100000
635 360 2 100000
635 360 2 100000
669 360 2 100000
741 360 2 100000
678 360 2 100000
758 360 2 100000
729 360 2 100000
756 360 2 100000
638 360 2 100000
859 360 2 100000
799 360 2 100000
630 360 2 100000
730 360 2 100000
414 360 2 100000
709 360 2 100000
642 360 2 100000
714 360 2 100000
439 360 2 100000
497 360 2 100000
1714 360 2 100000
1449 360 2 100000
705 360 2 100000
489 360 2 100000
590 360 2 100000
416 360 2 100000
764 360 2 100000
447 360 2 100000
585 360 2 100000
530 360 2 100000
570 360 2 100000
488 360 2 100000
733 360 2 100000
730 360 2 100000
752 360 2 100000
631 360 2 100000
671 360 2 100000
572 360 2 100000
716 360 2 100000
728 360 2 100000
729 360 2 100000
663 360 2 100000
567 360 2 100000
478 360 2 100000
717 360 2 100000
2382 360 2 100000
832 360 2 100000
635 360 2 100000
679 360 2 100000
582 360 2 100000
655 360 2 100000
717 360 2 100000
627 360 2 100000
674 360 2 100000
616 360 2 100000
595 360 2 100000
694 360 2 100000
874 360 2 100000
542 360 2 100000
664 360 2 100000
735 360 2 100000
645 360 2 100000
701 360 2 100000
645 360 2 100000
819 360 2 100000
673 360 2 100000
665 360 2 100000
664 360 2 100000
685 360 2 100000
718 360 2 100000
683 360 2 100000
602 360 2 100000
479 360 2 100000
555 360 2 100000
720 360 2 100000
702 360 2 100000
564 360 2 100000
714 360 2 100000
656 360 2 100000
728 360 2 100000
437 360 2 100000
722 360 2 100000
555 360 2 100000
722 360 2 100000
607 360 2 100000
625 360 2 100000
570 360 2 100000
677 360 2 100000
565 360 2 100000
406 360 2 100000
657 360 2 100000
714 360 2 100000
719 360 2 100000
737 360 2 100000
742 360 2 100000
591 360 2 100000
682 360 2 100000
582 360 2 100000
729 360 2 100000
676 360 2 100000
682 360 2 100000
539 360 2 100000
655 360 2 100000
723 360 2 100000
719 360 2 100000
627 360 2 100000
691 360 2 100000
779 360 2 100000
730 360 2 100000
1028 360 2 100000
640 360 2 100000
686 360 2 100000
768 360 2 100000
718 360 2 100000
1071 360 2 100000
780 360 2 100000
742 360 2 100000
724 360 2 100000
2358 360 2 100000
1051 360 2 100000
800 360 2 100000
671 360 2 100000
694 360 2 100000
669 360 2 100000
729 360 2 100000
757 360 2 100000
552 360 2 100000
507 360 2 100000
725 360 2 100000
724 360 2 100000
701 360 2 100000
629 360 2 100000
778 360 2 100000
634 360 2 100000
696 360 2 100000
