1267 360 2 100000
811 360 2 100000
576 360 2 100000
566 360 2 100000
694 360 2 100000
671 360 2 100000
667 360 2 100000
994 360 2 100000
712 360 2 100000
672 360 2 100000
521 360 2 100000
721 360 2 100000
630 360 2 100000
711 360 2 100000
685 360 2 100000
877 360 2 100000
674 360 2 100000
709 360 2 100000
543 360 2 100000
574 360 2 100000
478 360 2 100000
606 360 2 100000
678 360 2 100000
670 360 2 100000
613 360 2 100000
669 360 2 100000
706 360 2 100000
752 360 2 100000
425 360 2 100000
707 360 2 100000
676 360 2 100000
542 360 2 100000
598 360 2 100000
668 360 2 100000
438 360 2 100000
588 360 2 100000
711 360 2 100000
565 360 2 100000
619 360 2 100000
675 360 2 100000
723 360 2 100000
1638 360 2 100000
933 360 2 100000
953 360 2 100000
982 360 2 100000
935 360 2 100000
770 360 2 100000
659 360 2 100000
663 360 2 100000
769 360 2 100000
683 360 2 100000
519 360 2 100000
587 360 2 100000
625 360 2 100000
598 360 2 100000
1000 360 2 100000
871 360 2 100000
704 360 2 100000
801 360 2 100000
3006 360 2 100000
824 360 2 100000
665 360 2 100000
752 360 2 100000
764 360 2 100000
2113 360 2 100000
2641 360 2 100000
2104 360 2 100000
2635 360 2 100000
2217 360 2 100000
1569 360 2 100000
1255 360 2 100000
1698 360 2 100000
1220 360 2 100000
1088 360 2 100000
991 360 2 100000
950 360 2 100000
797 360 2 100000
1116 360 2 100000
991 360 2 100000
1168 360 2 100000
1138 360 2 100000
954 360 2 100000
1223 360 2 100000
1059 360 2 100000
980 360 2 100000
1161 360 2 100000
1161 360 2 100000
1124 360 2 100000
980 360 2 100000
998 360 2 100000
804 360 2 100000
1057 360 2 100000
908 360 2 100000
1098 360 2 100000
1032 360 2 100000
1096 360 2 100000
910 360 2 100000
894 360 2 100000
1102 360 2 100000
1017 360 2 100000
715 360 2 100000
995 360 2 100000
1903 360 2 100000
1279 360 2 100000
925 360 2 100000
966 360 2 100000
2634 360 2 100000
787 360 2 100000
1183 360 2 100000
1123 360 2 100000
676 360 2 100000
990 360 2 100000
1078 360 2 100000
804 360 2 100000
712 360 2 100000
944 360 2 100000
1109 360 2 100000
1032 360 2 100000
1010 360 2 100000
1198 360 2 100000
1091 360 2 100000
1217 360 2 100000
1100 360 2 100000
1113 360 2 100000
1219 360 2 100000
1292 360 2 100000
1301 360 2 100000
972 360 2 100000
1260 360 2 100000
802 360 2 100000
793 360 2 100000
1157 360 2 100000
1188 360 2 100000
1171 360 2 100000
1139 360 2 100000
746 360 2 100000
2807 360 2 100000
1080 360 2 100000
935 360 2 100000
1203 360 2 100000
1090 360 2 100000
935 360 2 100000
1231 360 2 100000
1004 360 2 100000
1022 360 2 100000
905 360 2 100000
2401 360 2 100000
1345 360 2 100000
1071 360 2 100000
1096 360 2 100000
1036 360 2 100000
1027 360 2 100000
1403 360 2 100000
1589 360 2 100000
906 360 2 100000
1087 360 2 100000
913 360 2 100000
1111 360 2 100000
1254 360 2 100000
949 360 2 100000
1211 360 2 100000
861 360 2 100000
1045 360 2 100000
1162 360 2 100000
1074 360 2 100000
910 360 2 100000
1118 360 2 100000
1339 360 2 100000
1146 360 2 100000
829 360 2 100000
1116 360 2 100000
1004 360 2 100000
1138 360 2 100000
1066 360 2 100000
1256 360 2 100000
1117 360 2 100000
1176 360 2 100000
1092 360 2 100000
1007 360 2 100000
1194 360 2 100000
943 360 2 100000
1014 360 2 100000
1078 360 2 100000
1934 360 2 100000
814 360 2 100000
1042 360 2 100000
1178 360 2 100000
711 360 2 100000
1140 360 2 100000
1224 360 2 100000
1227 360 2 100000
985 360 2 100000
1080 360 2 100000
924 360 2 100000
1020 360 2 100000
1103 360 2 100000
1050 360 2 100000
1913 360 2 100000
1336 360 2 100000
1178 360 2 100000
1135 360 2 100000
1225 360 2 100000
962 360 2 100000
1127 360 2 100000
1010 360 2 100000
1204 360 2 100000
1148 360 2 100000
975 360 2 100000
3476 360 2 100000
1112 360 2 100000
1175 360 2 100000
900 360 2 100000
1061 360 2 100000
952 360 2 100000
958 360 2 100000
1095 360 2 100000
1142 360 2 100000
1007 360 2 100000
738 360 2 100000
1113 360 2 100000
1136 360 2 100000
1141 360 2 100000
999 360 2 100000
1075 360 2 100000
2009 360 2 100000
1258 360 2 100000
1074 360 2 100000
817 360 2 100000
1058 360 2 100000
990 360 2 100000
1117 360 2 100000
1148 360 2 100000
949 360 2 100000
700 360 2 100000
1079 360 2 100000
1079 360 2 100000
865 360 2 100000
1091 360 2 100000
1039 360 2 100000
1234 360 2 100000
1062 360 2 100000
962 360 2 100000
990 360 2 100000
1258 360 2 100000
994 360 2 100000
756 360 2 100000
1087 360 2 100000
1123 360 2 100000
1120 360 2 100000
1029 360 2 100000
