1574 360 2 100000
739 360 2 100000
585 360 2 100000
901 360 2 100000
684 360 2 100000
787 360 2 100000
583 360 2 100000
545 360 2 100000
659 360 2 100000
1615 360 2 100000
816 360 2 100000
711 360 2 100000
760 360 2 100000
716 360 2 100000
600 360 2 100000
649 360 2 100000
673 360 2 100000
601 360 2 100000
670 360 2 100000
698 360 2 100000
443 360 2 100000
590 360 2 100000
629 360 2 100000
730 360 2 100000
620 360 2 100000
690 360 2 100000
622 360 2 100000
561 360 2 100000
611 360 2 100000
646 360 2 100000
652 360 2 100000
404 360 2 100000
3927 360 2 100000
562 360 2 100000
776 360 2 100000
555 360 2 100000
688 360 2 100000
713 360 2 100000
687 360 2 100000
651 360 2 100000
524 360 2 100000
645 360 2 100000
562 360 2 100000
749 360 2 100000
659 360 2 100000
660 360 2 100000
659 360 2 100000
528 360 2 100000
583 360 2 100000
753 360 2 100000
525 360 2 100000
568 360 2 100000
710 360 2 100000
698 360 2 100000
611 360 2 100000
720 360 2 100000
695 360 2 100000
734 360 2 100000
655 360 2 100000
1015 360 2 100000
552 360 2 100000
746 360 2 100000
737 360 2 100000
708 360 2 100000
706 360 2 100000
622 360 2 100000
713 360 2 100000
675 360 2 100000
686 360 2 100000
474 360 2 100000
676 360 2 100000
674 360 2 100000
603 360 2 100000
715 360 2 100000
626 360 2 100000
666 360 2 100000
752 360 2 100000
643 360 2 100000
1738 360 2 100000
950 360 2 100000
850 360 2 100000
600 360 2 100000
686 360 2 100000
656 360 2 100000
418 360 2 100000
479 360 2 100000
723 360 2 100000
652 360 2 100000
713 360 2 100000
753 360 2 100000
658 360 2 100000
751 360 2 100000
494 360 2 100000
676 360 2 100000
584 360 2 100000
677 360 2 100000
690 360 2 100000
729 360 2 100000
440 360 2 100000
573 360 2 100000
479 360 2 100000
598 360 2 100000
549 360 2 100000
689 360 2 100000
3774 360 2 100000
697 360 2 100000
694 360 2 100000
656 360 2 100000
685 360 2 100000
672 360 2 100000
688 360 2 100000
661 360 2 100000
712 360 2 100000
658 360 2 100000
710 360 2 100000
650 360 2 100000
554 360 2 100000
479 360 2 100000
688 360 2 100000
484 360 2 100000
739 360 2 100000
639 360 2 100000
660 360 2 100000
797 360 2 100000
977 360 2 100000
912 360 2 100000
807 360 2 100000
715 360 2 100000
658 360 2 100000
576 360 2 100000
645 360 2 100000
484 360 2 100000
470 360 2 100000
672 360 2 100000
648 360 2 100000
660 360 2 100000
541 360 2 100000
759 360 2 100000
662 360 2 100000
435 360 2 100000
688 360 2 100000
461 360 2 100000
690 360 2 100000
666 360 2 100000
445 360 2 100000
653 360 2 100000
600 360 2 100000
711 360 2 100000
776 360 2 100000
667 360 2 100000
854 360 2 100000
804 360 2 100000
969 360 2 100000
672 360 2 100000
721 360 2 100000
661 360 2 100000
735 360 2 100000
497 360 2 100000
743 360 2 100000
740 360 2 100000
634 360 2 100000
680 360 2 100000
738 360 2 100000
679 360 2 100000
641 360 2 100000
596 360 2 100000
728 360 2 100000
601 360 2 100000
586 360 2 100000
745 360 2 100000
723 360 2 100000
741 360 2 100000
734 360 2 100000
753 360 2 100000
921 360 2 100000
1092 360 2 100000
3660 360 2 100000
784 360 2 100000
702 360 2 100000
571 360 2 100000
650 360 2 100000
660 360 2 100000
491 360 2 100000
665 360 2 100000
649 360 2 100000
723 360 2 100000
644 360 2 100000
535 360 2 100000
520 360 2 100000
689 360 2 100000
762 360 2 100000
770 360 2 100000
727 360 2 100000
448 360 2 100000
746 360 2 100000
980 360 2 100000
662 360 2 100000
611 360 2 100000
744 360 2 100000
504 360 2 100000
677 360 2 100000
670 360 2 100000
725 360 2 100000
410 360 2 100000
721 360 2 100000
680 360 2 100000
808 360 2 100000
1571 360 2 100000
690 360 2 100000
576 360 2 100000
714 360 2 100000
617 360 2 100000
725 360 2 100000
1062 360 2 100000
662 360 2 100000
1086 360 2 100000
1066 360 2 100000
645 360 2 100000
546 360 2 100000
554 360 2 100000
526 360 2 100000
666 360 2 100000
771 360 2 100000
726 360 2 100000
614 360 2 100000
732 360 2 100000
453 360 2 100000
639 360 2 100000
667 360 2 100000
666 360 2 100000
730 360 2 100000
755 360 2 100000
659 360 2 100000
587 360 2 100000
658 360 2 100000
760 360 2 100000
707 360 2 100000
602 360 2 100000
573 360 2 100000
737 360 2 100000
1112 360 2 100000
965 360 2 100000
838 360 2 100000
494 360 2 100000
1458 360 2 100000
538 360 2 100000
609 360 2 100000
545 360 2 100000
477 360 2 100000
629 360 2 100000
