51213 735 3 100000
16771 735 3 100000
8180 735 3 100000
7507 735 3 100000
8007 735 3 100000
8290 735 3 100000
5959 735 3 100000
5802 735 3 100000
4261 735 3 100000
3959 735 3 100000
5161 735 3 100000
7622 735 3 100000
6064 735 3 100000
4654 735 3 100000
4650 735 3 100000
4758 735 3 100000
6301 735 3 100000
6166 735 3 100000
6799 735 3 100000
6447 735 3 100000
6103 735 3 100000
4021 735 3 100000
6999 735 3 100000
4710 735 3 100000
5016 735 3 100000
6953 735 3 100000
5043 735 3 100000
7158 735 3 100000
7659 735 3 100000
8106 735 3 100000
3359 735 3 100000
3771 735 3 100000
3766 735 3 100000
3559 735 3 100000
3992 735 3 100000
4564 735 3 100000
3628 735 3 100000
3783 735 3 100000
3079 735 3 100000
3223 735 3 100000
4103 735 3 100000
5725 735 3 100000
10483 735 3 100000
7480 735 3 100000
2931 735 3 100000
2315 735 3 100000
2539 735 3 100000
3250 735 3 100000
2022 735 3 100000
2567 735 3 100000
2755 735 3 100000
2995 735 3 100000
2800 735 3 100000
3785 735 3 100000
1857 735 3 100000
4672 735 3 100000
3512 735 3 100000
3729 735 3 100000
2628 735 3 100000
3210 735 3 100000
3567 735 3 100000
2329 735 3 100000
2523 735 3 100000
2004 735 3 100000
2635 735 3 100000
3256 735 3 100000
3188 735 3 100000
3192 735 3 100000
3022 735 3 100000
2443 735 3 100000
2277 735 3 100000
2874 735 3 100000
2930 735 3 100000
2484 735 3 100000
2961 735 3 100000
2441 735 3 100000
3557 735 3 100000
2074 735 3 100000
2771 735 3 100000
2180 735 3 100000
2957 735 3 100000
2413 735 3 100000
1576 735 3 100000
2828 735 3 100000
3023 735 3 100000
2455 735 3 100000
2676 735 3 100000
1877 735 3 100000
3100 735 3 100000
2633 735 3 100000
1991 735 3 100000
3130 735 3 100000
1643 735 3 100000
2734 735 3 100000
3274 735 3 100000
1999 735 3 100000
1894 735 3 100000
2956 735 3 100000
2516 735 3 100000
2697 735 3 100000
5027 735 3 100000
2604 735 3 100000
3363 735 3 100000
3035 735 3 100000
1836 735 3 100000
2005 735 3 100000
2312 735 3 100000
1835 735 3 100000
2937 735 3 100000
3668 735 3 100000
2450 735 3 100000
2277 735 3 100000
2072 735 3 100000
2592 735 3 100000
2725 735 3 100000
2125 735 3 100000
2859 735 3 100000
2730 735 3 100000
2380 735 3 100000
2295 735 3 100000
2683 735 3 100000
2357 735 3 100000
2584 735 3 100000
3502 735 3 100000
2754 735 3 100000
2952 735 3 100000
2628 735 3 100000
2576 735 3 100000
3122 735 3 100000
1789 735 3 100000
3398 735 3 100000
3069 735 3 100000
1901 735 3 100000
2462 735 3 100000
3447 735 3 100000
2760 735 3 100000
1794 735 3 100000
2831 735 3 100000
2312 735 3 100000
3060 735 3 100000
1864 735 3 100000
2999 735 3 100000
1860 735 3 100000
2507 735 3 100000
2687 735 3 100000
2265 735 3 100000
5165 735 3 100000
3203 735 3 100000
2487 735 3 100000
1796 735 3 100000
2850 735 3 100000
2310 735 3 100000
1961 735 3 100000
3465 735 3 100000
2004 735 3 100000
2108 735 3 100000
2980 735 3 100000
2259 735 3 100000
3281 735 3 100000
2494 735 3 100000
2350 735 3 100000
2617 735 3 100000
1919 735 3 100000
1513 735 3 100000
1411 735 3 100000
1999 735 3 100000
2588 735 3 100000
3735 735 3 100000
2113 735 3 100000
2192 735 3 100000
3388 735 3 100000
1905 735 3 100000
1570 735 3 100000
2786 735 3 100000
2406 735 3 100000
2112 735 3 100000
2689 735 3 100000
3423 735 3 100000
3016 735 3 100000
2755 735 3 100000
2081 735 3 100000
1704 735 3 100000
1672 735 3 100000
2408 735 3 100000
2111 735 3 100000
2618 735 3 100000
3660 735 3 100000
3556 735 3 100000
3078 735 3 100000
1763 735 3 100000
2970 735 3 100000
2649 735 3 100000
2736 735 3 100000
3967 735 3 100000
3599 735 3 100000
2709 735 3 100000
1927 735 3 100000
2342 735 3 100000
2781 735 3 100000
2751 735 3 100000
2164 735 3 100000
2168 735 3 100000
1915 735 3 100000
2242 735 3 100000
2463 735 3 100000
3626 735 3 100000
2407 735 3 100000
2490 735 3 100000
1920 735 3 100000
2413 735 3 100000
2896 735 3 100000
2307 735 3 100000
2124 735 3 100000
2183 735 3 100000
2351 735 3 100000
2484 735 3 100000
2428 735 3 100000
1922 735 3 100000
4685 735 3 100000
2821 735 3 100000
1919 735 3 100000
1883 735 3 100000
2436 735 3 100000
1928 735 3 100000
2471 735 3 100000
2715 735 3 100000
1866 735 3 100000
1948 735 3 100000
2472 735 3 100000
1865 735 3 100000
1701 735 3 100000
1815 735 3 100000
1941 735 3 100000
2707 735 3 100000
2069 735 3 100000
2466 735 3 100000
1853 735 3 100000
1788 735 3 100000
2412 735 3 100000
2208 735 3 100000
2234 735 3 100000
1901 735 3 100000
4169 735 3 100000
2058 735 3 100000
1967 735 3 100000
2722 735 3 100000
2075 735 3 100000
2032 735 3 100000
1487 735 3 100000
2012 735 3 100000
