2143 735 3 100000
2369 735 3 100000
2388 735 3 100000
1906 735 3 100000
2145 735 3 100000
2332 735 3 100000
1596 735 3 100000
2193 735 3 100000
2055 735 3 100000
1778 735 3 100000
2188 735 3 100000
2200 735 3 100000
2062 735 3 100000
2196 735 3 100000
2080 735 3 100000
4670 735 3 100000
1567 735 3 100000
1849 735 3 100000
2569 735 3 100000
3256 735 3 100000
2586 735 3 100000
2546 735 3 100000
1914 735 3 100000
1733 735 3 100000
2309 735 3 100000
2290 735 3 100000
2536 735 3 100000
3320 735 3 100000
1620 735 3 100000
1838 735 3 100000
2102 735 3 100000
2239 735 3 100000
2234 735 3 100000
1822 735 3 100000
3019 735 3 100000
1687 735 3 100000
2118 735 3 100000
6182 735 3 100000
7155 735 3 100000
3375 735 3 100000
3633 735 3 100000
4581 735 3 100000
4357 735 3 100000
3813 735 3 100000
3884 735 3 100000
2663 735 3 100000
2203 735 3 100000
1502 735 3 100000
2688 735 3 100000
2083 735 3 100000
1857 735 3 100000
1769 735 3 100000
1799 735 3 100000
1448 735 3 100000
3908 735 3 100000
2781 735 3 100000
2079 735 3 100000
2206 735 3 100000
2003 735 3 100000
1956 735 3 100000
1938 735 3 100000
3462 735 3 100000
3307 735 3 100000
1876 735 3 100000
1987 735 3 100000
3894 735 3 100000
1942 735 3 100000
2812 735 3 100000
2521 735 3 100000
1655 735 3 100000
2316 735 3 100000
2306 735 3 100000
2249 735 3 100000
2369 735 3 100000
2460 735 3 100000
2047 735 3 100000
2422 735 3 100000
1865 735 3 100000
2067 735 3 100000
1986 735 3 100000
1658 735 3 100000
2342 735 3 100000
2091 735 3 100000
3192 735 3 100000
2779 735 3 100000
2094 735 3 100000
2063 735 3 100000
2090 735 3 100000
1930 735 3 100000
2533 735 3 100000
2112 735 3 100000
1785 735 3 100000
3772 735 3 100000
1658 735 3 100000
1790 735 3 100000
1731 735 3 100000
2459 735 3 100000
1745 735 3 100000
2138 735 3 100000
2039 735 3 100000
1410 735 3 100000
1793 735 3 100000
1785 735 3 100000
2070 735 3 100000
2265 735 3 100000
2007 735 3 100000
1722 735 3 100000
2570 735 3 100000
3128 735 3 100000
1384 735 3 100000
1713 735 3 100000
1602 735 3 100000
1604 735 3 100000
2092 735 3 100000
1813 735 3 100000
2354 735 3 100000
1744 735 3 100000
2355 735 3 100000
1637 735 3 100000
1982 735 3 100000
2140 735 3 100000
2250 735 3 100000
4263 735 3 100000
1938 735 3 100000
2334 735 3 100000
1844 735 3 100000
2329 735 3 100000
1441 735 3 100000
2097 735 3 100000
1913 735 3 100000
1946 735 3 100000
2044 735 3 100000
1716 735 3 100000
2103 735 3 100000
1919 735 3 100000
1512 735 3 100000
1779 735 3 100000
2049 735 3 100000
1828 735 3 100000
2233 735 3 100000
1856 735 3 100000
2025 735 3 100000
2291 735 3 100000
2343 735 3 100000
1909 735 3 100000
1931 735 3 100000
2419 735 3 100000
2322 735 3 100000
2068 735 3 100000
2148 735 3 100000
4949 735 3 100000
3221 735 3 100000
4959 735 3 100000
4082 735 3 100000
3720 735 3 100000
2576 735 3 100000
4488 735 3 100000
3770 735 3 100000
4072 735 3 100000
3835 735 3 100000
1579 735 3 100000
1674 735 3 100000
1888 735 3 100000
1487 735 3 100000
2464 735 3 100000
1756 735 3 100000
2163 735 3 100000
2248 735 3 100000
2091 735 3 100000
1954 735 3 100000
1558 735 3 100000
2165 735 3 100000
2342 735 3 100000
1592 735 3 100000
1973 735 3 100000
1946 735 3 100000
2047 735 3 100000
1626 735 3 100000
1607 735 3 100000
2302 735 3 100000
1376 735 3 100000
2234 735 3 100000
1672 735 3 100000
1650 735 3 100000
3950 735 3 100000
1602 735 3 100000
2046 735 3 100000
1978 735 3 100000
2084 735 3 100000
1926 735 3 100000
1633 735 3 100000
1914 735 3 100000
2189 735 3 100000
1616 735 3 100000
1600 735 3 100000
1790 735 3 100000
1532 735 3 100000
2098 735 3 100000
1467 735 3 100000
1758 735 3 100000
2031 735 3 100000
2146 735 3 100000
2083 735 3 100000
2384 735 3 100000
1327 735 3 100000
2128 735 3 100000
2108 735 3 100000
2698 735 3 100000
1813 735 3 100000
2260 735 3 100000
1554 735 3 100000
1854 735 3 100000
1854 735 3 100000
3318 735 3 100000
1345 735 3 100000
2006 735 3 100000
1434 735 3 100000
2370 735 3 100000
2079 735 3 100000
3387 735 3 100000
1566 735 3 100000
1766 735 3 100000
1977 735 3 100000
2209 735 3 100000
2218 735 3 100000
2003 735 3 100000
2791 735 3 100000
1950 735 3 100000
1567 735 3 100000
3934 735 3 100000
1876 735 3 100000
1930 735 3 100000
1821 735 3 100000
1782 735 3 100000
2244 735 3 100000
1706 735 3 100000
1677 735 3 100000
1410 735 3 100000
2256 735 3 100000
1797 735 3 100000
1551 735 3 100000
1674 735 3 100000
2003 735 3 100000
2077 735 3 100000
1777 735 3 100000
2008 735 3 100000
1846 735 3 100000
1566 735 3 100000
2489 735 3 100000
2432 735 3 100000
