1890 735 3 100000
1687 735 3 100000
2149 735 3 100000
2394 735 3 100000
1560 735 3 100000
3561 735 3 100000
2106 735 3 100000
2026 735 3 100000
2024 735 3 100000
1773 735 3 100000
2114 735 3 100000
1418 735 3 100000
2189 735 3 100000
2065 735 3 100000
2135 735 3 100000
1951 735 3 100000
2020 735 3 100000
1433 735 3 100000
2124 735 3 100000
2197 735 3 100000
1708 735 3 100000
1986 735 3 100000
1914 735 3 100000
2071 735 3 100000
1498 735 3 100000
1375 735 3 100000
2081 735 3 100000
2291 735 3 100000
2360 735 3 100000
1955 735 3 100000
2427 735 3 100000
1723 735 3 100000
2089 735 3 100000
2363 735 3 100000
1837 735 3 100000
1713 735 3 100000
1557 735 3 100000
1782 735 3 100000
2621 735 3 100000
1765 735 3 100000
1804 735 3 100000
2984 735 3 100000
2401 735 3 100000
1896 735 3 100000
2390 735 3 100000
1461 735 3 100000
1592 735 3 100000
2058 735 3 100000
1487 735 3 100000
2618 735 3 100000
1320 735 3 100000
2142 735 3 100000
2547 735 3 100000
2843 735 3 100000
1991 735 3 100000
1528 735 3 100000
2193 735 3 100000
1744 735 3 100000
2190 735 3 100000
1712 735 3 100000
1939 735 3 100000
2630 735 3 100000
1521 735 3 100000
1978 735 3 100000
1381 735 3 100000
2317 735 3 100000
1760 735 3 100000
2250 735 3 100000
1348 735 3 100000
1792 735 3 100000
2345 735 3 100000
2280 735 3 100000
2156 735 3 100000
1922 735 3 100000
1287 735 3 100000
1883 735 3 100000
3901 735 3 100000
2266 735 3 100000
1789 735 3 100000
1596 735 3 100000
2056 735 3 100000
1769 735 3 100000
1613 735 3 100000
1738 735 3 100000
1751 735 3 100000
2366 735 3 100000
2199 735 3 100000
1831 735 3 100000
2079 735 3 100000
2306 735 3 100000
2359 735 3 100000
1705 735 3 100000
1744 735 3 100000
1754 735 3 100000
1932 735 3 100000
2390 735 3 100000
2335 735 3 100000
1527 735 3 100000
1423 735 3 100000
1664 735 3 100000
2954 735 3 100000
1820 735 3 100000
1900 735 3 100000
3023 735 3 100000
1748 735 3 100000
1587 735 3 100000
1550 735 3 100000
1535 735 3 100000
2101 735 3 100000
1397 735 3 100000
2775 735 3 100000
3268 735 3 100000
4338 735 3 100000
2105 735 3 100000
2188 735 3 100000
2104 735 3 100000
1825 735 3 100000
2907 735 3 100000
2288 735 3 100000
1848 735 3 100000
2164 735 3 100000
2120 735 3 100000
2327 735 3 100000
2870 735 3 100000
6601 735 3 100000
7893 735 3 100000
3382 735 3 100000
3209 735 3 100000
2792 735 3 100000
3706 735 3 100000
3418 735 3 100000
4310 735 3 100000
3213 735 3 100000
4045 735 3 100000
3299 735 3 100000
6177 735 3 100000
3555 735 3 100000
3455 735 3 100000
2843 735 3 100000
3060 735 3 100000
4379 735 3 100000
3962 735 3 100000
3810 735 3 100000
3340 735 3 100000
4277 735 3 100000
5152 735 3 100000
4338 735 3 100000
3617 735 3 100000
3346 735 3 100000
3210 735 3 100000
3411 735 3 100000
3073 735 3 100000
3668 735 3 100000
2908 735 3 100000
4037 735 3 100000
2540 735 3 100000
7726 735 3 100000
3196 735 3 100000
3265 735 3 100000
3105 735 3 100000
2428 735 3 100000
3355 735 3 100000
3339 735 3 100000
4118 735 3 100000
3051 735 3 100000
3792 735 3 100000
3632 735 3 100000
3946 735 3 100000
2594 735 3 100000
3663 735 3 100000
2303 735 3 100000
2897 735 3 100000
2864 735 3 100000
2842 735 3 100000
3809 735 3 100000
2969 735 3 100000
2981 735 3 100000
2044 735 3 100000
3059 735 3 100000
3841 735 3 100000
5916 735 3 100000
4253 735 3 100000
2961 735 3 100000
3496 735 3 100000
3239 735 3 100000
3080 735 3 100000
3200 735 3 100000
3668 735 3 100000
3290 735 3 100000
3428 735 3 100000
3720 735 3 100000
3123 735 3 100000
2909 735 3 100000
2479 735 3 100000
2661 735 3 100000
3369 735 3 100000
4254 735 3 100000
4095 735 3 100000
3054 735 3 100000
4435 735 3 100000
4279 735 3 100000
4572 735 3 100000
3938 735 3 100000
2469 735 3 100000
3620 735 3 100000
2770 735 3 100000
3658 735 3 100000
3034 735 3 100000
2802 735 3 100000
4535 735 3 100000
3939 735 3 100000
3127 735 3 100000
3140 735 3 100000
2906 735 3 100000
5462 735 3 100000
4662 735 3 100000
6266 735 3 100000
5460 735 3 100000
5731 735 3 100000
4451 735 3 100000
4578 735 3 100000
6167 735 3 100000
5398 735 3 100000
5151 735 3 100000
6419 735 3 100000
4223 735 3 100000
6338 735 3 100000
4656 735 3 100000
2653 735 3 100000
2244 735 3 100000
3824 735 3 100000
3661 735 3 100000
3690 735 3 100000
3425 735 3 100000
2353 735 3 100000
3368 735 3 100000
3249 735 3 100000
4381 735 3 100000
2794 735 3 100000
2927 735 3 100000
3034 735 3 100000
3922 735 3 100000
4264 735 3 100000
2741 735 3 100000
2807 735 3 100000
2712 735 3 100000
2524 735 3 100000
2665 735 3 100000
4164 735 3 100000
2718 735 3 100000
