2252 735 3 100000
1620 735 3 100000
2272 735 3 100000
2541 735 3 100000
2253 735 3 100000
1912 735 3 100000
1222 735 3 100000
1471 735 3 100000
3845 735 3 100000
1574 735 3 100000
2201 735 3 100000
2239 735 3 100000
2454 735 3 100000
1499 735 3 100000
2186 735 3 100000
1455 735 3 100000
2089 735 3 100000
2063 735 3 100000
1645 735 3 100000
2311 735 3 100000
1806 735 3 100000
1973 735 3 100000
2059 735 3 100000
1928 735 3 100000
2563 735 3 100000
1496 735 3 100000
1616 735 3 100000
2278 735 3 100000
1874 735 3 100000
1503 735 3 100000
1895 735 3 100000
1965 735 3 100000
1477 735 3 100000
2055 735 3 100000
2305 735 3 100000
2067 735 3 100000
2407 735 3 100000
2003 735 3 100000
2031 735 3 100000
1850 735 3 100000
2170 735 3 100000
1521 735 3 100000
2078 735 3 100000
1880 735 3 100000
1477 735 3 100000
2568 735 3 100000
1986 735 3 100000
1971 735 3 100000
1453 735 3 100000
4269 735 3 100000
1542 735 3 100000
1644 735 3 100000
2854 735 3 100000
2074 735 3 100000
2343 735 3 100000
1601 735 3 100000
2225 735 3 100000
1769 735 3 100000
2209 735 3 100000
1572 735 3 100000
2017 735 3 100000
2265 735 3 100000
1983 735 3 100000
1319 735 3 100000
2016 735 3 100000
2336 735 3 100000
1928 735 3 100000
2285 735 3 100000
2384 735 3 100000
2093 735 3 100000
1739 735 3 100000
1493 735 3 100000
1921 735 3 100000
1750 735 3 100000
1776 735 3 100000
2474 735 3 100000
2616 735 3 100000
2387 735 3 100000
1952 735 3 100000
1720 735 3 100000
1588 735 3 100000
1966 735 3 100000
2136 735 3 100000
2015 735 3 100000
3363 735 3 100000
2506 735 3 100000
2326 735 3 100000
1661 735 3 100000
4547 735 3 100000
2171 735 3 100000
1353 735 3 100000
2218 735 3 100000
2284 735 3 100000
2091 735 3 100000
1740 735 3 100000
2273 735 3 100000
2303 735 3 100000
2119 735 3 100000
2033 735 3 100000
2051 735 3 100000
2281 735 3 100000
1779 735 3 100000
1915 735 3 100000
1645 735 3 100000
1587 735 3 100000
2037 735 3 100000
2363 735 3 100000
1594 735 3 100000
1707 735 3 100000
2624 735 3 100000
1743 735 3 100000
2285 735 3 100000
1612 735 3 100000
2209 735 3 100000
1712 735 3 100000
1913 735 3 100000
1461 735 3 100000
2171 735 3 100000
2455 735 3 100000
1788 735 3 100000
1758 735 3 100000
2026 735 3 100000
2218 735 3 100000
2435 735 3 100000
1606 735 3 100000
2579 735 3 100000
2050 735 3 100000
2004 735 3 100000
1749 735 3 100000
4224 735 3 100000
1411 735 3 100000
1637 735 3 100000
1671 735 3 100000
1769 735 3 100000
1635 735 3 100000
3891 735 3 100000
2284 735 3 100000
1729 735 3 100000
1328 735 3 100000
2060 735 3 100000
2883 735 3 100000
4427 735 3 100000
2296 735 3 100000
1665 735 3 100000
2911 735 3 100000
3824 735 3 100000
2333 735 3 100000
2391 735 3 100000
2192 735 3 100000
1839 735 3 100000
2250 735 3 100000
1618 735 3 100000
3713 735 3 100000
1989 735 3 100000
1459 735 3 100000
1977 735 3 100000
1890 735 3 100000
2220 735 3 100000
1397 735 3 100000
2177 735 3 100000
1876 735 3 100000
1925 735 3 100000
1900 735 3 100000
3217 735 3 100000
2418 735 3 100000
1770 735 3 100000
1637 735 3 100000
2167 735 3 100000
1713 735 3 100000
2505 735 3 100000
2028 735 3 100000
3730 735 3 100000
2286 735 3 100000
2081 735 3 100000
1928 735 3 100000
2452 735 3 100000
1464 735 3 100000
2010 735 3 100000
1413 735 3 100000
2012 735 3 100000
1665 735 3 100000
1674 735 3 100000
1836 735 3 100000
1368 735 3 100000
1584 735 3 100000
1410 735 3 100000
1735 735 3 100000
2142 735 3 100000
2012 735 3 100000
2050 735 3 100000
2241 735 3 100000
2032 735 3 100000
1587 735 3 100000
3113 735 3 100000
2410 735 3 100000
1940 735 3 100000
2519 735 3 100000
1501 735 3 100000
2259 735 3 100000
2095 735 3 100000
1801 735 3 100000
2188 735 3 100000
2411 735 3 100000
2070 735 3 100000
1719 735 3 100000
1620 735 3 100000
2224 735 3 100000
1529 735 3 100000
2350 735 3 100000
1759 735 3 100000
1784 735 3 100000
2278 735 3 100000
2417 735 3 100000
4290 735 3 100000
1772 735 3 100000
2008 735 3 100000
1837 735 3 100000
1760 735 3 100000
2017 735 3 100000
2099 735 3 100000
1722 735 3 100000
1742 735 3 100000
2361 735 3 100000
2066 735 3 100000
2232 735 3 100000
1761 735 3 100000
1460 735 3 100000
1573 735 3 100000
1926 735 3 100000
1907 735 3 100000
2133 735 3 100000
2175 735 3 100000
2353 735 3 100000
2063 735 3 100000
1605 735 3 100000
1794 735 3 100000
2229 735 3 100000
1433 735 3 100000
2029 735 3 100000
2267 735 3 100000
2116 735 3 100000
1576 735 3 100000
2419 735 3 100000
1881 735 3 100000
2112 735 3 100000
2115 735 3 100000
2174 735 3 100000
1489 735 3 100000
1931 735 3 100000
1480 735 3 100000
