74031 1280 4 100000
16732 1280 4 100000
16730 1280 4 100000
10321 1280 4 100000
13375 1280 4 100000
13903 1280 4 100000
15979 1280 4 100000
13730 1280 4 100000
13817 1280 4 100000
17881 1280 4 100000
16497 1280 4 100000
13936 1280 4 100000
14980 1280 4 100000
10630 1280 4 100000
10116 1280 4 100000
12190 1280 4 100000
9724 1280 4 100000
6852 1280 4 100000
5025 1280 4 100000
7609 1280 4 100000
8548 1280 4 100000
6350 1280 4 100000
5155 1280 4 100000
5439 1280 4 100000
6335 1280 4 100000
5343 1280 4 100000
5955 1280 4 100000
5269 1280 4 100000
5508 1280 4 100000
5577 1280 4 100000
6718 1280 4 100000
4428 1280 4 100000
7677 1280 4 100000
5601 1280 4 100000
6264 1280 4 100000
4261 1280 4 100000
4042 1280 4 100000
5686 1280 4 100000
6029 1280 4 100000
6647 1280 4 100000
5531 1280 4 100000
6388 1280 4 100000
5174 1280 4 100000
5691 1280 4 100000
4715 1280 4 100000
4781 1280 4 100000
5858 1280 4 100000
5947 1280 4 100000
6506 1280 4 100000
5687 1280 4 100000
4430 1280 4 100000
4093 1280 4 100000
15570 1280 4 100000
18084 1280 4 100000
15851 1280 4 100000
17051 1280 4 100000
17373 1280 4 100000
14254 1280 4 100000
15587 1280 4 100000
15623 1280 4 100000
16674 1280 4 100000
16712 1280 4 100000
11408 1280 4 100000
4603 1280 4 100000
5661 1280 4 100000
6801 1280 4 100000
4869 1280 4 100000
8317 1280 4 100000
5451 1280 4 100000
5391 1280 4 100000
6167 1280 4 100000
7340 1280 4 100000
4810 1280 4 100000
8075 1280 4 100000
5720 1280 4 100000
7930 1280 4 100000
6855 1280 4 100000
6994 1280 4 100000
6431 1280 4 100000
3864 1280 4 100000
4983 1280 4 100000
3772 1280 4 100000
6251 1280 4 100000
5570 1280 4 100000
4265 1280 4 100000
4834 1280 4 100000
4520 1280 4 100000
4374 1280 4 100000
5850 1280 4 100000
5259 1280 4 100000
5522 1280 4 100000
6538 1280 4 100000
6560 1280 4 100000
5481 1280 4 100000
6665 1280 4 100000
5250 1280 4 100000
5758 1280 4 100000
4505 1280 4 100000
4009 1280 4 100000
4932 1280 4 100000
5127 1280 4 100000
8630 1280 4 100000
4521 1280 4 100000
5258 1280 4 100000
5469 1280 4 100000
5981 1280 4 100000
4732 1280 4 100000
4519 1280 4 100000
7134 1280 4 100000
8438 1280 4 100000
8685 1280 4 100000
8112 1280 4 100000
9321 1280 4 100000
5784 1280 4 100000
6108 1280 4 100000
4523 1280 4 100000
6587 1280 4 100000
7459 1280 4 100000
8595 1280 4 100000
4882 1280 4 100000
5131 1280 4 100000
4420 1280 4 100000
5082 1280 4 100000
5250 1280 4 100000
7820 1280 4 100000
4595 1280 4 100000
4564 1280 4 100000
5501 1280 4 100000
4561 1280 4 100000
4697 1280 4 100000
6095 1280 4 100000
4489 1280 4 100000
7106 1280 4 100000
5517 1280 4 100000
5233 1280 4 100000
9972 1280 4 100000
16955 1280 4 100000
4817 1280 4 100000
5617 1280 4 100000
7371 1280 4 100000
5078 1280 4 100000
9747 1280 4 100000
4791 1280 4 100000
4718 1280 4 100000
6220 1280 4 100000
5368 1280 4 100000
5335 1280 4 100000
5474 1280 4 100000
6389 1280 4 100000
6500 1280 4 100000
5740 1280 4 100000
7270 1280 4 100000
4877 1280 4 100000
5801 1280 4 100000
5518 1280 4 100000
4262 1280 4 100000
4841 1280 4 100000
4452 1280 4 100000
7209 1280 4 100000
4376 1280 4 100000
7882 1280 4 100000
13534 1280 4 100000
11075 1280 4 100000
5659 1280 4 100000
6426 1280 4 100000
4794 1280 4 100000
4277 1280 4 100000
8651 1280 4 100000
8111 1280 4 100000
5974 1280 4 100000
6347 1280 4 100000
5688 1280 4 100000
5172 1280 4 100000
5424 1280 4 100000
5182 1280 4 100000
5690 1280 4 100000
6511 1280 4 100000
5765 1280 4 100000
4932 1280 4 100000
6247 1280 4 100000
4882 1280 4 100000
4639 1280 4 100000
6061 1280 4 100000
4432 1280 4 100000
6961 1280 4 100000
6076 1280 4 100000
5303 1280 4 100000
8664 1280 4 100000
4634 1280 4 100000
8570 1280 4 100000
5208 1280 4 100000
8801 1280 4 100000
18413 1280 4 100000
8815 1280 4 100000
5258 1280 4 100000
4936 1280 4 100000
7497 1280 4 100000
5448 1280 4 100000
6083 1280 4 100000
5220 1280 4 100000
5890 1280 4 100000
6748 1280 4 100000
5350 1280 4 100000
5859 1280 4 100000
5830 1280 4 100000
7968 1280 4 100000
5208 1280 4 100000
4687 1280 4 100000
6788 1280 4 100000
6947 1280 4 100000
4670 1280 4 100000
5104 1280 4 100000
5271 1280 4 100000
6145 1280 4 100000
7106 1280 4 100000
7642 1280 4 100000
8639 1280 4 100000
6791 1280 4 100000
4611 1280 4 100000
4186 1280 4 100000
5912 1280 4 100000
5799 1280 4 100000
5669 1280 4 100000
7732 1280 4 100000
4926 1280 4 100000
6344 1280 4 100000
5140 1280 4 100000
10062 1280 4 100000
4889 1280 4 100000
4497 1280 4 100000
5478 1280 4 100000
5015 1280 4 100000
5243 1280 4 100000
7036 1280 4 100000
6520 1280 4 100000
5195 1280 4 100000
8253 1280 4 100000
5238 1280 4 100000
4987 1280 4 100000
4207 1280 4 100000
5517 1280 4 100000
5353 1280 4 100000
6896 1280 4 100000
4857 1280 4 100000
4774 1280 4 100000
7685 1280 4 100000
4885 1280 4 100000
8330 1280 4 100000
5958 1280 4 100000
5366 1280 4 100000
