9440 1280 4 100000
5324 1280 4 100000
5701 1280 4 100000
5547 1280 4 100000
4643 1280 4 100000
6430 1280 4 100000
9509 1280 4 100000
5351 1280 4 100000
6668 1280 4 100000
6523 1280 4 100000
8109 1280 4 100000
4750 1280 4 100000
4569 1280 4 100000
6799 1280 4 100000
6921 1280 4 100000
19429 1280 4 100000
8779 1280 4 100000
5985 1280 4 100000
7904 1280 4 100000
7090 1280 4 100000
7411 1280 4 100000
7858 1280 4 100000
3935 1280 4 100000
6833 1280 4 100000
5539 1280 4 100000
4284 1280 4 100000
6384 1280 4 100000
6462 1280 4 100000
5111 1280 4 100000
5585 1280 4 100000
7398 1280 4 100000
5479 1280 4 100000
6479 1280 4 100000
4428 1280 4 100000
8017 1280 4 100000
5737 1280 4 100000
5762 1280 4 100000
4909 1280 4 100000
5700 1280 4 100000
15744 1280 4 100000
9125 1280 4 100000
8079 1280 4 100000
5453 1280 4 100000
5192 1280 4 100000
5711 1280 4 100000
7041 1280 4 100000
8055 1280 4 100000
4301 1280 4 100000
5090 1280 4 100000
7339 1280 4 100000
6119 1280 4 100000
4757 1280 4 100000
5208 1280 4 100000
6465 1280 4 100000
5377 1280 4 100000
5348 1280 4 100000
4632 1280 4 100000
5008 1280 4 100000
5334 1280 4 100000
5003 1280 4 100000
6054 1280 4 100000
6206 1280 4 100000
6420 1280 4 100000
9055 1280 4 100000
7664 1280 4 100000
5764 1280 4 100000
4701 1280 4 100000
6043 1280 4 100000
8551 1280 4 100000
11048 1280 4 100000
10334 1280 4 100000
13635 1280 4 100000
6303 1280 4 100000
8444 1280 4 100000
5187 1280 4 100000
5097 1280 4 100000
4602 1280 4 100000
7360 1280 4 100000
6690 1280 4 100000
5488 1280 4 100000
4153 1280 4 100000
6649 1280 4 100000
4671 1280 4 100000
5745 1280 4 100000
5026 1280 4 100000
5780 1280 4 100000
4972 1280 4 100000
9128 1280 4 100000
3856 1280 4 100000
8314 1280 4 100000
6839 1280 4 100000
4619 1280 4 100000
5534 1280 4 100000
4722 1280 4 100000
4879 1280 4 100000
5149 1280 4 100000
8366 1280 4 100000
6240 1280 4 100000
8617 1280 4 100000
6404 1280 4 100000
6554 1280 4 100000
7030 1280 4 100000
5973 1280 4 100000
4185 1280 4 100000
6207 1280 4 100000
6540 1280 4 100000
5496 1280 4 100000
5250 1280 4 100000
5042 1280 4 100000
4260 1280 4 100000
6725 1280 4 100000
4739 1280 4 100000
7001 1280 4 100000
7084 1280 4 100000
6654 1280 4 100000
4532 1280 4 100000
7131 1280 4 100000
6099 1280 4 100000
5516 1280 4 100000
6796 1280 4 100000
5548 1280 4 100000
5704 1280 4 100000
4122 1280 4 100000
6766 1280 4 100000
4194 1280 4 100000
8229 1280 4 100000
5313 1280 4 100000
6548 1280 4 100000
7488 1280 4 100000
5204 1280 4 100000
4844 1280 4 100000
5170 1280 4 100000
3812 1280 4 100000
4894 1280 4 100000
4580 1280 4 100000
5285 1280 4 100000
5252 1280 4 100000
5296 1280 4 100000
4867 1280 4 100000
5739 1280 4 100000
6120 1280 4 100000
4629 1280 4 100000
4798 1280 4 100000
5729 1280 4 100000
4487 1280 4 100000
5756 1280 4 100000
5070 1280 4 100000
5090 1280 4 100000
4540 1280 4 100000
5051 1280 4 100000
5501 1280 4 100000
5393 1280 4 100000
4620 1280 4 100000
4787 1280 4 100000
5161 1280 4 100000
5728 1280 4 100000
7949 1280 4 100000
6804 1280 4 100000
5435 1280 4 100000
4433 1280 4 100000
6376 1280 4 100000
5628 1280 4 100000
4602 1280 4 100000
6097 1280 4 100000
5731 1280 4 100000
4339 1280 4 100000
5202 1280 4 100000
5156 1280 4 100000
7611 1280 4 100000
5313 1280 4 100000
28898 1280 4 100000
31367 1280 4 100000
29810 1280 4 100000
31190 1280 4 100000
26298 1280 4 100000
17942 1280 4 100000
23901 1280 4 100000
19893 1280 4 100000
13004 1280 4 100000
10870 1280 4 100000
7352 1280 4 100000
5697 1280 4 100000
4302 1280 4 100000
3618 1280 4 100000
6093 1280 4 100000
6531 1280 4 100000
5465 1280 4 100000
6050 1280 4 100000
8032 1280 4 100000
5097 1280 4 100000
7630 1280 4 100000
4096 1280 4 100000
6303 1280 4 100000
4859 1280 4 100000
5037 1280 4 100000
4243 1280 4 100000
4729 1280 4 100000
7085 1280 4 100000
6559 1280 4 100000
9356 1280 4 100000
5432 1280 4 100000
4542 1280 4 100000
5149 1280 4 100000
5595 1280 4 100000
4637 1280 4 100000
5839 1280 4 100000
6427 1280 4 100000
7345 1280 4 100000
5889 1280 4 100000
5267 1280 4 100000
7202 1280 4 100000
5496 1280 4 100000
5545 1280 4 100000
6883 1280 4 100000
7188 1280 4 100000
8980 1280 4 100000
5428 1280 4 100000
7664 1280 4 100000
5229 1280 4 100000
5828 1280 4 100000
7253 1280 4 100000
8584 1280 4 100000
5137 1280 4 100000
5590 1280 4 100000
13726 1280 4 100000
5351 1280 4 100000
5846 1280 4 100000
4856 1280 4 100000
4403 1280 4 100000
4680 1280 4 100000
7739 1280 4 100000
8650 1280 4 100000
6656 1280 4 100000
5070 1280 4 100000
5958 1280 4 100000
9086 1280 4 100000
5368 1280 4 100000
6416 1280 4 100000
4111 1280 4 100000
4790 1280 4 100000
5573 1280 4 100000
7497 1280 4 100000
3728 1280 4 100000
7035 1280 4 100000
5078 1280 4 100000
5828 1280 4 100000
5085 1280 4 100000
7223 1280 4 100000
5412 1280 4 100000
5245 1280 4 100000
