8096 1280 4 100000
4682 1280 4 100000
5763 1280 4 100000
4743 1280 4 100000
4785 1280 4 100000
6142 1280 4 100000
5739 1280 4 100000
5747 1280 4 100000
7959 1280 4 100000
16324 1280 4 100000
32578 1280 4 100000
34953 1280 4 100000
22835 1280 4 100000
24518 1280 4 100000
20916 1280 4 100000
25318 1280 4 100000
28029 1280 4 100000
17262 1280 4 100000
11801 1280 4 100000
5834 1280 4 100000
5636 1280 4 100000
5766 1280 4 100000
5124 1280 4 100000
5042 1280 4 100000
6687 1280 4 100000
4462 1280 4 100000
5408 1280 4 100000
7848 1280 4 100000
4969 1280 4 100000
5961 1280 4 100000
4664 1280 4 100000
6254 1280 4 100000
5061 1280 4 100000
5880 1280 4 100000
5095 1280 4 100000
6197 1280 4 100000
4273 1280 4 100000
6901 1280 4 100000
6159 1280 4 100000
8483 1280 4 100000
7572 1280 4 100000
6986 1280 4 100000
4778 1280 4 100000
5171 1280 4 100000
7136 1280 4 100000
8158 1280 4 100000
4739 1280 4 100000
4063 1280 4 100000
5175 1280 4 100000
5695 1280 4 100000
6659 1280 4 100000
6702 1280 4 100000
7527 1280 4 100000
5551 1280 4 100000
5396 1280 4 100000
6309 1280 4 100000
7545 1280 4 100000
7933 1280 4 100000
5634 1280 4 100000
5371 1280 4 100000
7638 1280 4 100000
4239 1280 4 100000
7156 1280 4 100000
5623 1280 4 100000
5108 1280 4 100000
7711 1280 4 100000
4803 1280 4 100000
7813 1280 4 100000
4269 1280 4 100000
6299 1280 4 100000
7980 1280 4 100000
9001 1280 4 100000
6966 1280 4 100000
5299 1280 4 100000
6907 1280 4 100000
5700 1280 4 100000
8384 1280 4 100000
6237 1280 4 100000
6412 1280 4 100000
6531 1280 4 100000
5392 1280 4 100000
5812 1280 4 100000
5976 1280 4 100000
8241 1280 4 100000
5612 1280 4 100000
8577 1280 4 100000
5447 1280 4 100000
5968 1280 4 100000
5447 1280 4 100000
7276 1280 4 100000
5376 1280 4 100000
5870 1280 4 100000
7277 1280 4 100000
4417 1280 4 100000
5751 1280 4 100000
4070 1280 4 100000
7023 1280 4 100000
4906 1280 4 100000
4624 1280 4 100000
4530 1280 4 100000
5572 1280 4 100000
5689 1280 4 100000
7304 1280 4 100000
6532 1280 4 100000
5715 1280 4 100000
4532 1280 4 100000
4839 1280 4 100000
4124 1280 4 100000
5195 1280 4 100000
4977 1280 4 100000
5189 1280 4 100000
5594 1280 4 100000
3738 1280 4 100000
5380 1280 4 100000
5368 1280 4 100000
4921 1280 4 100000
6329 1280 4 100000
5652 1280 4 100000
6180 1280 4 100000
6919 1280 4 100000
5736 1280 4 100000
4335 1280 4 100000
5911 1280 4 100000
5830 1280 4 100000
7352 1280 4 100000
4582 1280 4 100000
5348 1280 4 100000
5152 1280 4 100000
5183 1280 4 100000
6253 1280 4 100000
4207 1280 4 100000
4490 1280 4 100000
5877 1280 4 100000
4477 1280 4 100000
5111 1280 4 100000
4300 1280 4 100000
5524 1280 4 100000
4437 1280 4 100000
7624 1280 4 100000
6379 1280 4 100000
7033 1280 4 100000
4923 1280 4 100000
5127 1280 4 100000
5192 1280 4 100000
5959 1280 4 100000
5849 1280 4 100000
5161 1280 4 100000
5172 1280 4 100000
7341 1280 4 100000
6253 1280 4 100000
6955 1280 4 100000
7758 1280 4 100000
4425 1280 4 100000
8041 1280 4 100000
4944 1280 4 100000
5039 1280 4 100000
7380 1280 4 100000
5331 1280 4 100000
5754 1280 4 100000
3624 1280 4 100000
6235 1280 4 100000
6320 1280 4 100000
4946 1280 4 100000
6656 1280 4 100000
7209 1280 4 100000
4981 1280 4 100000
5498 1280 4 100000
5198 1280 4 100000
6215 1280 4 100000
5562 1280 4 100000
5907 1280 4 100000
6497 1280 4 100000
5491 1280 4 100000
5855 1280 4 100000
7373 1280 4 100000
5452 1280 4 100000
9140 1280 4 100000
5244 1280 4 100000
6154 1280 4 100000
4793 1280 4 100000
5527 1280 4 100000
5039 1280 4 100000
5072 1280 4 100000
8335 1280 4 100000
5278 1280 4 100000
7103 1280 4 100000
5736 1280 4 100000
5201 1280 4 100000
4872 1280 4 100000
6594 1280 4 100000
4632 1280 4 100000
6679 1280 4 100000
5421 1280 4 100000
5714 1280 4 100000
5462 1280 4 100000
4841 1280 4 100000
6931 1280 4 100000
6708 1280 4 100000
5814 1280 4 100000
4911 1280 4 100000
9042 1280 4 100000
5330 1280 4 100000
3967 1280 4 100000
4554 1280 4 100000
5644 1280 4 100000
6250 1280 4 100000
5854 1280 4 100000
7180 1280 4 100000
7144 1280 4 100000
7525 1280 4 100000
6097 1280 4 100000
5457 1280 4 100000
5481 1280 4 100000
6221 1280 4 100000
6283 1280 4 100000
5742 1280 4 100000
4708 1280 4 100000
4116 1280 4 100000
3910 1280 4 100000
7397 1280 4 100000
4667 1280 4 100000
4738 1280 4 100000
6520 1280 4 100000
4545 1280 4 100000
7108 1280 4 100000
7749 1280 4 100000
7543 1280 4 100000
5767 1280 4 100000
5148 1280 4 100000
5380 1280 4 100000
8038 1280 4 100000
11678 1280 4 100000
5605 1280 4 100000
6542 1280 4 100000
6118 1280 4 100000
5665 1280 4 100000
4813 1280 4 100000
6165 1280 4 100000
6282 1280 4 100000
5838 1280 4 100000
4292 1280 4 100000
8346 1280 4 100000
7038 1280 4 100000
4145 1280 4 100000
5412 1280 4 100000
5800 1280 4 100000
4751 1280 4 100000
5423 1280 4 100000
6509 1280 4 100000
5447 1280 4 100000
