5359 1280 4 100000
6510 1280 4 100000
5587 1280 4 100000
5288 1280 4 100000
6587 1280 4 100000
5848 1280 4 100000
5454 1280 4 100000
5963 1280 4 100000
8565 1280 4 100000
5290 1280 4 100000
5825 1280 4 100000
5697 1280 4 100000
7155 1280 4 100000
4982 1280 4 100000
5353 1280 4 100000
4466 1280 4 100000
3859 1280 4 100000
5787 1280 4 100000
5932 1280 4 100000
7448 1280 4 100000
5001 1280 4 100000
7536 1280 4 100000
6807 1280 4 100000
6407 1280 4 100000
6337 1280 4 100000
5208 1280 4 100000
7639 1280 4 100000
4890 1280 4 100000
5540 1280 4 100000
5311 1280 4 100000
4923 1280 4 100000
5355 1280 4 100000
4447 1280 4 100000
6340 1280 4 100000
5368 1280 4 100000
6419 1280 4 100000
3672 1280 4 100000
7265 1280 4 100000
7164 1280 4 100000
7769 1280 4 100000
7796 1280 4 100000
4880 1280 4 100000
6146 1280 4 100000
6840 1280 4 100000
4623 1280 4 100000
5689 1280 4 100000
7418 1280 4 100000
5377 1280 4 100000
4890 1280 4 100000
5031 1280 4 100000
5135 1280 4 100000
5830 1280 4 100000
6682 1280 4 100000
7149 1280 4 100000
8130 1280 4 100000
5813 1280 4 100000
6279 1280 4 100000
10074 1280 4 100000
6882 1280 4 100000
7284 1280 4 100000
5790 1280 4 100000
5611 1280 4 100000
7118 1280 4 100000
7238 1280 4 100000
5625 1280 4 100000
5067 1280 4 100000
5333 1280 4 100000
7019 1280 4 100000
4985 1280 4 100000
5251 1280 4 100000
5321 1280 4 100000
8116 1280 4 100000
5927 1280 4 100000
5259 1280 4 100000
5254 1280 4 100000
6476 1280 4 100000
5163 1280 4 100000
6651 1280 4 100000
9478 1280 4 100000
5097 1280 4 100000
4313 1280 4 100000
5576 1280 4 100000
6351 1280 4 100000
4975 1280 4 100000
6039 1280 4 100000
6029 1280 4 100000
6501 1280 4 100000
5255 1280 4 100000
4882 1280 4 100000
8161 1280 4 100000
5631 1280 4 100000
5035 1280 4 100000
4755 1280 4 100000
4925 1280 4 100000
7440 1280 4 100000
4897 1280 4 100000
5710 1280 4 100000
5757 1280 4 100000
5155 1280 4 100000
4879 1280 4 100000
6383 1280 4 100000
6371 1280 4 100000
5654 1280 4 100000
4814 1280 4 100000
5394 1280 4 100000
5586 1280 4 100000
4460 1280 4 100000
5397 1280 4 100000
5915 1280 4 100000
5210 1280 4 100000
4121 1280 4 100000
4975 1280 4 100000
7000 1280 4 100000
7047 1280 4 100000
6747 1280 4 100000
7039 1280 4 100000
5267 1280 4 100000
4334 1280 4 100000
4178 1280 4 100000
5381 1280 4 100000
4142 1280 4 100000
6635 1280 4 100000
4054 1280 4 100000
5231 1280 4 100000
4310 1280 4 100000
5293 1280 4 100000
3834 1280 4 100000
6698 1280 4 100000
5165 1280 4 100000
4164 1280 4 100000
5214 1280 4 100000
5650 1280 4 100000
6693 1280 4 100000
5581 1280 4 100000
4250 1280 4 100000
5089 1280 4 100000
6810 1280 4 100000
6602 1280 4 100000
7025 1280 4 100000
5839 1280 4 100000
6722 1280 4 100000
6631 1280 4 100000
3987 1280 4 100000
4727 1280 4 100000
4746 1280 4 100000
4643 1280 4 100000
4822 1280 4 100000
6396 1280 4 100000
4733 1280 4 100000
5457 1280 4 100000
4084 1280 4 100000
6560 1280 4 100000
6883 1280 4 100000
6550 1280 4 100000
6889 1280 4 100000
4224 1280 4 100000
5095 1280 4 100000
6191 1280 4 100000
6286 1280 4 100000
6354 1280 4 100000
3891 1280 4 100000
7509 1280 4 100000
7182 1280 4 100000
4596 1280 4 100000
4956 1280 4 100000
5215 1280 4 100000
5830 1280 4 100000
5414 1280 4 100000
7042 1280 4 100000
5521 1280 4 100000
5691 1280 4 100000
4320 1280 4 100000
4871 1280 4 100000
5620 1280 4 100000
7766 1280 4 100000
5746 1280 4 100000
4197 1280 4 100000
5599 1280 4 100000
4358 1280 4 100000
5857 1280 4 100000
5234 1280 4 100000
7749 1280 4 100000
6508 1280 4 100000
5652 1280 4 100000
4723 1280 4 100000
4254 1280 4 100000
6909 1280 4 100000
4841 1280 4 100000
3690 1280 4 100000
4953 1280 4 100000
4883 1280 4 100000
6809 1280 4 100000
5864 1280 4 100000
6046 1280 4 100000
4272 1280 4 100000
4746 1280 4 100000
4966 1280 4 100000
6381 1280 4 100000
6265 1280 4 100000
3377 1280 4 100000
3848 1280 4 100000
4392 1280 4 100000
7411 1280 4 100000
5489 1280 4 100000
6081 1280 4 100000
5072 1280 4 100000
4170 1280 4 100000
6362 1280 4 100000
4602 1280 4 100000
4958 1280 4 100000
5259 1280 4 100000
5767 1280 4 100000
4348 1280 4 100000
5883 1280 4 100000
6125 1280 4 100000
5244 1280 4 100000
4705 1280 4 100000
6293 1280 4 100000
4812 1280 4 100000
5417 1280 4 100000
5287 1280 4 100000
4780 1280 4 100000
4226 1280 4 100000
5789 1280 4 100000
4852 1280 4 100000
7837 1280 4 100000
4935 1280 4 100000
5458 1280 4 100000
6851 1280 4 100000
4608 1280 4 100000
4408 1280 4 100000
4588 1280 4 100000
4481 1280 4 100000
5713 1280 4 100000
4373 1280 4 100000
5340 1280 4 100000
5038 1280 4 100000
3353 1280 4 100000
5453 1280 4 100000
5332 1280 4 100000
4569 1280 4 100000
3890 1280 4 100000
4129 1280 4 100000
4269 1280 4 100000
4992 1280 4 100000
5911 1280 4 100000
4933 1280 4 100000
4366 1280 4 100000
4669 1280 4 100000
7360 1280 4 100000
