112296 2025 5 100000
37348 2025 5 100000
60231 2025 5 100000
22375 2025 5 100000
21749 2025 5 100000
25917 2025 5 100000
17003 2025 5 100000
17801 2025 5 100000
15946 2025 5 100000
26334 2025 5 100000
12405 2025 5 100000
22487 2025 5 100000
22562 2025 5 100000
15250 2025 5 100000
21814 2025 5 100000
17753 2025 5 100000
15519 2025 5 100000
10610 2025 5 100000
11571 2025 5 100000
15760 2025 5 100000
16540 2025 5 100000
13913 2025 5 100000
14684 2025 5 100000
11328 2025 5 100000
20785 2025 5 100000
13848 2025 5 100000
17837 2025 5 100000
11496 2025 5 100000
20755 2025 5 100000
15962 2025 5 100000
20890 2025 5 100000
14459 2025 5 100000
14563 2025 5 100000
18370 2025 5 100000
22425 2025 5 100000
25059 2025 5 100000
17784 2025 5 100000
18832 2025 5 100000
20807 2025 5 100000
14821 2025 5 100000
14249 2025 5 100000
14465 2025 5 100000
10103 2025 5 100000
14056 2025 5 100000
13800 2025 5 100000
22407 2025 5 100000
20840 2025 5 100000
14670 2025 5 100000
24547 2025 5 100000
12954 2025 5 100000
15814 2025 5 100000
14242 2025 5 100000
17753 2025 5 100000
14585 2025 5 100000
14735 2025 5 100000
22031 2025 5 100000
23541 2025 5 100000
12159 2025 5 100000
18506 2025 5 100000
14871 2025 5 100000
11858 2025 5 100000
12206 2025 5 100000
15441 2025 5 100000
20386 2025 5 100000
18294 2025 5 100000
16109 2025 5 100000
11438 2025 5 100000
12004 2025 5 100000
13837 2025 5 100000
14400 2025 5 100000
14463 2025 5 100000
16921 2025 5 100000
24578 2025 5 100000
13902 2025 5 100000
12076 2025 5 100000
18185 2025 5 100000
21610 2025 5 100000
16006 2025 5 100000
15079 2025 5 100000
14796 2025 5 100000
17976 2025 5 100000
24490 2025 5 100000
18395 2025 5 100000
10178 2025 5 100000
21327 2025 5 100000
15690 2025 5 100000
14569 2025 5 100000
16509 2025 5 100000
38203 2025 5 100000
12858 2025 5 100000
13165 2025 5 100000
13972 2025 5 100000
15210 2025 5 100000
12239 2025 5 100000
18708 2025 5 100000
13002 2025 5 100000
14593 2025 5 100000
12574 2025 5 100000
14941 2025 5 100000
15338 2025 5 100000
13182 2025 5 100000
14414 2025 5 100000
19005 2025 5 100000
18602 2025 5 100000
19198 2025 5 100000
17475 2025 5 100000
15397 2025 5 100000
18896 2025 5 100000
14194 2025 5 100000
12307 2025 5 100000
12896 2025 5 100000
11857 2025 5 100000
11755 2025 5 100000
14867 2025 5 100000
15020 2025 5 100000
17164 2025 5 100000
16746 2025 5 100000
10910 2025 5 100000
13648 2025 5 100000
13251 2025 5 100000
12871 2025 5 100000
19480 2025 5 100000
17023 2025 5 100000
14138 2025 5 100000
13657 2025 5 100000
13136 2025 5 100000
15570 2025 5 100000
14311 2025 5 100000
16291 2025 5 100000
24808 2025 5 100000
22880 2025 5 100000
14097 2025 5 100000
15506 2025 5 100000
18509 2025 5 100000
23704 2025 5 100000
21306 2025 5 100000
93096 2025 5 100000
58875 2025 5 100000
55813 2025 5 100000
32634 2025 5 100000
14707 2025 5 100000
17044 2025 5 100000
23193 2025 5 100000
15397 2025 5 100000
10432 2025 5 100000
14514 2025 5 100000
14657 2025 5 100000
11546 2025 5 100000
14572 2025 5 100000
13517 2025 5 100000
13856 2025 5 100000
13901 2025 5 100000
16059 2025 5 100000
16931 2025 5 100000
10356 2025 5 100000
16124 2025 5 100000
23625 2025 5 100000
12872 2025 5 100000
19872 2025 5 100000
14346 2025 5 100000
17404 2025 5 100000
18505 2025 5 100000
20241 2025 5 100000
21080 2025 5 100000
16784 2025 5 100000
16669 2025 5 100000
20675 2025 5 100000
17783 2025 5 100000
15391 2025 5 100000
20507 2025 5 100000
15595 2025 5 100000
34263 2025 5 100000
37475 2025 5 100000
14913 2025 5 100000
23339 2025 5 100000
25735 2025 5 100000
30953 2025 5 100000
28148 2025 5 100000
45471 2025 5 100000
16861 2025 5 100000
21556 2025 5 100000
16806 2025 5 100000
22898 2025 5 100000
13969 2025 5 100000
15742 2025 5 100000
17061 2025 5 100000
14466 2025 5 100000
20436 2025 5 100000
21244 2025 5 100000
15811 2025 5 100000
17309 2025 5 100000
18758 2025 5 100000
17217 2025 5 100000
23847 2025 5 100000
23935 2025 5 100000
13073 2025 5 100000
12944 2025 5 100000
16179 2025 5 100000
18061 2025 5 100000
23880 2025 5 100000
15100 2025 5 100000
20306 2025 5 100000
17408 2025 5 100000
16902 2025 5 100000
15617 2025 5 100000
16469 2025 5 100000
20446 2025 5 100000
25720 2025 5 100000
17574 2025 5 100000
19417 2025 5 100000
15028 2025 5 100000
20055 2025 5 100000
15133 2025 5 100000
20870 2025 5 100000
16311 2025 5 100000
19585 2025 5 100000
10766 2025 5 100000
16527 2025 5 100000
18466 2025 5 100000
17886 2025 5 100000
29674 2025 5 100000
25084 2025 5 100000
11676 2025 5 100000
16913 2025 5 100000
8908 2025 5 100000
16880 2025 5 100000
18764 2025 5 100000
17972 2025 5 100000
14893 2025 5 100000
13789 2025 5 100000
12316 2025 5 100000
17639 2025 5 100000
15308 2025 5 100000
12764 2025 5 100000
21538 2025 5 100000
13241 2025 5 100000
13103 2025 5 100000
15186 2025 5 100000
19291 2025 5 100000
19596 2025 5 100000
16592 2025 5 100000
17893 2025 5 100000
29167 2025 5 100000
18507 2025 5 100000
26716 2025 5 100000
15648 2025 5 100000
16544 2025 5 100000
17637 2025 5 100000
22566 2025 5 100000
26330 2025 5 100000
