22231 2025 5 100000
18898 2025 5 100000
15590 2025 5 100000
16850 2025 5 100000
12891 2025 5 100000
16553 2025 5 100000
14854 2025 5 100000
17703 2025 5 100000
17157 2025 5 100000
23155 2025 5 100000
15102 2025 5 100000
14636 2025 5 100000
23193 2025 5 100000
21641 2025 5 100000
12423 2025 5 100000
18310 2025 5 100000
15803 2025 5 100000
12245 2025 5 100000
13349 2025 5 100000
11835 2025 5 100000
14624 2025 5 100000
12801 2025 5 100000
18339 2025 5 100000
23872 2025 5 100000
14110 2025 5 100000
10649 2025 5 100000
16344 2025 5 100000
16291 2025 5 100000
13892 2025 5 100000
24999 2025 5 100000
27586 2025 5 100000
14625 2025 5 100000
18127 2025 5 100000
14172 2025 5 100000
11600 2025 5 100000
16887 2025 5 100000
12041 2025 5 100000
23388 2025 5 100000
17057 2025 5 100000
25387 2025 5 100000
19113 2025 5 100000
12940 2025 5 100000
20375 2025 5 100000
13349 2025 5 100000
12206 2025 5 100000
10116 2025 5 100000
16428 2025 5 100000
12415 2025 5 100000
10174 2025 5 100000
13853 2025 5 100000
15689 2025 5 100000
13979 2025 5 100000
11670 2025 5 100000
20074 2025 5 100000
11778 2025 5 100000
15268 2025 5 100000
13982 2025 5 100000
12187 2025 5 100000
15213 2025 5 100000
14367 2025 5 100000
13590 2025 5 100000
13232 2025 5 100000
11378 2025 5 100000
20274 2025 5 100000
20015 2025 5 100000
13808 2025 5 100000
22286 2025 5 100000
17211 2025 5 100000
16679 2025 5 100000
12969 2025 5 100000
14725 2025 5 100000
13343 2025 5 100000
19051 2025 5 100000
11707 2025 5 100000
14712 2025 5 100000
19802 2025 5 100000
23382 2025 5 100000
16611 2025 5 100000
14787 2025 5 100000
16335 2025 5 100000
21581 2025 5 100000
15173 2025 5 100000
22299 2025 5 100000
13895 2025 5 100000
24018 2025 5 100000
14874 2025 5 100000
15858 2025 5 100000
94479 2025 5 100000
97302 2025 5 100000
53750 2025 5 100000
18595 2025 5 100000
15136 2025 5 100000
11861 2025 5 100000
11534 2025 5 100000
24438 2025 5 100000
16540 2025 5 100000
16285 2025 5 100000
11824 2025 5 100000
15229 2025 5 100000
22986 2025 5 100000
20007 2025 5 100000
15807 2025 5 100000
13264 2025 5 100000
19843 2025 5 100000
15117 2025 5 100000
19521 2025 5 100000
9378 2025 5 100000
21725 2025 5 100000
11821 2025 5 100000
16961 2025 5 100000
23684 2025 5 100000
17078 2025 5 100000
24484 2025 5 100000
14402 2025 5 100000
18006 2025 5 100000
26332 2025 5 100000
20512 2025 5 100000
17177 2025 5 100000
26495 2025 5 100000
39601 2025 5 100000
19046 2025 5 100000
21587 2025 5 100000
20676 2025 5 100000
20939 2025 5 100000
15579 2025 5 100000
15042 2025 5 100000
27077 2025 5 100000
31107 2025 5 100000
23410 2025 5 100000
15611 2025 5 100000
27522 2025 5 100000
30845 2025 5 100000
16445 2025 5 100000
18230 2025 5 100000
19157 2025 5 100000
26647 2025 5 100000
18824 2025 5 100000
16221 2025 5 100000
16813 2025 5 100000
25686 2025 5 100000
20748 2025 5 100000
24666 2025 5 100000
16702 2025 5 100000
11918 2025 5 100000
23277 2025 5 100000
17001 2025 5 100000
18935 2025 5 100000
12816 2025 5 100000
15338 2025 5 100000
17689 2025 5 100000
14613 2025 5 100000
15492 2025 5 100000
13987 2025 5 100000
13065 2025 5 100000
15115 2025 5 100000
22939 2025 5 100000
27564 2025 5 100000
18420 2025 5 100000
19566 2025 5 100000
16068 2025 5 100000
14650 2025 5 100000
23882 2025 5 100000
16556 2025 5 100000
20741 2025 5 100000
17222 2025 5 100000
13684 2025 5 100000
29948 2025 5 100000
19006 2025 5 100000
15601 2025 5 100000
14774 2025 5 100000
21263 2025 5 100000
18615 2025 5 100000
15760 2025 5 100000
16332 2025 5 100000
17465 2025 5 100000
24310 2025 5 100000
27096 2025 5 100000
17193 2025 5 100000
18336 2025 5 100000
13753 2025 5 100000
16178 2025 5 100000
15389 2025 5 100000
12983 2025 5 100000
26580 2025 5 100000
16422 2025 5 100000
18305 2025 5 100000
13801 2025 5 100000
21689 2025 5 100000
27601 2025 5 100000
26916 2025 5 100000
15260 2025 5 100000
25825 2025 5 100000
15629 2025 5 100000
17557 2025 5 100000
24663 2025 5 100000
17052 2025 5 100000
19322 2025 5 100000
16381 2025 5 100000
14227 2025 5 100000
12235 2025 5 100000
13801 2025 5 100000
13965 2025 5 100000
12708 2025 5 100000
12722 2025 5 100000
14118 2025 5 100000
17312 2025 5 100000
12337 2025 5 100000
13916 2025 5 100000
13772 2025 5 100000
14120 2025 5 100000
19815 2025 5 100000
15141 2025 5 100000
13697 2025 5 100000
22653 2025 5 100000
15998 2025 5 100000
15043 2025 5 100000
14478 2025 5 100000
12104 2025 5 100000
12635 2025 5 100000
11673 2025 5 100000
14540 2025 5 100000
12579 2025 5 100000
22350 2025 5 100000
13887 2025 5 100000
13386 2025 5 100000
16991 2025 5 100000
12981 2025 5 100000
19562 2025 5 100000
28486 2025 5 100000
15428 2025 5 100000
15969 2025 5 100000
26765 2025 5 100000
17695 2025 5 100000
14797 2025 5 100000
16107 2025 5 100000
13662 2025 5 100000
14246 2025 5 100000
19349 2025 5 100000
17131 2025 5 100000
18270 2025 5 100000
15133 2025 5 100000
14783 2025 5 100000
15204 2025 5 100000
14357 2025 5 100000
10340 2025 5 100000
17746 2025 5 100000
11784 2025 5 100000
14818 2025 5 100000
13928 2025 5 100000
14133 2025 5 100000
