20723 2025 5 100000
17130 2025 5 100000
15210 2025 5 100000
16459 2025 5 100000
18711 2025 5 100000
12457 2025 5 100000
15296 2025 5 100000
16190 2025 5 100000
16766 2025 5 100000
18371 2025 5 100000
14889 2025 5 100000
11066 2025 5 100000
21024 2025 5 100000
12523 2025 5 100000
12283 2025 5 100000
18878 2025 5 100000
13174 2025 5 100000
18927 2025 5 100000
15393 2025 5 100000
14325 2025 5 100000
18987 2025 5 100000
15474 2025 5 100000
17323 2025 5 100000
16639 2025 5 100000
15761 2025 5 100000
16171 2025 5 100000
77887 2025 5 100000
118781 2025 5 100000
48117 2025 5 100000
12077 2025 5 100000
14240 2025 5 100000
18869 2025 5 100000
10707 2025 5 100000
17406 2025 5 100000
13132 2025 5 100000
17959 2025 5 100000
13923 2025 5 100000
23499 2025 5 100000
19386 2025 5 100000
18450 2025 5 100000
21810 2025 5 100000
13561 2025 5 100000
11525 2025 5 100000
13323 2025 5 100000
20924 2025 5 100000
11065 2025 5 100000
16298 2025 5 100000
15021 2025 5 100000
14046 2025 5 100000
15785 2025 5 100000
18382 2025 5 100000
15571 2025 5 100000
16356 2025 5 100000
21233 2025 5 100000
29855 2025 5 100000
19092 2025 5 100000
19030 2025 5 100000
15041 2025 5 100000
12160 2025 5 100000
21047 2025 5 100000
31000 2025 5 100000
22565 2025 5 100000
18232 2025 5 100000
19440 2025 5 100000
20906 2025 5 100000
32094 2025 5 100000
25745 2025 5 100000
15800 2025 5 100000
38157 2025 5 100000
17225 2025 5 100000
27962 2025 5 100000
16096 2025 5 100000
17906 2025 5 100000
12770 2025 5 100000
16247 2025 5 100000
28078 2025 5 100000
21850 2025 5 100000
16561 2025 5 100000
16787 2025 5 100000
16207 2025 5 100000
21323 2025 5 100000
18189 2025 5 100000
19933 2025 5 100000
17731 2025 5 100000
23391 2025 5 100000
24321 2025 5 100000
15540 2025 5 100000
16366 2025 5 100000
15098 2025 5 100000
25401 2025 5 100000
14012 2025 5 100000
26353 2025 5 100000
14122 2025 5 100000
16074 2025 5 100000
17532 2025 5 100000
14829 2025 5 100000
21319 2025 5 100000
27808 2025 5 100000
11852 2025 5 100000
18145 2025 5 100000
21463 2025 5 100000
23163 2025 5 100000
17524 2025 5 100000
19404 2025 5 100000
16521 2025 5 100000
16142 2025 5 100000
16603 2025 5 100000
24138 2025 5 100000
17174 2025 5 100000
27880 2025 5 100000
16443 2025 5 100000
17471 2025 5 100000
17254 2025 5 100000
26396 2025 5 100000
14422 2025 5 100000
15698 2025 5 100000
25970 2025 5 100000
25379 2025 5 100000
18299 2025 5 100000
15627 2025 5 100000
19912 2025 5 100000
13819 2025 5 100000
14817 2025 5 100000
17561 2025 5 100000
18024 2025 5 100000
14458 2025 5 100000
20253 2025 5 100000
14536 2025 5 100000
20016 2025 5 100000
14662 2025 5 100000
25974 2025 5 100000
16724 2025 5 100000
18081 2025 5 100000
17719 2025 5 100000
18541 2025 5 100000
20021 2025 5 100000
19699 2025 5 100000
22985 2025 5 100000
12447 2025 5 100000
13941 2025 5 100000
17236 2025 5 100000
12207 2025 5 100000
16999 2025 5 100000
14767 2025 5 100000
14100 2025 5 100000
11561 2025 5 100000
14420 2025 5 100000
12632 2025 5 100000
14141 2025 5 100000
21209 2025 5 100000
11731 2025 5 100000
16196 2025 5 100000
21170 2025 5 100000
21920 2025 5 100000
26680 2025 5 100000
12305 2025 5 100000
16922 2025 5 100000
22875 2025 5 100000
17933 2025 5 100000
20323 2025 5 100000
15461 2025 5 100000
19447 2025 5 100000
21673 2025 5 100000
14863 2025 5 100000
14248 2025 5 100000
25120 2025 5 100000
18457 2025 5 100000
17388 2025 5 100000
19471 2025 5 100000
15789 2025 5 100000
15754 2025 5 100000
18903 2025 5 100000
17214 2025 5 100000
18072 2025 5 100000
11210 2025 5 100000
13143 2025 5 100000
18446 2025 5 100000
17501 2025 5 100000
17602 2025 5 100000
13053 2025 5 100000
16299 2025 5 100000
12906 2025 5 100000
15617 2025 5 100000
22737 2025 5 100000
13507 2025 5 100000
18609 2025 5 100000
14182 2025 5 100000
14330 2025 5 100000
15229 2025 5 100000
15809 2025 5 100000
11690 2025 5 100000
11242 2025 5 100000
11135 2025 5 100000
13606 2025 5 100000
14454 2025 5 100000
16690 2025 5 100000
19332 2025 5 100000
10987 2025 5 100000
12590 2025 5 100000
19045 2025 5 100000
19710 2025 5 100000
14380 2025 5 100000
13898 2025 5 100000
13958 2025 5 100000
22629 2025 5 100000
18853 2025 5 100000
12295 2025 5 100000
10430 2025 5 100000
22726 2025 5 100000
13083 2025 5 100000
12504 2025 5 100000
14877 2025 5 100000
13004 2025 5 100000
16744 2025 5 100000
13337 2025 5 100000
12663 2025 5 100000
10490 2025 5 100000
10021 2025 5 100000
12183 2025 5 100000
12460 2025 5 100000
13280 2025 5 100000
11563 2025 5 100000
12421 2025 5 100000
24310 2025 5 100000
13835 2025 5 100000
10861 2025 5 100000
12687 2025 5 100000
13084 2025 5 100000
13994 2025 5 100000
18864 2025 5 100000
16131 2025 5 100000
19331 2025 5 100000
10905 2025 5 100000
14323 2025 5 100000
17857 2025 5 100000
13524 2025 5 100000
15342 2025 5 100000
13988 2025 5 100000
14500 2025 5 100000
18101 2025 5 100000
21019 2025 5 100000
12003 2025 5 100000
10224 2025 5 100000
21055 2025 5 100000
12937 2025 5 100000
13880 2025 5 100000
13247 2025 5 100000
14392 2025 5 100000
20239 2025 5 100000
17315 2025 5 100000
