18061 2025 5 100000
18647 2025 5 100000
27383 2025 5 100000
20714 2025 5 100000
26716 2025 5 100000
17595 2025 5 100000
17345 2025 5 100000
19461 2025 5 100000
19812 2025 5 100000
27027 2025 5 100000
33906 2025 5 100000
31413 2025 5 100000
18159 2025 5 100000
17077 2025 5 100000
13271 2025 5 100000
20833 2025 5 100000
18628 2025 5 100000
40606 2025 5 100000
26755 2025 5 100000
16506 2025 5 100000
13262 2025 5 100000
26583 2025 5 100000
17148 2025 5 100000
19848 2025 5 100000
18913 2025 5 100000
11693 2025 5 100000
26635 2025 5 100000
14705 2025 5 100000
13848 2025 5 100000
19706 2025 5 100000
16385 2025 5 100000
15541 2025 5 100000
24030 2025 5 100000
17630 2025 5 100000
16491 2025 5 100000
13584 2025 5 100000
18633 2025 5 100000
16721 2025 5 100000
14946 2025 5 100000
15576 2025 5 100000
27479 2025 5 100000
21412 2025 5 100000
17147 2025 5 100000
14081 2025 5 100000
25013 2025 5 100000
19485 2025 5 100000
28958 2025 5 100000
15657 2025 5 100000
21718 2025 5 100000
24759 2025 5 100000
24676 2025 5 100000
18812 2025 5 100000
16991 2025 5 100000
16222 2025 5 100000
18247 2025 5 100000
28500 2025 5 100000
24097 2025 5 100000
29108 2025 5 100000
23508 2025 5 100000
17709 2025 5 100000
16226 2025 5 100000
22437 2025 5 100000
14730 2025 5 100000
28011 2025 5 100000
18336 2025 5 100000
16024 2025 5 100000
19062 2025 5 100000
14070 2025 5 100000
13396 2025 5 100000
25336 2025 5 100000
13088 2025 5 100000
15292 2025 5 100000
13753 2025 5 100000
21068 2025 5 100000
18860 2025 5 100000
16495 2025 5 100000
18115 2025 5 100000
18536 2025 5 100000
17872 2025 5 100000
18687 2025 5 100000
21840 2025 5 100000
28291 2025 5 100000
17051 2025 5 100000
20104 2025 5 100000
17641 2025 5 100000
26157 2025 5 100000
12745 2025 5 100000
14954 2025 5 100000
12383 2025 5 100000
14207 2025 5 100000
22577 2025 5 100000
17934 2025 5 100000
23779 2025 5 100000
15167 2025 5 100000
18217 2025 5 100000
16361 2025 5 100000
12403 2025 5 100000
14402 2025 5 100000
21525 2025 5 100000
15225 2025 5 100000
23051 2025 5 100000
17291 2025 5 100000
15320 2025 5 100000
25394 2025 5 100000
14261 2025 5 100000
17168 2025 5 100000
13158 2025 5 100000
16144 2025 5 100000
13671 2025 5 100000
14448 2025 5 100000
17006 2025 5 100000
16089 2025 5 100000
19536 2025 5 100000
15714 2025 5 100000
16668 2025 5 100000
19288 2025 5 100000
14550 2025 5 100000
17725 2025 5 100000
27867 2025 5 100000
18246 2025 5 100000
18979 2025 5 100000
14240 2025 5 100000
24220 2025 5 100000
12547 2025 5 100000
23994 2025 5 100000
17494 2025 5 100000
12570 2025 5 100000
13232 2025 5 100000
15243 2025 5 100000
16014 2025 5 100000
21494 2025 5 100000
15997 2025 5 100000
17165 2025 5 100000
13639 2025 5 100000
16190 2025 5 100000
10529 2025 5 100000
12587 2025 5 100000
14904 2025 5 100000
12318 2025 5 100000
14210 2025 5 100000
11055 2025 5 100000
9644 2025 5 100000
17341 2025 5 100000
10287 2025 5 100000
12279 2025 5 100000
17776 2025 5 100000
14441 2025 5 100000
15090 2025 5 100000
13680 2025 5 100000
11676 2025 5 100000
16740 2025 5 100000
13433 2025 5 100000
15075 2025 5 100000
14253 2025 5 100000
11794 2025 5 100000
10196 2025 5 100000
13945 2025 5 100000
14375 2025 5 100000
11271 2025 5 100000
18629 2025 5 100000
20887 2025 5 100000
11502 2025 5 100000
20057 2025 5 100000
14597 2025 5 100000
16365 2025 5 100000
13208 2025 5 100000
17077 2025 5 100000
13694 2025 5 100000
14003 2025 5 100000
14327 2025 5 100000
14578 2025 5 100000
14973 2025 5 100000
10693 2025 5 100000
13204 2025 5 100000
23061 2025 5 100000
12051 2025 5 100000
17270 2025 5 100000
12465 2025 5 100000
15396 2025 5 100000
17746 2025 5 100000
20252 2025 5 100000
13990 2025 5 100000
11877 2025 5 100000
14358 2025 5 100000
18481 2025 5 100000
20901 2025 5 100000
14293 2025 5 100000
15655 2025 5 100000
13807 2025 5 100000
13670 2025 5 100000
16897 2025 5 100000
13057 2025 5 100000
15534 2025 5 100000
23453 2025 5 100000
11465 2025 5 100000
13412 2025 5 100000
13689 2025 5 100000
11290 2025 5 100000
17064 2025 5 100000
13052 2025 5 100000
12421 2025 5 100000
18914 2025 5 100000
14254 2025 5 100000
10598 2025 5 100000
13848 2025 5 100000
12786 2025 5 100000
13877 2025 5 100000
20076 2025 5 100000
11007 2025 5 100000
12497 2025 5 100000
11531 2025 5 100000
18084 2025 5 100000
14704 2025 5 100000
12385 2025 5 100000
12332 2025 5 100000
13680 2025 5 100000
13683 2025 5 100000
19414 2025 5 100000
11792 2025 5 100000
11293 2025 5 100000
11565 2025 5 100000
15422 2025 5 100000
15416 2025 5 100000
19611 2025 5 100000
16652 2025 5 100000
13166 2025 5 100000
10893 2025 5 100000
11162 2025 5 100000
15279 2025 5 100000
10970 2025 5 100000
16015 2025 5 100000
11451 2025 5 100000
16339 2025 5 100000
14767 2025 5 100000
14355 2025 5 100000
20589 2025 5 100000
14478 2025 5 100000
11234 2025 5 100000
12464 2025 5 100000
17229 2025 5 100000
13709 2025 5 100000
18552 2025 5 100000
11602 2025 5 100000
15930 2025 5 100000
18070 2025 5 100000
18796 2025 5 100000
12624 2025 5 100000
12416 2025 5 100000
11961 2025 5 100000
13340 2025 5 100000
