181428 3000 6 100000
99083 3000 6 100000
48612 3000 6 100000
32433 3000 6 100000
66323 3000 6 100000
26717 3000 6 100000
30351 3000 6 100000
38001 3000 6 100000
28093 3000 6 100000
57497 3000 6 100000
48965 3000 6 100000
37673 3000 6 100000
33447 3000 6 100000
32423 3000 6 100000
72061 3000 6 100000
34413 3000 6 100000
61563 3000 6 100000
40748 3000 6 100000
28952 3000 6 100000
42623 3000 6 100000
34859 3000 6 100000
49897 3000 6 100000
60044 3000 6 100000
45478 3000 6 100000
65276 3000 6 100000
52292 3000 6 100000
39908 3000 6 100000
35790 3000 6 100000
44901 3000 6 100000
34135 3000 6 100000
61568 3000 6 100000
42943 3000 6 100000
55778 3000 6 100000
58092 3000 6 100000
32509 3000 6 100000
30103 3000 6 100000
30700 3000 6 100000
41056 3000 6 100000
28986 3000 6 100000
66986 3000 6 100000
45414 3000 6 100000
31915 3000 6 100000
43618 3000 6 100000
62434 3000 6 100000
43210 3000 6 100000
44997 3000 6 100000
51957 3000 6 100000
31261 3000 6 100000
32760 3000 6 100000
35526 3000 6 100000
43045 3000 6 100000
50061 3000 6 100000
37050 3000 6 100000
67995 3000 6 100000
48638 3000 6 100000
35911 3000 6 100000
35460 3000 6 100000
40230 3000 6 100000
34875 3000 6 100000
62706 3000 6 100000
36114 3000 6 100000
41806 3000 6 100000
43464 3000 6 100000
36733 3000 6 100000
78815 3000 6 100000
41584 3000 6 100000
50379 3000 6 100000
73746 3000 6 100000
74910 3000 6 100000
45915 3000 6 100000
41544 3000 6 100000
36902 3000 6 100000
36044 3000 6 100000
40850 3000 6 100000
75763 3000 6 100000
49764 3000 6 100000
43154 3000 6 100000
42031 3000 6 100000
34485 3000 6 100000
36252 3000 6 100000
38648 3000 6 100000
50996 3000 6 100000
40496 3000 6 100000
209898 3000 6 100000
36021 3000 6 100000
59446 3000 6 100000
41061 3000 6 100000
38881 3000 6 100000
67731 3000 6 100000
77543 3000 6 100000
46021 3000 6 100000
38544 3000 6 100000
66671 3000 6 100000
51544 3000 6 100000
38023 3000 6 100000
35452 3000 6 100000
36729 3000 6 100000
44843 3000 6 100000
38797 3000 6 100000
39263 3000 6 100000
48524 3000 6 100000
35513 3000 6 100000
34943 3000 6 100000
30614 3000 6 100000
38707 3000 6 100000
42708 3000 6 100000
76976 3000 6 100000
42624 3000 6 100000
38412 3000 6 100000
66190 3000 6 100000
35166 3000 6 100000
80110 3000 6 100000
34024 3000 6 100000
48827 3000 6 100000
31432 3000 6 100000
38411 3000 6 100000
91936 3000 6 100000
40963 3000 6 100000
45753 3000 6 100000
46703 3000 6 100000
38562 3000 6 100000
39961 3000 6 100000
35967 3000 6 100000
41572 3000 6 100000
43448 3000 6 100000
74440 3000 6 100000
50336 3000 6 100000
35286 3000 6 100000
33857 3000 6 100000
38174 3000 6 100000
66442 3000 6 100000
49105 3000 6 100000
67582 3000 6 100000
54958 3000 6 100000
44144 3000 6 100000
41690 3000 6 100000
41170 3000 6 100000
46787 3000 6 100000
69470 3000 6 100000
61237 3000 6 100000
56692 3000 6 100000
70079 3000 6 100000
70441 3000 6 100000
56357 3000 6 100000
35829 3000 6 100000
62452 3000 6 100000
49360 3000 6 100000
64550 3000 6 100000
44994 3000 6 100000
28845 3000 6 100000
65789 3000 6 100000
50861 3000 6 100000
69745 3000 6 100000
53456 3000 6 100000
48519 3000 6 100000
46419 3000 6 100000
61428 3000 6 100000
61147 3000 6 100000
37906 3000 6 100000
37267 3000 6 100000
36029 3000 6 100000
41550 3000 6 100000
51321 3000 6 100000
71951 3000 6 100000
63278 3000 6 100000
28008 3000 6 100000
61221 3000 6 100000
37685 3000 6 100000
46469 3000 6 100000
54645 3000 6 100000
45938 3000 6 100000
41943 3000 6 100000
40266 3000 6 100000
47317 3000 6 100000
76310 3000 6 100000
38778 3000 6 100000
64955 3000 6 100000
47742 3000 6 100000
70788 3000 6 100000
28170 3000 6 100000
71974 3000 6 100000
45704 3000 6 100000
70235 3000 6 100000
32740 3000 6 100000
65345 3000 6 100000
47617 3000 6 100000
39947 3000 6 100000
70294 3000 6 100000
70518 3000 6 100000
34949 3000 6 100000
57456 3000 6 100000
42162 3000 6 100000
43177 3000 6 100000
47623 3000 6 100000
40517 3000 6 100000
33282 3000 6 100000
45928 3000 6 100000
42280 3000 6 100000
53337 3000 6 100000
36609 3000 6 100000
50925 3000 6 100000
40163 3000 6 100000
62635 3000 6 100000
30768 3000 6 100000
46235 3000 6 100000
45567 3000 6 100000
49425 3000 6 100000
43718 3000 6 100000
42762 3000 6 100000
61277 3000 6 100000
36716 3000 6 100000
53192 3000 6 100000
31515 3000 6 100000
36501 3000 6 100000
68251 3000 6 100000
40537 3000 6 100000
70487 3000 6 100000
45819 3000 6 100000
60767 3000 6 100000
41458 3000 6 100000
67991 3000 6 100000
68800 3000 6 100000
61370 3000 6 100000
37949 3000 6 100000
49864 3000 6 100000
40526 3000 6 100000
67426 3000 6 100000
27113 3000 6 100000
44761 3000 6 100000
40397 3000 6 100000
29181 3000 6 100000
55865 3000 6 100000
35748 3000 6 100000
32535 3000 6 100000
59407 3000 6 100000
38823 3000 6 100000
63961 3000 6 100000
74622 3000 6 100000
37363 3000 6 100000
42380 3000 6 100000
54988 3000 6 100000
33895 3000 6 100000
56731 3000 6 100000
33160 3000 6 100000
73121 3000 6 100000
34883 3000 6 100000
37005 3000 6 100000
47010 3000 6 100000
52972 3000 6 100000
43361 3000 6 100000
