61344 3000 6 100000
40994 3000 6 100000
45527 3000 6 100000
29472 3000 6 100000
29843 3000 6 100000
40833 3000 6 100000
65832 3000 6 100000
38718 3000 6 100000
28854 3000 6 100000
30718 3000 6 100000
33614 3000 6 100000
65651 3000 6 100000
48407 3000 6 100000
51309 3000 6 100000
35937 3000 6 100000
35065 3000 6 100000
54539 3000 6 100000
35235 3000 6 100000
30852 3000 6 100000
45739 3000 6 100000
37434 3000 6 100000
55872 3000 6 100000
33640 3000 6 100000
34211 3000 6 100000
37901 3000 6 100000
46912 3000 6 100000
40557 3000 6 100000
27118 3000 6 100000
33805 3000 6 100000
28175 3000 6 100000
34840 3000 6 100000
36396 3000 6 100000
40919 3000 6 100000
65572 3000 6 100000
57870 3000 6 100000
39615 3000 6 100000
64023 3000 6 100000
35201 3000 6 100000
49296 3000 6 100000
49428 3000 6 100000
44495 3000 6 100000
29267 3000 6 100000
35029 3000 6 100000
41318 3000 6 100000
64808 3000 6 100000
67285 3000 6 100000
57523 3000 6 100000
37532 3000 6 100000
28985 3000 6 100000
41271 3000 6 100000
74730 3000 6 100000
35993 3000 6 100000
58359 3000 6 100000
68891 3000 6 100000
32455 3000 6 100000
39387 3000 6 100000
45173 3000 6 100000
75358 3000 6 100000
41189 3000 6 100000
26823 3000 6 100000
38833 3000 6 100000
53033 3000 6 100000
37319 3000 6 100000
46760 3000 6 100000
64943 3000 6 100000
41584 3000 6 100000
204236 3000 6 100000
48862 3000 6 100000
52475 3000 6 100000
73511 3000 6 100000
48227 3000 6 100000
43801 3000 6 100000
40338 3000 6 100000
46428 3000 6 100000
39062 3000 6 100000
44522 3000 6 100000
58062 3000 6 100000
39620 3000 6 100000
37449 3000 6 100000
32325 3000 6 100000
45156 3000 6 100000
43948 3000 6 100000
73921 3000 6 100000
42228 3000 6 100000
69191 3000 6 100000
52065 3000 6 100000
37821 3000 6 100000
48140 3000 6 100000
55225 3000 6 100000
34771 3000 6 100000
44381 3000 6 100000
50969 3000 6 100000
40861 3000 6 100000
32619 3000 6 100000
50443 3000 6 100000
73738 3000 6 100000
33999 3000 6 100000
36413 3000 6 100000
64021 3000 6 100000
71552 3000 6 100000
44439 3000 6 100000
32336 3000 6 100000
32055 3000 6 100000
35334 3000 6 100000
36498 3000 6 100000
38546 3000 6 100000
47198 3000 6 100000
46197 3000 6 100000
37150 3000 6 100000
73714 3000 6 100000
39618 3000 6 100000
38076 3000 6 100000
67950 3000 6 100000
65678 3000 6 100000
33852 3000 6 100000
37707 3000 6 100000
46545 3000 6 100000
53723 3000 6 100000
36163 3000 6 100000
38438 3000 6 100000
45807 3000 6 100000
41134 3000 6 100000
68685 3000 6 100000
39991 3000 6 100000
42263 3000 6 100000
45746 3000 6 100000
64030 3000 6 100000
57711 3000 6 100000
46791 3000 6 100000
45952 3000 6 100000
45639 3000 6 100000
43269 3000 6 100000
49845 3000 6 100000
47711 3000 6 100000
48271 3000 6 100000
37646 3000 6 100000
31000 3000 6 100000
65643 3000 6 100000
35173 3000 6 100000
57933 3000 6 100000
76227 3000 6 100000
44572 3000 6 100000
54273 3000 6 100000
44885 3000 6 100000
41601 3000 6 100000
68992 3000 6 100000
48960 3000 6 100000
53385 3000 6 100000
47366 3000 6 100000
38985 3000 6 100000
41695 3000 6 100000
31433 3000 6 100000
37203 3000 6 100000
39710 3000 6 100000
45548 3000 6 100000
66146 3000 6 100000
48533 3000 6 100000
34825 3000 6 100000
62780 3000 6 100000
66640 3000 6 100000
34038 3000 6 100000
49930 3000 6 100000
67215 3000 6 100000
74646 3000 6 100000
70815 3000 6 100000
49312 3000 6 100000
72134 3000 6 100000
43407 3000 6 100000
38557 3000 6 100000
27018 3000 6 100000
42535 3000 6 100000
45014 3000 6 100000
68208 3000 6 100000
35218 3000 6 100000
37346 3000 6 100000
37768 3000 6 100000
52719 3000 6 100000
52375 3000 6 100000
75695 3000 6 100000
34945 3000 6 100000
48033 3000 6 100000
69836 3000 6 100000
39254 3000 6 100000
43282 3000 6 100000
66149 3000 6 100000
67189 3000 6 100000
63883 3000 6 100000
41105 3000 6 100000
48674 3000 6 100000
35641 3000 6 100000
35904 3000 6 100000
75097 3000 6 100000
58683 3000 6 100000
38316 3000 6 100000
36440 3000 6 100000
48053 3000 6 100000
65057 3000 6 100000
33136 3000 6 100000
68009 3000 6 100000
48691 3000 6 100000
43105 3000 6 100000
39317 3000 6 100000
43452 3000 6 100000
41888 3000 6 100000
32473 3000 6 100000
34824 3000 6 100000
46383 3000 6 100000
33600 3000 6 100000
42655 3000 6 100000
37977 3000 6 100000
36934 3000 6 100000
40367 3000 6 100000
39067 3000 6 100000
58505 3000 6 100000
58560 3000 6 100000
38130 3000 6 100000
44180 3000 6 100000
35835 3000 6 100000
70097 3000 6 100000
68106 3000 6 100000
53829 3000 6 100000
36482 3000 6 100000
45338 3000 6 100000
50510 3000 6 100000
39691 3000 6 100000
54548 3000 6 100000
39932 3000 6 100000
50536 3000 6 100000
36130 3000 6 100000
52304 3000 6 100000
29033 3000 6 100000
39229 3000 6 100000
45489 3000 6 100000
68525 3000 6 100000
38667 3000 6 100000
43603 3000 6 100000
72484 3000 6 100000
29778 3000 6 100000
39325 3000 6 100000
56800 3000 6 100000
33755 3000 6 100000
35615 3000 6 100000
32161 3000 6 100000
48400 3000 6 100000
41205 3000 6 100000
28775 3000 6 100000
36109 3000 6 100000
32269 3000 6 100000
36042 3000 6 100000
37831 3000 6 100000
