29919 3000 6 100000
37635 3000 6 100000
35431 3000 6 100000
63694 3000 6 100000
39057 3000 6 100000
54025 3000 6 100000
43274 3000 6 100000
35848 3000 6 100000
33338 3000 6 100000
30541 3000 6 100000
38829 3000 6 100000
45954 3000 6 100000
42556 3000 6 100000
51454 3000 6 100000
37065 3000 6 100000
34355 3000 6 100000
37174 3000 6 100000
39037 3000 6 100000
29706 3000 6 100000
42442 3000 6 100000
34672 3000 6 100000
50148 3000 6 100000
57552 3000 6 100000
44088 3000 6 100000
43143 3000 6 100000
72271 3000 6 100000
34467 3000 6 100000
51022 3000 6 100000
40178 3000 6 100000
37051 3000 6 100000
43189 3000 6 100000
41129 3000 6 100000
55732 3000 6 100000
42074 3000 6 100000
33711 3000 6 100000
49478 3000 6 100000
38194 3000 6 100000
48039 3000 6 100000
79344 3000 6 100000
40931 3000 6 100000
41813 3000 6 100000
39226 3000 6 100000
59195 3000 6 100000
32743 3000 6 100000
197875 3000 6 100000
35531 3000 6 100000
49419 3000 6 100000
62683 3000 6 100000
38107 3000 6 100000
37069 3000 6 100000
54108 3000 6 100000
46410 3000 6 100000
33784 3000 6 100000
52923 3000 6 100000
72791 3000 6 100000
41777 3000 6 100000
41382 3000 6 100000
30645 3000 6 100000
41702 3000 6 100000
42785 3000 6 100000
64493 3000 6 100000
43375 3000 6 100000
65201 3000 6 100000
32633 3000 6 100000
67267 3000 6 100000
44241 3000 6 100000
25201 3000 6 100000
47901 3000 6 100000
48084 3000 6 100000
41950 3000 6 100000
36933 3000 6 100000
69908 3000 6 100000
52001 3000 6 100000
45413 3000 6 100000
59104 3000 6 100000
32233 3000 6 100000
42168 3000 6 100000
68968 3000 6 100000
57877 3000 6 100000
77548 3000 6 100000
40563 3000 6 100000
47052 3000 6 100000
49911 3000 6 100000
64970 3000 6 100000
35098 3000 6 100000
64994 3000 6 100000
54051 3000 6 100000
71671 3000 6 100000
73807 3000 6 100000
69987 3000 6 100000
45615 3000 6 100000
44998 3000 6 100000
41885 3000 6 100000
75018 3000 6 100000
54038 3000 6 100000
42772 3000 6 100000
35822 3000 6 100000
43773 3000 6 100000
74394 3000 6 100000
43594 3000 6 100000
37060 3000 6 100000
38501 3000 6 100000
70494 3000 6 100000
69333 3000 6 100000
45920 3000 6 100000
62837 3000 6 100000
43170 3000 6 100000
36585 3000 6 100000
43627 3000 6 100000
29516 3000 6 100000
35247 3000 6 100000
38410 3000 6 100000
34200 3000 6 100000
30687 3000 6 100000
35062 3000 6 100000
61882 3000 6 100000
44707 3000 6 100000
39160 3000 6 100000
56174 3000 6 100000
39334 3000 6 100000
47680 3000 6 100000
36191 3000 6 100000
36088 3000 6 100000
34847 3000 6 100000
72138 3000 6 100000
51107 3000 6 100000
68240 3000 6 100000
49193 3000 6 100000
37147 3000 6 100000
35564 3000 6 100000
53146 3000 6 100000
39197 3000 6 100000
50634 3000 6 100000
67862 3000 6 100000
51728 3000 6 100000
40352 3000 6 100000
53326 3000 6 100000
67324 3000 6 100000
34981 3000 6 100000
64701 3000 6 100000
42577 3000 6 100000
46891 3000 6 100000
37514 3000 6 100000
64176 3000 6 100000
65559 3000 6 100000
45922 3000 6 100000
33675 3000 6 100000
33705 3000 6 100000
72576 3000 6 100000
26154 3000 6 100000
52360 3000 6 100000
35333 3000 6 100000
70778 3000 6 100000
33544 3000 6 100000
42215 3000 6 100000
45843 3000 6 100000
37957 3000 6 100000
62656 3000 6 100000
48757 3000 6 100000
34938 3000 6 100000
47702 3000 6 100000
40231 3000 6 100000
36014 3000 6 100000
36761 3000 6 100000
44421 3000 6 100000
46414 3000 6 100000
65301 3000 6 100000
38168 3000 6 100000
67820 3000 6 100000
39052 3000 6 100000
36490 3000 6 100000
43096 3000 6 100000
44991 3000 6 100000
57115 3000 6 100000
74528 3000 6 100000
35139 3000 6 100000
36821 3000 6 100000
37554 3000 6 100000
41308 3000 6 100000
43726 3000 6 100000
78273 3000 6 100000
38857 3000 6 100000
45286 3000 6 100000
31314 3000 6 100000
40578 3000 6 100000
41623 3000 6 100000
54298 3000 6 100000
39054 3000 6 100000
42555 3000 6 100000
70838 3000 6 100000
68724 3000 6 100000
39560 3000 6 100000
42217 3000 6 100000
34270 3000 6 100000
43685 3000 6 100000
40406 3000 6 100000
38682 3000 6 100000
65455 3000 6 100000
47834 3000 6 100000
49190 3000 6 100000
60790 3000 6 100000
42231 3000 6 100000
65732 3000 6 100000
73777 3000 6 100000
43475 3000 6 100000
42747 3000 6 100000
43758 3000 6 100000
50507 3000 6 100000
55950 3000 6 100000
40279 3000 6 100000
50146 3000 6 100000
41852 3000 6 100000
37310 3000 6 100000
36736 3000 6 100000
32128 3000 6 100000
51343 3000 6 100000
41794 3000 6 100000
36132 3000 6 100000
63008 3000 6 100000
24365 3000 6 100000
31689 3000 6 100000
34863 3000 6 100000
37787 3000 6 100000
31201 3000 6 100000
42398 3000 6 100000
26995 3000 6 100000
40402 3000 6 100000
41538 3000 6 100000
41522 3000 6 100000
52232 3000 6 100000
32782 3000 6 100000
55567 3000 6 100000
29605 3000 6 100000
29979 3000 6 100000
30747 3000 6 100000
34467 3000 6 100000
27946 3000 6 100000
46751 3000 6 100000
39925 3000 6 100000
32942 3000 6 100000
59106 3000 6 100000
58035 3000 6 100000
26557 3000 6 100000
52534 3000 6 100000
34212 3000 6 100000
35244 3000 6 100000
34191 3000 6 100000
32760 3000 6 100000
33909 3000 6 100000
50938 3000 6 100000
