48912 3000 6 100000
56186 3000 6 100000
52285 3000 6 100000
38147 3000 6 100000
28298 3000 6 100000
44466 3000 6 100000
79111 3000 6 100000
55010 3000 6 100000
47446 3000 6 100000
74529 3000 6 100000
48335 3000 6 100000
79925 3000 6 100000
50844 3000 6 100000
75478 3000 6 100000
60036 3000 6 100000
40928 3000 6 100000
87717 3000 6 100000
155876 3000 6 100000
33790 3000 6 100000
36983 3000 6 100000
45069 3000 6 100000
40180 3000 6 100000
37429 3000 6 100000
37362 3000 6 100000
46578 3000 6 100000
43217 3000 6 100000
32783 3000 6 100000
31193 3000 6 100000
46251 3000 6 100000
40599 3000 6 100000
41843 3000 6 100000
31159 3000 6 100000
32464 3000 6 100000
38582 3000 6 100000
40714 3000 6 100000
36640 3000 6 100000
39625 3000 6 100000
37810 3000 6 100000
42400 3000 6 100000
40825 3000 6 100000
34430 3000 6 100000
29267 3000 6 100000
33524 3000 6 100000
34927 3000 6 100000
31958 3000 6 100000
38361 3000 6 100000
36953 3000 6 100000
47679 3000 6 100000
38261 3000 6 100000
52713 3000 6 100000
40751 3000 6 100000
41786 3000 6 100000
39512 3000 6 100000
27128 3000 6 100000
63595 3000 6 100000
39139 3000 6 100000
59992 3000 6 100000
45451 3000 6 100000
47155 3000 6 100000
51899 3000 6 100000
47708 3000 6 100000
75229 3000 6 100000
39861 3000 6 100000
35015 3000 6 100000
48637 3000 6 100000
68746 3000 6 100000
38783 3000 6 100000
46922 3000 6 100000
29769 3000 6 100000
39652 3000 6 100000
48368 3000 6 100000
37762 3000 6 100000
35070 3000 6 100000
76875 3000 6 100000
73655 3000 6 100000
70572 3000 6 100000
37304 3000 6 100000
44546 3000 6 100000
53163 3000 6 100000
63644 3000 6 100000
69787 3000 6 100000
37063 3000 6 100000
69542 3000 6 100000
46832 3000 6 100000
30676 3000 6 100000
39978 3000 6 100000
42787 3000 6 100000
62040 3000 6 100000
35974 3000 6 100000
41314 3000 6 100000
76285 3000 6 100000
34811 3000 6 100000
71526 3000 6 100000
35676 3000 6 100000
38462 3000 6 100000
40776 3000 6 100000
52642 3000 6 100000
45690 3000 6 100000
42130 3000 6 100000
65874 3000 6 100000
64565 3000 6 100000
36255 3000 6 100000
33916 3000 6 100000
36646 3000 6 100000
38655 3000 6 100000
71499 3000 6 100000
39248 3000 6 100000
46797 3000 6 100000
42287 3000 6 100000
48836 3000 6 100000
47080 3000 6 100000
44111 3000 6 100000
42403 3000 6 100000
66189 3000 6 100000
35323 3000 6 100000
46915 3000 6 100000
37125 3000 6 100000
45556 3000 6 100000
46909 3000 6 100000
58244 3000 6 100000
41658 3000 6 100000
76476 3000 6 100000
57655 3000 6 100000
34531 3000 6 100000
37971 3000 6 100000
64899 3000 6 100000
40109 3000 6 100000
45306 3000 6 100000
45377 3000 6 100000
60436 3000 6 100000
69378 3000 6 100000
65002 3000 6 100000
60177 3000 6 100000
48552 3000 6 100000
44838 3000 6 100000
37325 3000 6 100000
34994 3000 6 100000
38944 3000 6 100000
31319 3000 6 100000
49645 3000 6 100000
64950 3000 6 100000
60818 3000 6 100000
48358 3000 6 100000
43891 3000 6 100000
49043 3000 6 100000
40970 3000 6 100000
39818 3000 6 100000
55054 3000 6 100000
74300 3000 6 100000
40326 3000 6 100000
36737 3000 6 100000
39894 3000 6 100000
35424 3000 6 100000
39024 3000 6 100000
34601 3000 6 100000
56343 3000 6 100000
74986 3000 6 100000
38043 3000 6 100000
81161 3000 6 100000
44409 3000 6 100000
34858 3000 6 100000
33657 3000 6 100000
25924 3000 6 100000
38866 3000 6 100000
36146 3000 6 100000
47628 3000 6 100000
52919 3000 6 100000
36615 3000 6 100000
49493 3000 6 100000
38452 3000 6 100000
47800 3000 6 100000
62748 3000 6 100000
40023 3000 6 100000
51819 3000 6 100000
44628 3000 6 100000
30435 3000 6 100000
40240 3000 6 100000
33807 3000 6 100000
37284 3000 6 100000
42768 3000 6 100000
69772 3000 6 100000
67036 3000 6 100000
35096 3000 6 100000
43106 3000 6 100000
44147 3000 6 100000
53019 3000 6 100000
40372 3000 6 100000
34832 3000 6 100000
50195 3000 6 100000
71716 3000 6 100000
40362 3000 6 100000
48430 3000 6 100000
29174 3000 6 100000
51316 3000 6 100000
66815 3000 6 100000
39953 3000 6 100000
59308 3000 6 100000
43166 3000 6 100000
43645 3000 6 100000
33866 3000 6 100000
28645 3000 6 100000
32878 3000 6 100000
53375 3000 6 100000
45617 3000 6 100000
37260 3000 6 100000
32699 3000 6 100000
48740 3000 6 100000
38621 3000 6 100000
28911 3000 6 100000
33795 3000 6 100000
31731 3000 6 100000
54196 3000 6 100000
43024 3000 6 100000
27015 3000 6 100000
43597 3000 6 100000
35170 3000 6 100000
34753 3000 6 100000
37712 3000 6 100000
29670 3000 6 100000
56237 3000 6 100000
40548 3000 6 100000
26613 3000 6 100000
42856 3000 6 100000
43523 3000 6 100000
34837 3000 6 100000
39921 3000 6 100000
32605 3000 6 100000
47842 3000 6 100000
32625 3000 6 100000
29473 3000 6 100000
25851 3000 6 100000
54120 3000 6 100000
29562 3000 6 100000
56157 3000 6 100000
33945 3000 6 100000
46204 3000 6 100000
29201 3000 6 100000
23245 3000 6 100000
32320 3000 6 100000
52690 3000 6 100000
33127 3000 6 100000
38625 3000 6 100000
28497 3000 6 100000
35023 3000 6 100000
34950 3000 6 100000
37968 3000 6 100000
56680 3000 6 100000
37020 3000 6 100000
24801 3000 6 100000
33323 3000 6 100000
