221418 4235 7 100000
268074 4235 7 100000
118037 4235 7 100000
78898 4235 7 100000
94237 4235 7 100000
90605 4235 7 100000
78094 4235 7 100000
107135 4235 7 100000
129646 4235 7 100000
72554 4235 7 100000
75857 4235 7 100000
80699 4235 7 100000
72385 4235 7 100000
119477 4235 7 100000
70044 4235 7 100000
101172 4235 7 100000
98708 4235 7 100000
72424 4235 7 100000
75154 4235 7 100000
94122 4235 7 100000
86069 4235 7 100000
84655 4235 7 100000
118612 4235 7 100000
93004 4235 7 100000
95243 4235 7 100000
79767 4235 7 100000
89195 4235 7 100000
95225 4235 7 100000
71980 4235 7 100000
114408 4235 7 100000
100954 4235 7 100000
129980 4235 7 100000
113535 4235 7 100000
100188 4235 7 100000
166726 4235 7 100000
114699 4235 7 100000
133481 4235 7 100000
138143 4235 7 100000
90001 4235 7 100000
130577 4235 7 100000
144568 4235 7 100000
84753 4235 7 100000
100970 4235 7 100000
99080 4235 7 100000
150276 4235 7 100000
95656 4235 7 100000
92093 4235 7 100000
274736 4235 7 100000
107599 4235 7 100000
186967 4235 7 100000
85358 4235 7 100000
98262 4235 7 100000
71011 4235 7 100000
96277 4235 7 100000
78857 4235 7 100000
110853 4235 7 100000
104934 4235 7 100000
92647 4235 7 100000
154068 4235 7 100000
117545 4235 7 100000
88808 4235 7 100000
203334 4235 7 100000
93745 4235 7 100000
70303 4235 7 100000
88729 4235 7 100000
128334 4235 7 100000
183801 4235 7 100000
92069 4235 7 100000
72812 4235 7 100000
77340 4235 7 100000
88729 4235 7 100000
116564 4235 7 100000
179076 4235 7 100000
185592 4235 7 100000
94530 4235 7 100000
103172 4235 7 100000
86485 4235 7 100000
106460 4235 7 100000
153009 4235 7 100000
92240 4235 7 100000
160515 4235 7 100000
104698 4235 7 100000
95517 4235 7 100000
112650 4235 7 100000
150454 4235 7 100000
88005 4235 7 100000
79480 4235 7 100000
339395 4235 7 100000
172297 4235 7 100000
113000 4235 7 100000
90488 4235 7 100000
100933 4235 7 100000
88433 4235 7 100000
104630 4235 7 100000
118624 4235 7 100000
93795 4235 7 100000
153223 4235 7 100000
106191 4235 7 100000
132019 4235 7 100000
96678 4235 7 100000
217147 4235 7 100000
111835 4235 7 100000
114993 4235 7 100000
168556 4235 7 100000
107528 4235 7 100000
95456 4235 7 100000
110010 4235 7 100000
80126 4235 7 100000
113994 4235 7 100000
85953 4235 7 100000
157134 4235 7 100000
93985 4235 7 100000
135702 4235 7 100000
133166 4235 7 100000
80445 4235 7 100000
169439 4235 7 100000
199380 4235 7 100000
117293 4235 7 100000
180995 4235 7 100000
84758 4235 7 100000
176227 4235 7 100000
101224 4235 7 100000
110427 4235 7 100000
110068 4235 7 100000
109479 4235 7 100000
112341 4235 7 100000
188006 4235 7 100000
100455 4235 7 100000
176833 4235 7 100000
110508 4235 7 100000
125835 4235 7 100000
116955 4235 7 100000
96779 4235 7 100000
102860 4235 7 100000
94546 4235 7 100000
114321 4235 7 100000
113895 4235 7 100000
120868 4235 7 100000
118303 4235 7 100000
147362 4235 7 100000
260193 4235 7 100000
109447 4235 7 100000
105443 4235 7 100000
125607 4235 7 100000
120092 4235 7 100000
239838 4235 7 100000
223162 4235 7 100000
97454 4235 7 100000
191401 4235 7 100000
120468 4235 7 100000
112811 4235 7 100000
124434 4235 7 100000
99505 4235 7 100000
112778 4235 7 100000
110652 4235 7 100000
165845 4235 7 100000
108017 4235 7 100000
104289 4235 7 100000
179956 4235 7 100000
96413 4235 7 100000
130057 4235 7 100000
125043 4235 7 100000
86447 4235 7 100000
146101 4235 7 100000
132861 4235 7 100000
115505 4235 7 100000
107518 4235 7 100000
122777 4235 7 100000
87927 4235 7 100000
93157 4235 7 100000
151387 4235 7 100000
90837 4235 7 100000
229562 4235 7 100000
111717 4235 7 100000
171062 4235 7 100000
191852 4235 7 100000
189262 4235 7 100000
114795 4235 7 100000
101688 4235 7 100000
142325 4235 7 100000
208919 4235 7 100000
125576 4235 7 100000
115423 4235 7 100000
98285 4235 7 100000
91500 4235 7 100000
129678 4235 7 100000
83548 4235 7 100000
203307 4235 7 100000
129706 4235 7 100000
96872 4235 7 100000
136929 4235 7 100000
205810 4235 7 100000
105825 4235 7 100000
132679 4235 7 100000
89483 4235 7 100000
99479 4235 7 100000
156642 4235 7 100000
136998 4235 7 100000
85670 4235 7 100000
72888 4235 7 100000
93944 4235 7 100000
219366 4235 7 100000
109648 4235 7 100000
96118 4235 7 100000
85660 4235 7 100000
74786 4235 7 100000
198034 4235 7 100000
132674 4235 7 100000
212918 4235 7 100000
93609 4235 7 100000
156597 4235 7 100000
115503 4235 7 100000
98583 4235 7 100000
103795 4235 7 100000
109912 4235 7 100000
137813 4235 7 100000
170715 4235 7 100000
92262 4235 7 100000
122353 4235 7 100000
99397 4235 7 100000
108645 4235 7 100000
94328 4235 7 100000
89550 4235 7 100000
152939 4235 7 100000
124933 4235 7 100000
99870 4235 7 100000
177704 4235 7 100000
115886 4235 7 100000
124677 4235 7 100000
144633 4235 7 100000
102758 4235 7 100000
150164 4235 7 100000
108258 4235 7 100000
108570 4235 7 100000
86293 4235 7 100000
95330 4235 7 100000
91264 4235 7 100000
93668 4235 7 100000
118119 4235 7 100000
103455 4235 7 100000
208921 4235 7 100000
122748 4235 7 100000
96069 4235 7 100000
95566 4235 7 100000
94286 4235 7 100000
94493 4235 7 100000
112859 4235 7 100000
145033 4235 7 100000
98542 4235 7 100000
147526 4235 7 100000
