94116 4235 7 100000
197179 4235 7 100000
87394 4235 7 100000
74449 4235 7 100000
70567 4235 7 100000
77012 4235 7 100000
71982 4235 7 100000
63765 4235 7 100000
92467 4235 7 100000
77362 4235 7 100000
84363 4235 7 100000
82723 4235 7 100000
81211 4235 7 100000
84457 4235 7 100000
169606 4235 7 100000
175332 4235 7 100000
68341 4235 7 100000
83611 4235 7 100000
170030 4235 7 100000
72189 4235 7 100000
123041 4235 7 100000
93630 4235 7 100000
93403 4235 7 100000
95920 4235 7 100000
129680 4235 7 100000
107070 4235 7 100000
132784 4235 7 100000
119711 4235 7 100000
146032 4235 7 100000
106794 4235 7 100000
190833 4235 7 100000
196022 4235 7 100000
87059 4235 7 100000
174156 4235 7 100000
89882 4235 7 100000
92362 4235 7 100000
309047 4235 7 100000
123041 4235 7 100000
95804 4235 7 100000
83511 4235 7 100000
82700 4235 7 100000
74178 4235 7 100000
95018 4235 7 100000
128568 4235 7 100000
121162 4235 7 100000
147050 4235 7 100000
89385 4235 7 100000
99827 4235 7 100000
124013 4235 7 100000
90491 4235 7 100000
77405 4235 7 100000
76797 4235 7 100000
90999 4235 7 100000
91785 4235 7 100000
76681 4235 7 100000
74959 4235 7 100000
92697 4235 7 100000
81018 4235 7 100000
103553 4235 7 100000
80433 4235 7 100000
97963 4235 7 100000
79876 4235 7 100000
89366 4235 7 100000
96692 4235 7 100000
91372 4235 7 100000
93912 4235 7 100000
83518 4235 7 100000
86522 4235 7 100000
86726 4235 7 100000
99578 4235 7 100000
93892 4235 7 100000
102895 4235 7 100000
134544 4235 7 100000
157449 4235 7 100000
161569 4235 7 100000
102146 4235 7 100000
131517 4235 7 100000
140517 4235 7 100000
118868 4235 7 100000
110052 4235 7 100000
350958 4235 7 100000
103165 4235 7 100000
186367 4235 7 100000
106633 4235 7 100000
98411 4235 7 100000
107069 4235 7 100000
83475 4235 7 100000
96931 4235 7 100000
94161 4235 7 100000
143434 4235 7 100000
103782 4235 7 100000
138645 4235 7 100000
98719 4235 7 100000
115172 4235 7 100000
149808 4235 7 100000
141087 4235 7 100000
108445 4235 7 100000
122169 4235 7 100000
103704 4235 7 100000
159018 4235 7 100000
90618 4235 7 100000
103373 4235 7 100000
86799 4235 7 100000
156934 4235 7 100000
113051 4235 7 100000
119111 4235 7 100000
233015 4235 7 100000
127178 4235 7 100000
117921 4235 7 100000
112974 4235 7 100000
151719 4235 7 100000
125836 4235 7 100000
216695 4235 7 100000
113065 4235 7 100000
80903 4235 7 100000
109790 4235 7 100000
100782 4235 7 100000
128743 4235 7 100000
130082 4235 7 100000
95510 4235 7 100000
141142 4235 7 100000
161322 4235 7 100000
127134 4235 7 100000
178234 4235 7 100000
131657 4235 7 100000
91026 4235 7 100000
121993 4235 7 100000
106066 4235 7 100000
101803 4235 7 100000
94377 4235 7 100000
104792 4235 7 100000
89088 4235 7 100000
104903 4235 7 100000
161892 4235 7 100000
245331 4235 7 100000
156281 4235 7 100000
117020 4235 7 100000
141706 4235 7 100000
193369 4235 7 100000
191749 4235 7 100000
119360 4235 7 100000
105540 4235 7 100000
133699 4235 7 100000
99995 4235 7 100000
107786 4235 7 100000
106431 4235 7 100000
146446 4235 7 100000
92209 4235 7 100000
104116 4235 7 100000
175648 4235 7 100000
99984 4235 7 100000
181776 4235 7 100000
96556 4235 7 100000
92580 4235 7 100000
121321 4235 7 100000
112125 4235 7 100000
119018 4235 7 100000
111959 4235 7 100000
94835 4235 7 100000
95355 4235 7 100000
86224 4235 7 100000
131826 4235 7 100000
142732 4235 7 100000
102008 4235 7 100000
95609 4235 7 100000
144684 4235 7 100000
102758 4235 7 100000
109924 4235 7 100000
96578 4235 7 100000
169828 4235 7 100000
141169 4235 7 100000
131391 4235 7 100000
87566 4235 7 100000
82555 4235 7 100000
203301 4235 7 100000
98776 4235 7 100000
137111 4235 7 100000
111277 4235 7 100000
181694 4235 7 100000
100060 4235 7 100000
121232 4235 7 100000
81526 4235 7 100000
175609 4235 7 100000
122030 4235 7 100000
69879 4235 7 100000
79902 4235 7 100000
105429 4235 7 100000
82877 4235 7 100000
96958 4235 7 100000
103463 4235 7 100000
143246 4235 7 100000
172943 4235 7 100000
106933 4235 7 100000
94696 4235 7 100000
93117 4235 7 100000
79792 4235 7 100000
85786 4235 7 100000
123424 4235 7 100000
77664 4235 7 100000
86234 4235 7 100000
153637 4235 7 100000
121004 4235 7 100000
92266 4235 7 100000
138367 4235 7 100000
93082 4235 7 100000
109535 4235 7 100000
122772 4235 7 100000
125922 4235 7 100000
77018 4235 7 100000
83369 4235 7 100000
195889 4235 7 100000
120254 4235 7 100000
103037 4235 7 100000
112819 4235 7 100000
204658 4235 7 100000
118088 4235 7 100000
134526 4235 7 100000
85564 4235 7 100000
145754 4235 7 100000
78898 4235 7 100000
109248 4235 7 100000
88286 4235 7 100000
152431 4235 7 100000
111612 4235 7 100000
96002 4235 7 100000
133639 4235 7 100000
92753 4235 7 100000
142606 4235 7 100000
140522 4235 7 100000
159637 4235 7 100000
154943 4235 7 100000
119246 4235 7 100000
96305 4235 7 100000
103727 4235 7 100000
103854 4235 7 100000
161684 4235 7 100000
98388 4235 7 100000
92640 4235 7 100000
77125 4235 7 100000
94832 4235 7 100000
118148 4235 7 100000
100778 4235 7 100000
108073 4235 7 100000
122280 4235 7 100000
132462 4235 7 100000
115227 4235 7 100000
85420 4235 7 100000
119628 4235 7 100000
194087 4235 7 100000
198812 4235 7 100000
