81776 4235 7 100000
94528 4235 7 100000
73613 4235 7 100000
107136 4235 7 100000
98206 4235 7 100000
116218 4235 7 100000
108490 4235 7 100000
89664 4235 7 100000
84958 4235 7 100000
76556 4235 7 100000
73187 4235 7 100000
100858 4235 7 100000
92423 4235 7 100000
101592 4235 7 100000
116618 4235 7 100000
148274 4235 7 100000
241642 4235 7 100000
88261 4235 7 100000
87235 4235 7 100000
198760 4235 7 100000
95265 4235 7 100000
142271 4235 7 100000
105739 4235 7 100000
83673 4235 7 100000
87147 4235 7 100000
184100 4235 7 100000
80620 4235 7 100000
95188 4235 7 100000
289809 4235 7 100000
95031 4235 7 100000
132213 4235 7 100000
99419 4235 7 100000
110745 4235 7 100000
102755 4235 7 100000
80095 4235 7 100000
109228 4235 7 100000
158042 4235 7 100000
97553 4235 7 100000
104036 4235 7 100000
84508 4235 7 100000
88791 4235 7 100000
179283 4235 7 100000
137329 4235 7 100000
76874 4235 7 100000
97112 4235 7 100000
96538 4235 7 100000
82444 4235 7 100000
88095 4235 7 100000
103985 4235 7 100000
95925 4235 7 100000
154661 4235 7 100000
158427 4235 7 100000
145386 4235 7 100000
89494 4235 7 100000
102363 4235 7 100000
72196 4235 7 100000
115755 4235 7 100000
137549 4235 7 100000
61846 4235 7 100000
128848 4235 7 100000
146867 4235 7 100000
109324 4235 7 100000
225949 4235 7 100000
117093 4235 7 100000
111277 4235 7 100000
113335 4235 7 100000
113120 4235 7 100000
226931 4235 7 100000
196495 4235 7 100000
180409 4235 7 100000
115364 4235 7 100000
95029 4235 7 100000
118094 4235 7 100000
86214 4235 7 100000
176379 4235 7 100000
86445 4235 7 100000
132279 4235 7 100000
88414 4235 7 100000
113358 4235 7 100000
142941 4235 7 100000
130912 4235 7 100000
127368 4235 7 100000
91929 4235 7 100000
176557 4235 7 100000
156916 4235 7 100000
85823 4235 7 100000
85978 4235 7 100000
111384 4235 7 100000
135950 4235 7 100000
145740 4235 7 100000
125257 4235 7 100000
157114 4235 7 100000
115858 4235 7 100000
118104 4235 7 100000
128274 4235 7 100000
120126 4235 7 100000
111051 4235 7 100000
109936 4235 7 100000
174890 4235 7 100000
147903 4235 7 100000
157803 4235 7 100000
81956 4235 7 100000
167104 4235 7 100000
162536 4235 7 100000
126036 4235 7 100000
105161 4235 7 100000
110373 4235 7 100000
142749 4235 7 100000
109615 4235 7 100000
107555 4235 7 100000
123192 4235 7 100000
107423 4235 7 100000
91761 4235 7 100000
111025 4235 7 100000
98319 4235 7 100000
94654 4235 7 100000
139059 4235 7 100000
111606 4235 7 100000
96750 4235 7 100000
144488 4235 7 100000
149901 4235 7 100000
244417 4235 7 100000
103125 4235 7 100000
153582 4235 7 100000
98167 4235 7 100000
120170 4235 7 100000
177350 4235 7 100000
131170 4235 7 100000
116993 4235 7 100000
156095 4235 7 100000
106657 4235 7 100000
130535 4235 7 100000
137292 4235 7 100000
93028 4235 7 100000
84449 4235 7 100000
98895 4235 7 100000
104623 4235 7 100000
95418 4235 7 100000
94534 4235 7 100000
133877 4235 7 100000
140545 4235 7 100000
217014 4235 7 100000
120484 4235 7 100000
113248 4235 7 100000
120450 4235 7 100000
85187 4235 7 100000
94749 4235 7 100000
94925 4235 7 100000
103123 4235 7 100000
119753 4235 7 100000
147800 4235 7 100000
109696 4235 7 100000
215088 4235 7 100000
124564 4235 7 100000
140936 4235 7 100000
108472 4235 7 100000
107535 4235 7 100000
165098 4235 7 100000
112329 4235 7 100000
110516 4235 7 100000
111489 4235 7 100000
120993 4235 7 100000
81925 4235 7 100000
106392 4235 7 100000
84407 4235 7 100000
176230 4235 7 100000
100098 4235 7 100000
118304 4235 7 100000
124283 4235 7 100000
138542 4235 7 100000
83775 4235 7 100000
86827 4235 7 100000
129984 4235 7 100000
77425 4235 7 100000
162755 4235 7 100000
137118 4235 7 100000
121540 4235 7 100000
99490 4235 7 100000
193256 4235 7 100000
155834 4235 7 100000
162751 4235 7 100000
187866 4235 7 100000
97987 4235 7 100000
130560 4235 7 100000
119255 4235 7 100000
139399 4235 7 100000
78701 4235 7 100000
67055 4235 7 100000
122879 4235 7 100000
113601 4235 7 100000
106490 4235 7 100000
193847 4235 7 100000
102407 4235 7 100000
139132 4235 7 100000
216672 4235 7 100000
107325 4235 7 100000
146793 4235 7 100000
203037 4235 7 100000
151850 4235 7 100000
196603 4235 7 100000
159100 4235 7 100000
130241 4235 7 100000
106213 4235 7 100000
110631 4235 7 100000
128717 4235 7 100000
104625 4235 7 100000
115420 4235 7 100000
128495 4235 7 100000
98678 4235 7 100000
111171 4235 7 100000
124378 4235 7 100000
215258 4235 7 100000
181632 4235 7 100000
168302 4235 7 100000
76196 4235 7 100000
98174 4235 7 100000
91394 4235 7 100000
129326 4235 7 100000
150153 4235 7 100000
117832 4235 7 100000
84853 4235 7 100000
102276 4235 7 100000
109068 4235 7 100000
119350 4235 7 100000
146306 4235 7 100000
109428 4235 7 100000
105755 4235 7 100000
151737 4235 7 100000
100653 4235 7 100000
195035 4235 7 100000
168433 4235 7 100000
118326 4235 7 100000
89649 4235 7 100000
81927 4235 7 100000
96591 4235 7 100000
78867 4235 7 100000
92987 4235 7 100000
80617 4235 7 100000
119516 4235 7 100000
78419 4235 7 100000
168359 4235 7 100000
61969 4235 7 100000
93026 4235 7 100000
94082 4235 7 100000
151244 4235 7 100000
104752 4235 7 100000
86552 4235 7 100000
90828 4235 7 100000
94794 4235 7 100000
133027 4235 7 100000
