147382 4235 7 100000
86631 4235 7 100000
133376 4235 7 100000
169944 4235 7 100000
140935 4235 7 100000
79512 4235 7 100000
102205 4235 7 100000
175924 4235 7 100000
92930 4235 7 100000
104205 4235 7 100000
118336 4235 7 100000
154120 4235 7 100000
144030 4235 7 100000
91681 4235 7 100000
84177 4235 7 100000
85580 4235 7 100000
70087 4235 7 100000
169398 4235 7 100000
195684 4235 7 100000
97784 4235 7 100000
99741 4235 7 100000
110758 4235 7 100000
140236 4235 7 100000
88375 4235 7 100000
90902 4235 7 100000
108860 4235 7 100000
142430 4235 7 100000
76839 4235 7 100000
106807 4235 7 100000
95062 4235 7 100000
156507 4235 7 100000
104207 4235 7 100000
86938 4235 7 100000
78988 4235 7 100000
125121 4235 7 100000
106529 4235 7 100000
88254 4235 7 100000
133802 4235 7 100000
84997 4235 7 100000
96240 4235 7 100000
149114 4235 7 100000
90757 4235 7 100000
89052 4235 7 100000
91225 4235 7 100000
91017 4235 7 100000
161068 4235 7 100000
70041 4235 7 100000
108482 4235 7 100000
195087 4235 7 100000
138018 4235 7 100000
186985 4235 7 100000
145285 4235 7 100000
105714 4235 7 100000
100006 4235 7 100000
108069 4235 7 100000
99576 4235 7 100000
147679 4235 7 100000
99724 4235 7 100000
193948 4235 7 100000
207144 4235 7 100000
106766 4235 7 100000
78758 4235 7 100000
104329 4235 7 100000
106102 4235 7 100000
191775 4235 7 100000
198082 4235 7 100000
98290 4235 7 100000
98925 4235 7 100000
120018 4235 7 100000
161564 4235 7 100000
170412 4235 7 100000
151762 4235 7 100000
97429 4235 7 100000
122949 4235 7 100000
174137 4235 7 100000
131305 4235 7 100000
123519 4235 7 100000
82746 4235 7 100000
116795 4235 7 100000
132887 4235 7 100000
95582 4235 7 100000
174357 4235 7 100000
110882 4235 7 100000
123708 4235 7 100000
114832 4235 7 100000
144760 4235 7 100000
121473 4235 7 100000
202290 4235 7 100000
109771 4235 7 100000
162828 4235 7 100000
176451 4235 7 100000
163162 4235 7 100000
208921 4235 7 100000
87851 4235 7 100000
110622 4235 7 100000
128816 4235 7 100000
122222 4235 7 100000
186466 4235 7 100000
139780 4235 7 100000
110474 4235 7 100000
162680 4235 7 100000
78525 4235 7 100000
89928 4235 7 100000
109815 4235 7 100000
98650 4235 7 100000
99752 4235 7 100000
85751 4235 7 100000
135145 4235 7 100000
146248 4235 7 100000
120410 4235 7 100000
126679 4235 7 100000
143599 4235 7 100000
129604 4235 7 100000
102003 4235 7 100000
142731 4235 7 100000
112148 4235 7 100000
138558 4235 7 100000
110855 4235 7 100000
84656 4235 7 100000
101270 4235 7 100000
140131 4235 7 100000
217352 4235 7 100000
158923 4235 7 100000
79123 4235 7 100000
144832 4235 7 100000
105277 4235 7 100000
92897 4235 7 100000
91068 4235 7 100000
110594 4235 7 100000
99611 4235 7 100000
185370 4235 7 100000
115880 4235 7 100000
114039 4235 7 100000
191273 4235 7 100000
109693 4235 7 100000
107470 4235 7 100000
104735 4235 7 100000
158312 4235 7 100000
132600 4235 7 100000
159943 4235 7 100000
142826 4235 7 100000
177371 4235 7 100000
100787 4235 7 100000
113543 4235 7 100000
110120 4235 7 100000
225671 4235 7 100000
132838 4235 7 100000
130343 4235 7 100000
103407 4235 7 100000
90299 4235 7 100000
171446 4235 7 100000
100638 4235 7 100000
137336 4235 7 100000
94216 4235 7 100000
99043 4235 7 100000
91534 4235 7 100000
78391 4235 7 100000
151694 4235 7 100000
86707 4235 7 100000
145523 4235 7 100000
155811 4235 7 100000
95431 4235 7 100000
110872 4235 7 100000
151784 4235 7 100000
97135 4235 7 100000
156150 4235 7 100000
127707 4235 7 100000
87553 4235 7 100000
108948 4235 7 100000
95545 4235 7 100000
113651 4235 7 100000
149236 4235 7 100000
91034 4235 7 100000
113175 4235 7 100000
210144 4235 7 100000
161648 4235 7 100000
102920 4235 7 100000
112423 4235 7 100000
126150 4235 7 100000
98809 4235 7 100000
209510 4235 7 100000
100298 4235 7 100000
141184 4235 7 100000
97795 4235 7 100000
125442 4235 7 100000
107930 4235 7 100000
96814 4235 7 100000
171112 4235 7 100000
101916 4235 7 100000
87249 4235 7 100000
105884 4235 7 100000
99454 4235 7 100000
75305 4235 7 100000
105346 4235 7 100000
101053 4235 7 100000
95861 4235 7 100000
97756 4235 7 100000
223198 4235 7 100000
115799 4235 7 100000
119303 4235 7 100000
84292 4235 7 100000
80275 4235 7 100000
134062 4235 7 100000
147415 4235 7 100000
121251 4235 7 100000
96448 4235 7 100000
96508 4235 7 100000
100370 4235 7 100000
154017 4235 7 100000
78391 4235 7 100000
115416 4235 7 100000
90985 4235 7 100000
100139 4235 7 100000
122632 4235 7 100000
112712 4235 7 100000
94830 4235 7 100000
144330 4235 7 100000
152251 4235 7 100000
103941 4235 7 100000
157711 4235 7 100000
118881 4235 7 100000
142837 4235 7 100000
138912 4235 7 100000
189798 4235 7 100000
84896 4235 7 100000
76598 4235 7 100000
79039 4235 7 100000
88774 4235 7 100000
84317 4235 7 100000
171193 4235 7 100000
171646 4235 7 100000
100158 4235 7 100000
79533 4235 7 100000
94073 4235 7 100000
127294 4235 7 100000
84673 4235 7 100000
101313 4235 7 100000
97453 4235 7 100000
86883 4235 7 100000
84189 4235 7 100000
78493 4235 7 100000
67651 4235 7 100000
96750 4235 7 100000
102394 4235 7 100000
109779 4235 7 100000
140387 4235 7 100000
67031 4235 7 100000
61755 4235 7 100000
132651 4235 7 100000
101847 4235 7 100000
