462933 5760 8 100000
301444 5760 8 100000
275915 5760 8 100000
244349 5760 8 100000
378787 5760 8 100000
332718 5760 8 100000
173066 5760 8 100000
206528 5760 8 100000
197421 5760 8 100000
259764 5760 8 100000
257429 5760 8 100000
203997 5760 8 100000
289770 5760 8 100000
243390 5760 8 100000
176785 5760 8 100000
336660 5760 8 100000
235008 5760 8 100000
347556 5760 8 100000
414489 5760 8 100000
214928 5760 8 100000
297235 5760 8 100000
288233 5760 8 100000
228753 5760 8 100000
229641 5760 8 100000
257719 5760 8 100000
292014 5760 8 100000
239759 5760 8 100000
229867 5760 8 100000
258442 5760 8 100000
245351 5760 8 100000
368923 5760 8 100000
202917 5760 8 100000
210599 5760 8 100000
255580 5760 8 100000
219010 5760 8 100000
250399 5760 8 100000
294025 5760 8 100000
591571 5760 8 100000
276082 5760 8 100000
247076 5760 8 100000
241013 5760 8 100000
193480 5760 8 100000
247186 5760 8 100000
232903 5760 8 100000
259710 5760 8 100000
216551 5760 8 100000
267071 5760 8 100000
236459 5760 8 100000
187920 5760 8 100000
221573 5760 8 100000
325664 5760 8 100000
235351 5760 8 100000
179641 5760 8 100000
233253 5760 8 100000
321514 5760 8 100000
207928 5760 8 100000
170304 5760 8 100000
213778 5760 8 100000
201690 5760 8 100000
202304 5760 8 100000
274926 5760 8 100000
240926 5760 8 100000
211767 5760 8 100000
275745 5760 8 100000
190618 5760 8 100000
242328 5760 8 100000
422189 5760 8 100000
254920 5760 8 100000
249521 5760 8 100000
252339 5760 8 100000
222069 5760 8 100000
232016 5760 8 100000
274742 5760 8 100000
301367 5760 8 100000
307287 5760 8 100000
246426 5760 8 100000
324073 5760 8 100000
416235 5760 8 100000
313497 5760 8 100000
218968 5760 8 100000
320934 5760 8 100000
220794 5760 8 100000
340965 5760 8 100000
333320 5760 8 100000
381941 5760 8 100000
263542 5760 8 100000
376301 5760 8 100000
202064 5760 8 100000
236088 5760 8 100000
321132 5760 8 100000
291950 5760 8 100000
255578 5760 8 100000
351940 5760 8 100000
247498 5760 8 100000
256517 5760 8 100000
340832 5760 8 100000
207194 5760 8 100000
220166 5760 8 100000
264023 5760 8 100000
337266 5760 8 100000
392001 5760 8 100000
239345 5760 8 100000
447638 5760 8 100000
236958 5760 8 100000
239013 5760 8 100000
321719 5760 8 100000
367397 5760 8 100000
199043 5760 8 100000
281260 5760 8 100000
229992 5760 8 100000
262152 5760 8 100000
324624 5760 8 100000
209057 5760 8 100000
293818 5760 8 100000
251286 5760 8 100000
320740 5760 8 100000
208845 5760 8 100000
247606 5760 8 100000
230340 5760 8 100000
308933 5760 8 100000
259783 5760 8 100000
208313 5760 8 100000
204289 5760 8 100000
268984 5760 8 100000
257948 5760 8 100000
194752 5760 8 100000
233703 5760 8 100000
372121 5760 8 100000
175053 5760 8 100000
221180 5760 8 100000
210763 5760 8 100000
211026 5760 8 100000
224073 5760 8 100000
217527 5760 8 100000
258489 5760 8 100000
327274 5760 8 100000
187374 5760 8 100000
273196 5760 8 100000
180879 5760 8 100000
219941 5760 8 100000
219307 5760 8 100000
257989 5760 8 100000
204322 5760 8 100000
328799 5760 8 100000
311367 5760 8 100000
298321 5760 8 100000
217694 5760 8 100000
221340 5760 8 100000
271901 5760 8 100000
416279 5760 8 100000
309018 5760 8 100000
226523 5760 8 100000
214294 5760 8 100000
366151 5760 8 100000
217839 5760 8 100000
299893 5760 8 100000
212389 5760 8 100000
234611 5760 8 100000
212646 5760 8 100000
245366 5760 8 100000
229394 5760 8 100000
206648 5760 8 100000
220334 5760 8 100000
203817 5760 8 100000
214777 5760 8 100000
231141 5760 8 100000
262087 5760 8 100000
215660 5760 8 100000
368205 5760 8 100000
255539 5760 8 100000
314866 5760 8 100000
207029 5760 8 100000
184734 5760 8 100000
198907 5760 8 100000
250017 5760 8 100000
263795 5760 8 100000
226451 5760 8 100000
206541 5760 8 100000
206132 5760 8 100000
217472 5760 8 100000
223887 5760 8 100000
210158 5760 8 100000
287814 5760 8 100000
209864 5760 8 100000
222066 5760 8 100000
219074 5760 8 100000
189226 5760 8 100000
251027 5760 8 100000
300484 5760 8 100000
238479 5760 8 100000
189315 5760 8 100000
216451 5760 8 100000
219533 5760 8 100000
215841 5760 8 100000
195281 5760 8 100000
225844 5760 8 100000
162895 5760 8 100000
262762 5760 8 100000
180860 5760 8 100000
223966 5760 8 100000
259258 5760 8 100000
293032 5760 8 100000
215840 5760 8 100000
224847 5760 8 100000
246168 5760 8 100000
290731 5760 8 100000
230127 5760 8 100000
216057 5760 8 100000
198780 5760 8 100000
296076 5760 8 100000
347047 5760 8 100000
209510 5760 8 100000
257551 5760 8 100000
260830 5760 8 100000
252355 5760 8 100000
400395 5760 8 100000
209741 5760 8 100000
181969 5760 8 100000
227793 5760 8 100000
186649 5760 8 100000
216334 5760 8 100000
357604 5760 8 100000
184697 5760 8 100000
245190 5760 8 100000
234208 5760 8 100000
221284 5760 8 100000
213910 5760 8 100000
213644 5760 8 100000
205781 5760 8 100000
255297 5760 8 100000
229562 5760 8 100000
235695 5760 8 100000
294255 5760 8 100000
269926 5760 8 100000
248141 5760 8 100000
234373 5760 8 100000
200719 5760 8 100000
352130 5760 8 100000
273527 5760 8 100000
203478 5760 8 100000
225351 5760 8 100000
187010 5760 8 100000
322843 5760 8 100000
202033 5760 8 100000
300868 5760 8 100000
335413 5760 8 100000
175773 5760 8 100000
223669 5760 8 100000
234674 5760 8 100000
194811 5760 8 100000
