229745 5760 8 100000
160602 5760 8 100000
427551 5760 8 100000
200638 5760 8 100000
167627 5760 8 100000
228644 5760 8 100000
217656 5760 8 100000
215273 5760 8 100000
208757 5760 8 100000
206518 5760 8 100000
208847 5760 8 100000
276282 5760 8 100000
338651 5760 8 100000
208577 5760 8 100000
394069 5760 8 100000
258175 5760 8 100000
233140 5760 8 100000
254656 5760 8 100000
317570 5760 8 100000
406929 5760 8 100000
221382 5760 8 100000
177790 5760 8 100000
362817 5760 8 100000
351904 5760 8 100000
304064 5760 8 100000
349330 5760 8 100000
307636 5760 8 100000
206646 5760 8 100000
225660 5760 8 100000
267109 5760 8 100000
227915 5760 8 100000
227135 5760 8 100000
297725 5760 8 100000
211908 5760 8 100000
589980 5760 8 100000
231312 5760 8 100000
225100 5760 8 100000
250708 5760 8 100000
241931 5760 8 100000
175868 5760 8 100000
234023 5760 8 100000
242132 5760 8 100000
202788 5760 8 100000
240563 5760 8 100000
187018 5760 8 100000
237726 5760 8 100000
211373 5760 8 100000
210817 5760 8 100000
363487 5760 8 100000
210461 5760 8 100000
224939 5760 8 100000
336811 5760 8 100000
298402 5760 8 100000
215193 5760 8 100000
326873 5760 8 100000
242009 5760 8 100000
238845 5760 8 100000
268773 5760 8 100000
201497 5760 8 100000
193134 5760 8 100000
216618 5760 8 100000
174191 5760 8 100000
267417 5760 8 100000
254531 5760 8 100000
288603 5760 8 100000
348623 5760 8 100000
256753 5760 8 100000
231364 5760 8 100000
217846 5760 8 100000
285799 5760 8 100000
343149 5760 8 100000
265428 5760 8 100000
166830 5760 8 100000
236543 5760 8 100000
248675 5760 8 100000
228319 5760 8 100000
289146 5760 8 100000
239837 5760 8 100000
249614 5760 8 100000
213157 5760 8 100000
215087 5760 8 100000
197686 5760 8 100000
220194 5760 8 100000
362803 5760 8 100000
352773 5760 8 100000
188388 5760 8 100000
223517 5760 8 100000
201587 5760 8 100000
213069 5760 8 100000
222413 5760 8 100000
196015 5760 8 100000
220923 5760 8 100000
222156 5760 8 100000
253752 5760 8 100000
209769 5760 8 100000
231735 5760 8 100000
220433 5760 8 100000
230845 5760 8 100000
231584 5760 8 100000
316200 5760 8 100000
387751 5760 8 100000
230517 5760 8 100000
202629 5760 8 100000
232337 5760 8 100000
222878 5760 8 100000
272616 5760 8 100000
276684 5760 8 100000
366126 5760 8 100000
242650 5760 8 100000
226563 5760 8 100000
227798 5760 8 100000
213274 5760 8 100000
282925 5760 8 100000
162795 5760 8 100000
285691 5760 8 100000
305103 5760 8 100000
289934 5760 8 100000
218008 5760 8 100000
220952 5760 8 100000
300757 5760 8 100000
213321 5760 8 100000
250135 5760 8 100000
191302 5760 8 100000
225244 5760 8 100000
260556 5760 8 100000
242373 5760 8 100000
228701 5760 8 100000
190202 5760 8 100000
222913 5760 8 100000
231707 5760 8 100000
349922 5760 8 100000
189406 5760 8 100000
207442 5760 8 100000
253771 5760 8 100000
201915 5760 8 100000
246408 5760 8 100000
237968 5760 8 100000
247472 5760 8 100000
260076 5760 8 100000
222027 5760 8 100000
310303 5760 8 100000
242980 5760 8 100000
284991 5760 8 100000
220132 5760 8 100000
235719 5760 8 100000
341731 5760 8 100000
222233 5760 8 100000
363601 5760 8 100000
225737 5760 8 100000
232578 5760 8 100000
198764 5760 8 100000
236014 5760 8 100000
201754 5760 8 100000
243200 5760 8 100000
321153 5760 8 100000
208277 5760 8 100000
316214 5760 8 100000
353321 5760 8 100000
291012 5760 8 100000
305433 5760 8 100000
225692 5760 8 100000
230879 5760 8 100000
313433 5760 8 100000
288539 5760 8 100000
188200 5760 8 100000
202060 5760 8 100000
190081 5760 8 100000
204486 5760 8 100000
225539 5760 8 100000
209798 5760 8 100000
414398 5760 8 100000
310532 5760 8 100000
312022 5760 8 100000
205539 5760 8 100000
189369 5760 8 100000
186390 5760 8 100000
192892 5760 8 100000
396536 5760 8 100000
288747 5760 8 100000
248223 5760 8 100000
192869 5760 8 100000
218482 5760 8 100000
258347 5760 8 100000
258325 5760 8 100000
225209 5760 8 100000
313479 5760 8 100000
304229 5760 8 100000
213676 5760 8 100000
204293 5760 8 100000
219377 5760 8 100000
226760 5760 8 100000
373824 5760 8 100000
219971 5760 8 100000
223201 5760 8 100000
256391 5760 8 100000
244797 5760 8 100000
308559 5760 8 100000
191579 5760 8 100000
199813 5760 8 100000
358509 5760 8 100000
210008 5760 8 100000
241425 5760 8 100000
216468 5760 8 100000
409546 5760 8 100000
235780 5760 8 100000
315792 5760 8 100000
220363 5760 8 100000
225685 5760 8 100000
219167 5760 8 100000
381907 5760 8 100000
205507 5760 8 100000
224651 5760 8 100000
226850 5760 8 100000
346008 5760 8 100000
316178 5760 8 100000
217432 5760 8 100000
182619 5760 8 100000
254820 5760 8 100000
286614 5760 8 100000
346601 5760 8 100000
229889 5760 8 100000
235516 5760 8 100000
200400 5760 8 100000
186061 5760 8 100000
200650 5760 8 100000
193108 5760 8 100000
361583 5760 8 100000
212471 5760 8 100000
214761 5760 8 100000
220683 5760 8 100000
280438 5760 8 100000
249272 5760 8 100000
336261 5760 8 100000
191431 5760 8 100000
249341 5760 8 100000
214965 5760 8 100000
223927 5760 8 100000
255608 5760 8 100000
212644 5760 8 100000
279769 5760 8 100000
191046 5760 8 100000
365396 5760 8 100000
233688 5760 8 100000
209201 5760 8 100000
305501 5760 8 100000
208453 5760 8 100000
402289 5760 8 100000
212869 5760 8 100000
188010 5760 8 100000
175823 5760 8 100000
