202282 5760 8 100000
217430 5760 8 100000
195764 5760 8 100000
202919 5760 8 100000
351740 5760 8 100000
203105 5760 8 100000
276052 5760 8 100000
233668 5760 8 100000
220342 5760 8 100000
232059 5760 8 100000
248494 5760 8 100000
362280 5760 8 100000
368384 5760 8 100000
332627 5760 8 100000
198062 5760 8 100000
241190 5760 8 100000
395090 5760 8 100000
228597 5760 8 100000
366142 5760 8 100000
231806 5760 8 100000
265697 5760 8 100000
299219 5760 8 100000
218659 5760 8 100000
203768 5760 8 100000
185520 5760 8 100000
218908 5760 8 100000
298095 5760 8 100000
191288 5760 8 100000
212871 5760 8 100000
216194 5760 8 100000
404105 5760 8 100000
591200 5760 8 100000
363378 5760 8 100000
280836 5760 8 100000
258001 5760 8 100000
354830 5760 8 100000
254978 5760 8 100000
204579 5760 8 100000
300779 5760 8 100000
291385 5760 8 100000
367234 5760 8 100000
311177 5760 8 100000
196946 5760 8 100000
271768 5760 8 100000
234614 5760 8 100000
275772 5760 8 100000
216740 5760 8 100000
186712 5760 8 100000
256840 5760 8 100000
309404 5760 8 100000
311938 5760 8 100000
211134 5760 8 100000
344966 5760 8 100000
238983 5760 8 100000
308736 5760 8 100000
234936 5760 8 100000
401972 5760 8 100000
263551 5760 8 100000
250126 5760 8 100000
225921 5760 8 100000
287091 5760 8 100000
317025 5760 8 100000
307235 5760 8 100000
314191 5760 8 100000
206714 5760 8 100000
333382 5760 8 100000
179249 5760 8 100000
234105 5760 8 100000
228389 5760 8 100000
209649 5760 8 100000
336462 5760 8 100000
235249 5760 8 100000
218676 5760 8 100000
337424 5760 8 100000
210030 5760 8 100000
318436 5760 8 100000
326343 5760 8 100000
240203 5760 8 100000
254915 5760 8 100000
215329 5760 8 100000
202002 5760 8 100000
219911 5760 8 100000
298661 5760 8 100000
212940 5760 8 100000
221560 5760 8 100000
258854 5760 8 100000
226576 5760 8 100000
197611 5760 8 100000
197774 5760 8 100000
194744 5760 8 100000
261129 5760 8 100000
240405 5760 8 100000
234394 5760 8 100000
211824 5760 8 100000
225793 5760 8 100000
217131 5760 8 100000
271120 5760 8 100000
302883 5760 8 100000
242493 5760 8 100000
255951 5760 8 100000
264827 5760 8 100000
274230 5760 8 100000
338181 5760 8 100000
234143 5760 8 100000
218588 5760 8 100000
218041 5760 8 100000
247329 5760 8 100000
234235 5760 8 100000
218490 5760 8 100000
194537 5760 8 100000
373475 5760 8 100000
226009 5760 8 100000
199612 5760 8 100000
212001 5760 8 100000
225206 5760 8 100000
170373 5760 8 100000
200710 5760 8 100000
288826 5760 8 100000
289182 5760 8 100000
177910 5760 8 100000
233646 5760 8 100000
200779 5760 8 100000
325843 5760 8 100000
195219 5760 8 100000
246672 5760 8 100000
333330 5760 8 100000
193418 5760 8 100000
229862 5760 8 100000
279397 5760 8 100000
223324 5760 8 100000
224511 5760 8 100000
341964 5760 8 100000
222114 5760 8 100000
225377 5760 8 100000
195326 5760 8 100000
213002 5760 8 100000
196398 5760 8 100000
212229 5760 8 100000
237046 5760 8 100000
248837 5760 8 100000
189984 5760 8 100000
381031 5760 8 100000
258919 5760 8 100000
215639 5760 8 100000
221365 5760 8 100000
285503 5760 8 100000
210218 5760 8 100000
263877 5760 8 100000
254977 5760 8 100000
197406 5760 8 100000
405129 5760 8 100000
222289 5760 8 100000
212061 5760 8 100000
228209 5760 8 100000
271756 5760 8 100000
228294 5760 8 100000
275110 5760 8 100000
343086 5760 8 100000
300514 5760 8 100000
214689 5760 8 100000
246403 5760 8 100000
201879 5760 8 100000
351879 5760 8 100000
266213 5760 8 100000
269527 5760 8 100000
224177 5760 8 100000
362988 5760 8 100000
203506 5760 8 100000
272060 5760 8 100000
307685 5760 8 100000
259231 5760 8 100000
197160 5760 8 100000
207873 5760 8 100000
246755 5760 8 100000
328224 5760 8 100000
189781 5760 8 100000
267821 5760 8 100000
284850 5760 8 100000
179076 5760 8 100000
206667 5760 8 100000
275205 5760 8 100000
288294 5760 8 100000
223685 5760 8 100000
208737 5760 8 100000
211534 5760 8 100000
354399 5760 8 100000
387487 5760 8 100000
389659 5760 8 100000
412720 5760 8 100000
315753 5760 8 100000
258617 5760 8 100000
270572 5760 8 100000
248584 5760 8 100000
201558 5760 8 100000
339544 5760 8 100000
227092 5760 8 100000
224084 5760 8 100000
229263 5760 8 100000
363733 5760 8 100000
246563 5760 8 100000
288927 5760 8 100000
171857 5760 8 100000
239900 5760 8 100000
291571 5760 8 100000
285298 5760 8 100000
235970 5760 8 100000
233171 5760 8 100000
213072 5760 8 100000
205241 5760 8 100000
248435 5760 8 100000
205473 5760 8 100000
271759 5760 8 100000
232496 5760 8 100000
302381 5760 8 100000
235463 5760 8 100000
242110 5760 8 100000
215701 5760 8 100000
192894 5760 8 100000
285167 5760 8 100000
338266 5760 8 100000
320395 5760 8 100000
273282 5760 8 100000
328381 5760 8 100000
200441 5760 8 100000
279753 5760 8 100000
207221 5760 8 100000
198919 5760 8 100000
195845 5760 8 100000
241277 5760 8 100000
221258 5760 8 100000
254924 5760 8 100000
264376 5760 8 100000
217189 5760 8 100000
231007 5760 8 100000
216990 5760 8 100000
243311 5760 8 100000
294018 5760 8 100000
233504 5760 8 100000
201566 5760 8 100000
320313 5760 8 100000
217930 5760 8 100000
259911 5760 8 100000
176190 5760 8 100000
151319 5760 8 100000
237107 5760 8 100000
192523 5760 8 100000
221307 5760 8 100000
156801 5760 8 100000
144723 5760 8 100000
182619 5760 8 100000
