232406 5760 8 100000
208285 5760 8 100000
254903 5760 8 100000
229387 5760 8 100000
333714 5760 8 100000
209017 5760 8 100000
196451 5760 8 100000
257620 5760 8 100000
330028 5760 8 100000
265837 5760 8 100000
339028 5760 8 100000
206614 5760 8 100000
218221 5760 8 100000
308749 5760 8 100000
223230 5760 8 100000
383026 5760 8 100000
204844 5760 8 100000
201035 5760 8 100000
248846 5760 8 100000
219826 5760 8 100000
188473 5760 8 100000
228318 5760 8 100000
296774 5760 8 100000
221454 5760 8 100000
240594 5760 8 100000
232715 5760 8 100000
234657 5760 8 100000
280952 5760 8 100000
598070 5760 8 100000
309263 5760 8 100000
300388 5760 8 100000
336496 5760 8 100000
239379 5760 8 100000
201179 5760 8 100000
246962 5760 8 100000
240374 5760 8 100000
237174 5760 8 100000
320453 5760 8 100000
220219 5760 8 100000
259900 5760 8 100000
213942 5760 8 100000
205830 5760 8 100000
255192 5760 8 100000
250488 5760 8 100000
312625 5760 8 100000
236402 5760 8 100000
259191 5760 8 100000
390186 5760 8 100000
224059 5760 8 100000
207838 5760 8 100000
221519 5760 8 100000
197746 5760 8 100000
345967 5760 8 100000
211940 5760 8 100000
511641 5760 8 100000
208751 5760 8 100000
278202 5760 8 100000
355305 5760 8 100000
254666 5760 8 100000
481601 5760 8 100000
309226 5760 8 100000
229668 5760 8 100000
218726 5760 8 100000
267316 5760 8 100000
197952 5760 8 100000
198555 5760 8 100000
269278 5760 8 100000
246380 5760 8 100000
256969 5760 8 100000
212734 5760 8 100000
226290 5760 8 100000
330436 5760 8 100000
202019 5760 8 100000
187064 5760 8 100000
298397 5760 8 100000
229834 5760 8 100000
289646 5760 8 100000
239256 5760 8 100000
315780 5760 8 100000
185676 5760 8 100000
297248 5760 8 100000
284153 5760 8 100000
246409 5760 8 100000
207955 5760 8 100000
217041 5760 8 100000
233887 5760 8 100000
223617 5760 8 100000
237172 5760 8 100000
197453 5760 8 100000
233214 5760 8 100000
344571 5760 8 100000
282937 5760 8 100000
218297 5760 8 100000
314122 5760 8 100000
249651 5760 8 100000
249804 5760 8 100000
269757 5760 8 100000
296510 5760 8 100000
249676 5760 8 100000
228389 5760 8 100000
213722 5760 8 100000
322556 5760 8 100000
337196 5760 8 100000
423048 5760 8 100000
246614 5760 8 100000
182002 5760 8 100000
260212 5760 8 100000
208985 5760 8 100000
221074 5760 8 100000
405381 5760 8 100000
269215 5760 8 100000
220287 5760 8 100000
217685 5760 8 100000
186772 5760 8 100000
212319 5760 8 100000
209716 5760 8 100000
235794 5760 8 100000
337591 5760 8 100000
207129 5760 8 100000
199409 5760 8 100000
189980 5760 8 100000
210895 5760 8 100000
322468 5760 8 100000
230549 5760 8 100000
197966 5760 8 100000
255157 5760 8 100000
277986 5760 8 100000
234424 5760 8 100000
226087 5760 8 100000
208541 5760 8 100000
267005 5760 8 100000
203866 5760 8 100000
295461 5760 8 100000
193717 5760 8 100000
290330 5760 8 100000
220965 5760 8 100000
231304 5760 8 100000
217697 5760 8 100000
298036 5760 8 100000
214493 5760 8 100000
222797 5760 8 100000
220056 5760 8 100000
255237 5760 8 100000
367715 5760 8 100000
221690 5760 8 100000
228220 5760 8 100000
306025 5760 8 100000
236479 5760 8 100000
303741 5760 8 100000
406159 5760 8 100000
245438 5760 8 100000
180383 5760 8 100000
216245 5760 8 100000
195416 5760 8 100000
216138 5760 8 100000
320451 5760 8 100000
348740 5760 8 100000
224243 5760 8 100000
362459 5760 8 100000
226487 5760 8 100000
205523 5760 8 100000
203326 5760 8 100000
189718 5760 8 100000
190214 5760 8 100000
343592 5760 8 100000
282814 5760 8 100000
327245 5760 8 100000
220123 5760 8 100000
225485 5760 8 100000
298394 5760 8 100000
225035 5760 8 100000
229796 5760 8 100000
239981 5760 8 100000
173714 5760 8 100000
236920 5760 8 100000
207430 5760 8 100000
226210 5760 8 100000
242312 5760 8 100000
208116 5760 8 100000
320450 5760 8 100000
225155 5760 8 100000
254629 5760 8 100000
209902 5760 8 100000
249564 5760 8 100000
252103 5760 8 100000
305531 5760 8 100000
227608 5760 8 100000
222030 5760 8 100000
205503 5760 8 100000
206769 5760 8 100000
184042 5760 8 100000
205700 5760 8 100000
339070 5760 8 100000
235903 5760 8 100000
313002 5760 8 100000
194217 5760 8 100000
413652 5760 8 100000
215417 5760 8 100000
266956 5760 8 100000
204216 5760 8 100000
211766 5760 8 100000
216806 5760 8 100000
257585 5760 8 100000
185770 5760 8 100000
302460 5760 8 100000
191757 5760 8 100000
300301 5760 8 100000
307058 5760 8 100000
225808 5760 8 100000
222423 5760 8 100000
298433 5760 8 100000
222447 5760 8 100000
222181 5760 8 100000
273658 5760 8 100000
206194 5760 8 100000
205365 5760 8 100000
219773 5760 8 100000
240724 5760 8 100000
196642 5760 8 100000
255539 5760 8 100000
240656 5760 8 100000
187848 5760 8 100000
365944 5760 8 100000
197221 5760 8 100000
234465 5760 8 100000
224027 5760 8 100000
212605 5760 8 100000
204972 5760 8 100000
224938 5760 8 100000
244484 5760 8 100000
403882 5760 8 100000
313933 5760 8 100000
218499 5760 8 100000
231473 5760 8 100000
347808 5760 8 100000
248573 5760 8 100000
202234 5760 8 100000
223276 5760 8 100000
332895 5760 8 100000
212954 5760 8 100000
193356 5760 8 100000
266176 5760 8 100000
185136 5760 8 100000
200540 5760 8 100000
182770 5760 8 100000
162792 5760 8 100000
202489 5760 8 100000
176385 5760 8 100000
172209 5760 8 100000
191317 5760 8 100000
