745440 7605 9 100000
523159 7605 9 100000
440657 7605 9 100000
411450 7605 9 100000
491752 7605 9 100000
412873 7605 9 100000
592414 7605 9 100000
741462 7605 9 100000
661985 7605 9 100000
501117 7605 9 100000
462916 7605 9 100000
455998 7605 9 100000
603160 7605 9 100000
459986 7605 9 100000
487762 7605 9 100000
507917 7605 9 100000
480285 7605 9 100000
428889 7605 9 100000
453846 7605 9 100000
430788 7605 9 100000
460288 7605 9 100000
545294 7605 9 100000
813915 7605 9 100000
364586 7605 9 100000
737496 7605 9 100000
679982 7605 9 100000
477086 7605 9 100000
515057 7605 9 100000
588514 7605 9 100000
631991 7605 9 100000
504745 7605 9 100000
541497 7605 9 100000
465827 7605 9 100000
411112 7605 9 100000
507093 7605 9 100000
552988 7605 9 100000
512700 7605 9 100000
445999 7605 9 100000
493036 7605 9 100000
512427 7605 9 100000
751822 7605 9 100000
465740 7605 9 100000
520391 7605 9 100000
561354 7605 9 100000
546663 7605 9 100000
467243 7605 9 100000
459825 7605 9 100000
476066 7605 9 100000
646188 7605 9 100000
564677 7605 9 100000
522703 7605 9 100000
648661 7605 9 100000
419988 7605 9 100000
554451 7605 9 100000
521408 7605 9 100000
543047 7605 9 100000
710722 7605 9 100000
456731 7605 9 100000
671093 7605 9 100000
462421 7605 9 100000
653481 7605 9 100000
715839 7605 9 100000
514046 7605 9 100000
565475 7605 9 100000
433277 7605 9 100000
487037 7605 9 100000
653937 7605 9 100000
703923 7605 9 100000
726223 7605 9 100000
546479 7605 9 100000
878429 7605 9 100000
566574 7605 9 100000
752552 7605 9 100000
638787 7605 9 100000
699919 7605 9 100000
688566 7605 9 100000
423661 7605 9 100000
509381 7605 9 100000
630772 7605 9 100000
416240 7605 9 100000
532835 7605 9 100000
827904 7605 9 100000
736318 7605 9 100000
450045 7605 9 100000
681393 7605 9 100000
518884 7605 9 100000
571520 7605 9 100000
506038 7605 9 100000
879375 7605 9 100000
560948 7605 9 100000
686844 7605 9 100000
443340 7605 9 100000
547485 7605 9 100000
634237 7605 9 100000
505136 7605 9 100000
510005 7605 9 100000
674851 7605 9 100000
526036 7605 9 100000
535978 7605 9 100000
517275 7605 9 100000
676454 7605 9 100000
564836 7605 9 100000
711330 7605 9 100000
443122 7605 9 100000
520642 7605 9 100000
681233 7605 9 100000
709320 7605 9 100000
735725 7605 9 100000
733165 7605 9 100000
580284 7605 9 100000
443646 7605 9 100000
864520 7605 9 100000
434468 7605 9 100000
757805 7605 9 100000
584323 7605 9 100000
485092 7605 9 100000
564416 7605 9 100000
526481 7605 9 100000
636105 7605 9 100000
645818 7605 9 100000
600899 7605 9 100000
534578 7605 9 100000
440870 7605 9 100000
549741 7605 9 100000
497471 7605 9 100000
806294 7605 9 100000
515476 7605 9 100000
850205 7605 9 100000
705220 7605 9 100000
586585 7605 9 100000
688075 7605 9 100000
773905 7605 9 100000
479840 7605 9 100000
516487 7605 9 100000
501664 7605 9 100000
495139 7605 9 100000
615326 7605 9 100000
442126 7605 9 100000
785961 7605 9 100000
863952 7605 9 100000
497041 7605 9 100000
535481 7605 9 100000
509697 7605 9 100000
535155 7605 9 100000
645247 7605 9 100000
779235 7605 9 100000
424485 7605 9 100000
522435 7605 9 100000
503273 7605 9 100000
698142 7605 9 100000
459171 7605 9 100000
399697 7605 9 100000
490035 7605 9 100000
595117 7605 9 100000
532570 7605 9 100000
420318 7605 9 100000
847944 7605 9 100000
531115 7605 9 100000
439636 7605 9 100000
732095 7605 9 100000
724702 7605 9 100000
637149 7605 9 100000
562774 7605 9 100000
592030 7605 9 100000
466632 7605 9 100000
441129 7605 9 100000
567374 7605 9 100000
711625 7605 9 100000
499471 7605 9 100000
515918 7605 9 100000
493624 7605 9 100000
524879 7605 9 100000
481602 7605 9 100000
625841 7605 9 100000
683027 7605 9 100000
537510 7605 9 100000
494769 7605 9 100000
840620 7605 9 100000
569232 7605 9 100000
680407 7605 9 100000
445060 7605 9 100000
388948 7605 9 100000
723369 7605 9 100000
686932 7605 9 100000
463454 7605 9 100000
711972 7605 9 100000
563885 7605 9 100000
733534 7605 9 100000
631702 7605 9 100000
546964 7605 9 100000
701120 7605 9 100000
575625 7605 9 100000
904713 7605 9 100000
510381 7605 9 100000
511421 7605 9 100000
651580 7605 9 100000
505670 7605 9 100000
474887 7605 9 100000
462206 7605 9 100000
629694 7605 9 100000
522928 7605 9 100000
529319 7605 9 100000
517874 7605 9 100000
485986 7605 9 100000
646173 7605 9 100000
477148 7605 9 100000
540556 7605 9 100000
561635 7605 9 100000
633349 7605 9 100000
553726 7605 9 100000
567050 7605 9 100000
650617 7605 9 100000
680084 7605 9 100000
561671 7605 9 100000
513787 7605 9 100000
793307 7605 9 100000
688899 7605 9 100000
795187 7605 9 100000
540910 7605 9 100000
493163 7605 9 100000
884415 7605 9 100000
705873 7605 9 100000
582533 7605 9 100000
485935 7605 9 100000
425854 7605 9 100000
525826 7605 9 100000
769978 7605 9 100000
437498 7605 9 100000
497887 7605 9 100000
497747 7605 9 100000
739023 7605 9 100000
475365 7605 9 100000
425915 7605 9 100000
520078 7605 9 100000
694613 7605 9 100000
758907 7605 9 100000
471488 7605 9 100000
499692 7605 9 100000
594817 7605 9 100000
522044 7605 9 100000
522692 7605 9 100000
553502 7605 9 100000
546421 7605 9 100000
839791 7605 9 100000
653173 7605 9 100000
517967 7605 9 100000
469040 7605 9 100000
534911 7605 9 100000
879110 7605 9 100000
577885 7605 9 100000
