651211 7605 9 100000
433399 7605 9 100000
683861 7605 9 100000
362832 7605 9 100000
894748 7605 9 100000
519738 7605 9 100000
531164 7605 9 100000
459492 7605 9 100000
523942 7605 9 100000
555165 7605 9 100000
497293 7605 9 100000
435955 7605 9 100000
478738 7605 9 100000
504064 7605 9 100000
567326 7605 9 100000
533322 7605 9 100000
691123 7605 9 100000
765773 7605 9 100000
530226 7605 9 100000
472954 7605 9 100000
644515 7605 9 100000
458205 7605 9 100000
452539 7605 9 100000
522358 7605 9 100000
538126 7605 9 100000
630599 7605 9 100000
456357 7605 9 100000
417368 7605 9 100000
543386 7605 9 100000
633593 7605 9 100000
794610 7605 9 100000
444747 7605 9 100000
481826 7605 9 100000
498497 7605 9 100000
919663 7605 9 100000
461316 7605 9 100000
432468 7605 9 100000
610374 7605 9 100000
429529 7605 9 100000
766385 7605 9 100000
838223 7605 9 100000
517488 7605 9 100000
666766 7605 9 100000
475810 7605 9 100000
708849 7605 9 100000
473818 7605 9 100000
514207 7605 9 100000
657982 7605 9 100000
534606 7605 9 100000
436371 7605 9 100000
464039 7605 9 100000
499580 7605 9 100000
454426 7605 9 100000
489734 7605 9 100000
787322 7605 9 100000
643083 7605 9 100000
699449 7605 9 100000
886550 7605 9 100000
809770 7605 9 100000
529534 7605 9 100000
461440 7605 9 100000
554834 7605 9 100000
753779 7605 9 100000
525684 7605 9 100000
510365 7605 9 100000
466648 7605 9 100000
700492 7605 9 100000
846167 7605 9 100000
495086 7605 9 100000
748686 7605 9 100000
497283 7605 9 100000
674537 7605 9 100000
538925 7605 9 100000
351730 7605 9 100000
479708 7605 9 100000
873809 7605 9 100000
862556 7605 9 100000
465294 7605 9 100000
736213 7605 9 100000
518706 7605 9 100000
470472 7605 9 100000
502407 7605 9 100000
537921 7605 9 100000
783948 7605 9 100000
968194 7605 9 100000
537696 7605 9 100000
567463 7605 9 100000
632392 7605 9 100000
471426 7605 9 100000
491814 7605 9 100000
482895 7605 9 100000
598793 7605 9 100000
494581 7605 9 100000
660521 7605 9 100000
694931 7605 9 100000
580743 7605 9 100000
779807 7605 9 100000
478378 7605 9 100000
488610 7605 9 100000
495171 7605 9 100000
515154 7605 9 100000
514537 7605 9 100000
874552 7605 9 100000
683313 7605 9 100000
815691 7605 9 100000
498341 7605 9 100000
625823 7605 9 100000
466659 7605 9 100000
445113 7605 9 100000
516862 7605 9 100000
511104 7605 9 100000
508383 7605 9 100000
515031 7605 9 100000
563464 7605 9 100000
648740 7605 9 100000
474508 7605 9 100000
449655 7605 9 100000
425205 7605 9 100000
715556 7605 9 100000
727057 7605 9 100000
566274 7605 9 100000
831798 7605 9 100000
897678 7605 9 100000
526305 7605 9 100000
526618 7605 9 100000
510311 7605 9 100000
449884 7605 9 100000
494795 7605 9 100000
725266 7605 9 100000
553322 7605 9 100000
602205 7605 9 100000
431327 7605 9 100000
509891 7605 9 100000
552450 7605 9 100000
641874 7605 9 100000
525094 7605 9 100000
528480 7605 9 100000
580354 7605 9 100000
781135 7605 9 100000
449339 7605 9 100000
771613 7605 9 100000
474219 7605 9 100000
648878 7605 9 100000
472580 7605 9 100000
473980 7605 9 100000
554098 7605 9 100000
450522 7605 9 100000
502847 7605 9 100000
520189 7605 9 100000
412418 7605 9 100000
686302 7605 9 100000
637055 7605 9 100000
497659 7605 9 100000
824817 7605 9 100000
521501 7605 9 100000
641103 7605 9 100000
638473 7605 9 100000
487275 7605 9 100000
665469 7605 9 100000
586244 7605 9 100000
625453 7605 9 100000
673176 7605 9 100000
452032 7605 9 100000
448922 7605 9 100000
436035 7605 9 100000
593830 7605 9 100000
605579 7605 9 100000
534680 7605 9 100000
562958 7605 9 100000
698247 7605 9 100000
493759 7605 9 100000
562956 7605 9 100000
746826 7605 9 100000
606446 7605 9 100000
591974 7605 9 100000
614004 7605 9 100000
510389 7605 9 100000
587026 7605 9 100000
659831 7605 9 100000
674406 7605 9 100000
557025 7605 9 100000
811750 7605 9 100000
591099 7605 9 100000
448058 7605 9 100000
615011 7605 9 100000
582930 7605 9 100000
604451 7605 9 100000
720388 7605 9 100000
818926 7605 9 100000
598679 7605 9 100000
564830 7605 9 100000
424742 7605 9 100000
502852 7605 9 100000
532109 7605 9 100000
621607 7605 9 100000
469757 7605 9 100000
571982 7605 9 100000
453212 7605 9 100000
557930 7605 9 100000
983396 7605 9 100000
451456 7605 9 100000
400046 7605 9 100000
560082 7605 9 100000
533235 7605 9 100000
572457 7605 9 100000
537800 7605 9 100000
520527 7605 9 100000
503963 7605 9 100000
605314 7605 9 100000
769613 7605 9 100000
674827 7605 9 100000
642082 7605 9 100000
461461 7605 9 100000
829411 7605 9 100000
460863 7605 9 100000
1178194 7605 9 100000
724807 7605 9 100000
523343 7605 9 100000
519165 7605 9 100000
559024 7605 9 100000
545704 7605 9 100000
659444 7605 9 100000
607179 7605 9 100000
482892 7605 9 100000
427505 7605 9 100000
748430 7605 9 100000
505302 7605 9 100000
517595 7605 9 100000
802746 7605 9 100000
548413 7605 9 100000
647826 7605 9 100000
479295 7605 9 100000
583795 7605 9 100000
595323 7605 9 100000
416180 7605 9 100000
675358 7605 9 100000
578829 7605 9 100000
729329 7605 9 100000
721242 7605 9 100000
656589 7605 9 100000
445987 7605 9 100000
538024 7605 9 100000
482027 7605 9 100000
504528 7605 9 100000
775808 7605 9 100000
589224 7605 9 100000
467433 7605 9 100000
823666 7605 9 100000
382329 7605 9 100000
409136 7605 9 100000
