849378 7605 9 100000
517368 7605 9 100000
685983 7605 9 100000
522342 7605 9 100000
579179 7605 9 100000
549818 7605 9 100000
503904 7605 9 100000
461776 7605 9 100000
727171 7605 9 100000
531652 7605 9 100000
509439 7605 9 100000
448623 7605 9 100000
850915 7605 9 100000
923460 7605 9 100000
498477 7605 9 100000
540128 7605 9 100000
423442 7605 9 100000
487690 7605 9 100000
496023 7605 9 100000
555866 7605 9 100000
805715 7605 9 100000
518688 7605 9 100000
709820 7605 9 100000
706356 7605 9 100000
597347 7605 9 100000
575458 7605 9 100000
454090 7605 9 100000
537323 7605 9 100000
855827 7605 9 100000
500379 7605 9 100000
802835 7605 9 100000
751315 7605 9 100000
575155 7605 9 100000
486498 7605 9 100000
406404 7605 9 100000
460324 7605 9 100000
610718 7605 9 100000
624016 7605 9 100000
480366 7605 9 100000
750375 7605 9 100000
477851 7605 9 100000
574719 7605 9 100000
675325 7605 9 100000
770119 7605 9 100000
537745 7605 9 100000
514386 7605 9 100000
601315 7605 9 100000
573013 7605 9 100000
560180 7605 9 100000
419225 7605 9 100000
530640 7605 9 100000
409138 7605 9 100000
594399 7605 9 100000
533957 7605 9 100000
730032 7605 9 100000
618838 7605 9 100000
715511 7605 9 100000
522616 7605 9 100000
853229 7605 9 100000
493166 7605 9 100000
474917 7605 9 100000
562693 7605 9 100000
890606 7605 9 100000
554543 7605 9 100000
427693 7605 9 100000
470356 7605 9 100000
691603 7605 9 100000
522771 7605 9 100000
726022 7605 9 100000
642881 7605 9 100000
682220 7605 9 100000
986622 7605 9 100000
705067 7605 9 100000
451887 7605 9 100000
542788 7605 9 100000
491792 7605 9 100000
766155 7605 9 100000
514524 7605 9 100000
587485 7605 9 100000
512749 7605 9 100000
630427 7605 9 100000
888009 7605 9 100000
757837 7605 9 100000
422810 7605 9 100000
476564 7605 9 100000
535716 7605 9 100000
468634 7605 9 100000
671171 7605 9 100000
417393 7605 9 100000
588553 7605 9 100000
598593 7605 9 100000
496450 7605 9 100000
732930 7605 9 100000
597703 7605 9 100000
570205 7605 9 100000
471429 7605 9 100000
513662 7605 9 100000
576499 7605 9 100000
569682 7605 9 100000
616099 7605 9 100000
497190 7605 9 100000
513669 7605 9 100000
679113 7605 9 100000
559456 7605 9 100000
458372 7605 9 100000
504815 7605 9 100000
466770 7605 9 100000
545448 7605 9 100000
616029 7605 9 100000
514486 7605 9 100000
879588 7605 9 100000
551010 7605 9 100000
441463 7605 9 100000
608487 7605 9 100000
553201 7605 9 100000
611265 7605 9 100000
453469 7605 9 100000
523340 7605 9 100000
579629 7605 9 100000
805288 7605 9 100000
462213 7605 9 100000
524338 7605 9 100000
716580 7605 9 100000
518746 7605 9 100000
883814 7605 9 100000
439964 7605 9 100000
580040 7605 9 100000
402862 7605 9 100000
769270 7605 9 100000
539634 7605 9 100000
495457 7605 9 100000
512185 7605 9 100000
501436 7605 9 100000
549218 7605 9 100000
701647 7605 9 100000
542834 7605 9 100000
759864 7605 9 100000
492615 7605 9 100000
620506 7605 9 100000
746865 7605 9 100000
560106 7605 9 100000
429221 7605 9 100000
551233 7605 9 100000
663247 7605 9 100000
528286 7605 9 100000
593401 7605 9 100000
504146 7605 9 100000
516600 7605 9 100000
539504 7605 9 100000
531504 7605 9 100000
455917 7605 9 100000
486228 7605 9 100000
395381 7605 9 100000
499324 7605 9 100000
499252 7605 9 100000
445130 7605 9 100000
498758 7605 9 100000
637493 7605 9 100000
805153 7605 9 100000
687998 7605 9 100000
578476 7605 9 100000
543687 7605 9 100000
415191 7605 9 100000
524593 7605 9 100000
604491 7605 9 100000
680465 7605 9 100000
511928 7605 9 100000
770163 7605 9 100000
487018 7605 9 100000
802529 7605 9 100000
758301 7605 9 100000
492658 7605 9 100000
842383 7605 9 100000
588771 7605 9 100000
534107 7605 9 100000
611298 7605 9 100000
633748 7605 9 100000
486494 7605 9 100000
609867 7605 9 100000
459515 7605 9 100000
527205 7605 9 100000
520813 7605 9 100000
456458 7605 9 100000
629310 7605 9 100000
588136 7605 9 100000
484386 7605 9 100000
533900 7605 9 100000
421760 7605 9 100000
761119 7605 9 100000
797234 7605 9 100000
484468 7605 9 100000
432651 7605 9 100000
713075 7605 9 100000
721340 7605 9 100000
620324 7605 9 100000
434065 7605 9 100000
825353 7605 9 100000
482745 7605 9 100000
630943 7605 9 100000
544218 7605 9 100000
423700 7605 9 100000
650402 7605 9 100000
539680 7605 9 100000
514616 7605 9 100000
581542 7605 9 100000
346666 7605 9 100000
607047 7605 9 100000
448149 7605 9 100000
416143 7605 9 100000
531581 7605 9 100000
449537 7605 9 100000
577484 7605 9 100000
639545 7605 9 100000
692365 7605 9 100000
689498 7605 9 100000
745704 7605 9 100000
541263 7605 9 100000
485522 7605 9 100000
421484 7605 9 100000
687296 7605 9 100000
1222027 7605 9 100000
577487 7605 9 100000
573307 7605 9 100000
518021 7605 9 100000
558682 7605 9 100000
586098 7605 9 100000
829938 7605 9 100000
460531 7605 9 100000
418054 7605 9 100000
479885 7605 9 100000
459955 7605 9 100000
538043 7605 9 100000
620611 7605 9 100000
466675 7605 9 100000
667784 7605 9 100000
562948 7605 9 100000
669935 7605 9 100000
507051 7605 9 100000
424752 7605 9 100000
466838 7605 9 100000
1085956 7605 9 100000
712914 7605 9 100000
661843 7605 9 100000
471270 7605 9 100000
416635 7605 9 100000
508462 7605 9 100000
612105 7605 9 100000
416291 7605 9 100000
418178 7605 9 100000
554706 7605 9 100000
