580036 7605 9 100000
832081 7605 9 100000
577059 7605 9 100000
531387 7605 9 100000
432892 7605 9 100000
665982 7605 9 100000
474487 7605 9 100000
570806 7605 9 100000
510959 7605 9 100000
427927 7605 9 100000
424444 7605 9 100000
608751 7605 9 100000
453365 7605 9 100000
439305 7605 9 100000
543553 7605 9 100000
527639 7605 9 100000
404223 7605 9 100000
483232 7605 9 100000
408741 7605 9 100000
400977 7605 9 100000
487557 7605 9 100000
706932 7605 9 100000
473825 7605 9 100000
450919 7605 9 100000
621798 7605 9 100000
438973 7605 9 100000
659317 7605 9 100000
454445 7605 9 100000
427441 7605 9 100000
688501 7605 9 100000
689319 7605 9 100000
404218 7605 9 100000
427324 7605 9 100000
509604 7605 9 100000
568169 7605 9 100000
785687 7605 9 100000
790220 7605 9 100000
552539 7605 9 100000
519034 7605 9 100000
585303 7605 9 100000
546217 7605 9 100000
454072 7605 9 100000
447463 7605 9 100000
484203 7605 9 100000
465829 7605 9 100000
490216 7605 9 100000
478447 7605 9 100000
524129 7605 9 100000
457175 7605 9 100000
507616 7605 9 100000
707636 7605 9 100000
812098 7605 9 100000
487603 7605 9 100000
567830 7605 9 100000
832154 7605 9 100000
480853 7605 9 100000
482652 7605 9 100000
559691 7605 9 100000
659038 7605 9 100000
600186 7605 9 100000
681837 7605 9 100000
611283 7605 9 100000
696511 7605 9 100000
488609 7605 9 100000
435588 7605 9 100000
900503 7605 9 100000
402702 7605 9 100000
501139 7605 9 100000
500081 7605 9 100000
673455 7605 9 100000
505754 7605 9 100000
402883 7605 9 100000
533186 7605 9 100000
617305 7605 9 100000
508998 7605 9 100000
465886 7605 9 100000
770476 7605 9 100000
493131 7605 9 100000
994039 7605 9 100000
387513 7605 9 100000
683950 7605 9 100000
460792 7605 9 100000
476165 7605 9 100000
488942 7605 9 100000
750953 7605 9 100000
726076 7605 9 100000
492306 7605 9 100000
570971 7605 9 100000
407037 7605 9 100000
634823 7605 9 100000
675196 7605 9 100000
729385 7605 9 100000
534090 7605 9 100000
721197 7605 9 100000
469366 7605 9 100000
653098 7605 9 100000
488594 7605 9 100000
649399 7605 9 100000
424966 7605 9 100000
423168 7605 9 100000
556085 7605 9 100000
562738 7605 9 100000
677664 7605 9 100000
459617 7605 9 100000
595945 7605 9 100000
514285 7605 9 100000
423368 7605 9 100000
383398 7605 9 100000
711816 7605 9 100000
541771 7605 9 100000
602721 7605 9 100000
716572 7605 9 100000
558199 7605 9 100000
664133 7605 9 100000
608587 7605 9 100000
705456 7605 9 100000
741565 7605 9 100000
452988 7605 9 100000
466542 7605 9 100000
516753 7605 9 100000
573403 7605 9 100000
435588 7605 9 100000
473318 7605 9 100000
847697 7605 9 100000
730958 7605 9 100000
819010 7605 9 100000
487993 7605 9 100000
563402 7605 9 100000
613244 7605 9 100000
942225 7605 9 100000
556923 7605 9 100000
668758 7605 9 100000
440791 7605 9 100000
486706 7605 9 100000
592639 7605 9 100000
690063 7605 9 100000
776053 7605 9 100000
551886 7605 9 100000
735874 7605 9 100000
795636 7605 9 100000
588719 7605 9 100000
801957 7605 9 100000
517500 7605 9 100000
638640 7605 9 100000
530106 7605 9 100000
427591 7605 9 100000
984757 7605 9 100000
689477 7605 9 100000
538641 7605 9 100000
538028 7605 9 100000
724885 7605 9 100000
572289 7605 9 100000
836037 7605 9 100000
720247 7605 9 100000
435154 7605 9 100000
457923 7605 9 100000
549530 7605 9 100000
512665 7605 9 100000
625833 7605 9 100000
568267 7605 9 100000
423700 7605 9 100000
788629 7605 9 100000
709632 7605 9 100000
469658 7605 9 100000
531467 7605 9 100000
549373 7605 9 100000
777832 7605 9 100000
734416 7605 9 100000
488190 7605 9 100000
582380 7605 9 100000
619377 7605 9 100000
625567 7605 9 100000
449887 7605 9 100000
465669 7605 9 100000
500444 7605 9 100000
714995 7605 9 100000
475422 7605 9 100000
480660 7605 9 100000
781592 7605 9 100000
543466 7605 9 100000
533503 7605 9 100000
594671 7605 9 100000
449400 7605 9 100000
571968 7605 9 100000
563314 7605 9 100000
580886 7605 9 100000
543909 7605 9 100000
439026 7605 9 100000
533463 7605 9 100000
554590 7605 9 100000
491048 7605 9 100000
462776 7605 9 100000
485859 7605 9 100000
518272 7605 9 100000
594822 7605 9 100000
536613 7605 9 100000
512400 7605 9 100000
436630 7605 9 100000
513847 7605 9 100000
474832 7605 9 100000
643973 7605 9 100000
641922 7605 9 100000
590087 7605 9 100000
706896 7605 9 100000
510627 7605 9 100000
700032 7605 9 100000
489661 7605 9 100000
709638 7605 9 100000
500294 7605 9 100000
466014 7605 9 100000
726153 7605 9 100000
424223 7605 9 100000
558495 7605 9 100000
624640 7605 9 100000
483373 7605 9 100000
514658 7605 9 100000
479329 7605 9 100000
725542 7605 9 100000
653503 7605 9 100000
525076 7605 9 100000
655381 7605 9 100000
594727 7605 9 100000
621351 7605 9 100000
675075 7605 9 100000
970196 7605 9 100000
529284 7605 9 100000
500576 7605 9 100000
763106 7605 9 100000
404931 7605 9 100000
490051 7605 9 100000
431105 7605 9 100000
458100 7605 9 100000
607764 7605 9 100000
516477 7605 9 100000
779949 7605 9 100000
718859 7605 9 100000
537747 7605 9 100000
475680 7605 9 100000
658256 7605 9 100000
555162 7605 9 100000
494991 7605 9 100000
643410 7605 9 100000
644060 7605 9 100000
631041 7605 9 100000
599370 7605 9 100000
473019 7605 9 100000
565954 7605 9 100000
466646 7605 9 100000
464899 7605 9 100000
481743 7605 9 100000
